,time,species_0,species_1,species_2,species_3,species_4,species_5,species_6,species_7,species_8,species_9,ground_truth,timeseries_id,noise,n_species,did,n_timeseries,n_timepoints,sampling_scheme
0,0.0,0.04,0.05,0.01,0.02,0.02,0.07,0.01,0.09,0.07,0.03,10_sp_aij_5,36656,0.1,10,9152,31,30,even
1,0.9090909090909092,0.0429514225558044,0.1193410699307931,0.0104884768794247,0.0367343189349633,0.0542902439793082,0.0746459351022735,0.0141144312890578,0.0823378162215097,0.0895610008529001,0.0385198264390676,10_sp_aij_5,36656,0.1,10,9152,31,30,even
2,1.8181818181818183,0.0591438119840665,0.2033256935250767,0.0111427524302743,0.0652181924457792,0.1010268897044055,0.1002573173633348,0.0229658214202919,0.0962925756263736,0.1172686573100143,0.0618852346352407,10_sp_aij_5,36656,0.1,10,9152,31,30,even
3,3.0303030303030303,0.0779111878452648,0.4184713427253064,0.0080785234219,0.154808145970519,0.2304889095854985,0.1225739827694871,0.0430691648732822,0.0903943381870036,0.1337609168004039,0.1516068005060345,10_sp_aij_5,36656,0.1,10,9152,31,30,even
4,3.939393939393939,0.099275981801446,0.4617836353080349,0.008443865534724,0.1787398255504413,0.3493940358153651,0.1082900036906209,0.0514578953585827,0.1154444176042907,0.1670579065840061,0.2830805405700999,10_sp_aij_5,36656,0.1,10,9152,31,30,even
5,5.151515151515151,0.092757101383776,0.4639947335205854,0.0150225879494019,0.2504395123198545,0.6141211374261625,0.1642820276206619,0.0507060160710602,0.1022062142169073,0.2423552570567472,0.4815468554611589,10_sp_aij_5,36656,0.1,10,9152,31,30,even
6,6.0606060606060606,0.0884122058080035,0.5627002175085783,0.030275908717146,0.3121542663881507,0.6801593521414873,0.1698741320807874,0.0551693628284202,0.1171854412473299,0.3160244088727345,0.736273457983631,10_sp_aij_5,36656,0.1,10,9152,31,30,even
7,6.96969696969697,0.0885450082033329,0.4028984515467663,0.0605805732981448,0.3022576945804585,0.6837047791621645,0.1197643413167716,0.0511032979633358,0.0968116035764223,0.2703825886525294,0.5864618164874439,10_sp_aij_5,36656,0.1,10,9152,31,30,even
8,8.181818181818182,0.0799643212184002,0.50253188347043,0.1599665148055652,0.2848784499690094,0.6286471228058584,0.1153790501372091,0.0613427599263638,0.1326646836352105,0.3329490073151291,0.61136222929312,10_sp_aij_5,36656,0.1,10,9152,31,30,even
9,9.090909090909092,0.0442108253077844,0.4918101402193843,0.2071856511612684,0.2866903494426969,0.6982693995025231,0.1060834471560662,0.0528393979657382,0.1591075981918011,0.3297419394522845,0.5429512980644433,10_sp_aij_5,36656,0.1,10,9152,31,30,even
10,10.303030303030305,0.0383918073667455,0.5282196627456593,0.2396281225692826,0.3090980859327922,0.7254307957390983,0.0757140079626636,0.089457145716791,0.217069212175313,0.3572992919045317,0.4750717680904956,10_sp_aij_5,36656,0.1,10,9152,31,30,even
11,11.212121212121213,0.0302298021330847,0.4316790355162555,0.2688672699074214,0.2675639149418076,0.8274267392838337,0.0680528485865326,0.0950136350961077,0.2077964759429114,0.3538546315961048,0.5813339274569184,10_sp_aij_5,36656,0.1,10,9152,31,30,even
12,12.12121212121212,0.0313592047455706,0.4986470104671371,0.3421224966152013,0.3917630624800435,0.8862467365516403,0.0763663769441026,0.1410429190874303,0.2603717455684484,0.3387028507029552,0.6898146834493142,10_sp_aij_5,36656,0.1,10,9152,31,30,even
13,13.333333333333334,0.0253586700488761,0.4750373605255157,0.4637764328342166,0.3721853689055467,0.6860485636878224,0.0729520054947046,0.1878854851689922,0.3466524290834759,0.5303690738841432,0.6410472022179193,10_sp_aij_5,36656,0.1,10,9152,31,30,even
14,14.242424242424242,0.0287784889623411,0.4794972102472357,0.3043126412059468,0.3929335192606046,0.8920020613725503,0.0575206292249928,0.226132365444927,0.3238658154477467,0.4679215568368361,0.6424100544807315,10_sp_aij_5,36656,0.1,10,9152,31,30,even
15,15.454545454545457,0.0222978981182492,0.4524810966241899,0.2798437914582791,0.3104730294143734,0.8265433515855696,0.0485797572379761,0.18117763097569,0.2966051398102983,0.517415393784244,0.7851611888843657,10_sp_aij_5,36656,0.1,10,9152,31,30,even
16,16.363636363636363,0.0264466885549885,0.3892522684492872,0.3717215031510743,0.3702721370373224,0.8961301361572451,0.0399887241667704,0.1413260599742911,0.3509426627775535,0.5096064658479527,0.7026689985475676,10_sp_aij_5,36656,0.1,10,9152,31,30,even
17,17.575757575757578,0.0328426827783705,0.6643760698726832,0.3205237746740263,0.3409048624506517,0.8435791858997265,0.0383993373159447,0.2225005036497983,0.3261887022421526,0.4977705275205278,0.7313248968147992,10_sp_aij_5,36656,0.1,10,9152,31,30,even
18,18.484848484848484,0.0281707867245352,0.632632311669917,0.3297236565439776,0.4091575419811106,0.8651714938616627,0.0407678412965272,0.2107835761027319,0.3137199052723741,0.5019100428137615,0.639544903769039,10_sp_aij_5,36656,0.1,10,9152,31,30,even
19,19.393939393939394,0.032139007708584,0.4939287078777441,0.3574162227719332,0.3644316962768071,1.0032168537502044,0.0376224607293696,0.2234058119659029,0.2987100236202968,0.5273905510465005,0.5570349029962209,10_sp_aij_5,36656,0.1,10,9152,31,30,even
20,20.60606060606061,0.0298872049295329,0.5435613432910682,0.3380074284111132,0.374556871683693,0.9494794397192116,0.0371449581081899,0.2553739954033246,0.2630430556377572,0.4741437781571946,0.7702519923497807,10_sp_aij_5,36656,0.1,10,9152,31,30,even
21,21.51515151515152,0.0360669493060231,0.4751858205338846,0.350187630640439,0.3394810613025192,0.934181930844196,0.0356092362946309,0.1969558093947382,0.2471792921320678,0.5196596997879492,0.5702071208670978,10_sp_aij_5,36656,0.1,10,9152,31,30,even
22,22.727272727272727,0.0347625473835906,0.5730316676673062,0.375561156136066,0.3251024305007186,0.7478458715156038,0.0222472933907573,0.1956321225396471,0.2703126565867766,0.4402209257277303,0.6629103129178261,10_sp_aij_5,36656,0.1,10,9152,31,30,even
23,23.63636363636364,0.0287685695035275,0.6389814368419561,0.3711542598804189,0.4388343371147153,0.925310132274872,0.0184094658530056,0.1974946198522184,0.3326416122134612,0.4407187659604752,0.7021361188931818,10_sp_aij_5,36656,0.1,10,9152,31,30,even
24,24.545454545454547,0.0283865641205477,0.4636642316768763,0.3837184699309293,0.302016227078476,0.9453829873978458,0.0220437816248105,0.2073436502993082,0.2627041675692282,0.5085837020329034,0.6827446402818409,10_sp_aij_5,36656,0.1,10,9152,31,30,even
25,25.75757575757576,0.0397705332490369,0.4252716516390194,0.3570928954863159,0.3848658719115741,0.798562905311628,0.0177176720134323,0.1553978494824422,0.2797558856912994,0.5002204810976213,0.8001370273909111,10_sp_aij_5,36656,0.1,10,9152,31,30,even
26,26.666666666666668,0.0374797477053537,0.4616596409279363,0.3603369851914846,0.3612566641667811,1.1376254630351843,0.0181938551157938,0.1792235752954041,0.2804684225727018,0.4645562063691034,0.7185893612562787,10_sp_aij_5,36656,0.1,10,9152,31,30,even
27,27.87878787878788,0.0342562462747687,0.4372799259565494,0.4051661565415494,0.4442447872531785,0.7885057051262635,0.0225565080573203,0.2204376906727264,0.2542701773568976,0.4521351270558356,0.6420547410975476,10_sp_aij_5,36656,0.1,10,9152,31,30,even
28,28.78787878787879,0.0279091336189959,0.4995759686087593,0.3002931723870519,0.3683618711690066,0.8061010412011883,0.023816731415708,0.2037802367174045,0.3207008411240732,0.4244640739589426,0.8495877833062844,10_sp_aij_5,36656,0.1,10,9152,31,30,even
29,30.0,0.0205063718037279,0.4140254483520769,0.320564322680288,0.4167037345169782,0.7331834471110176,0.029559776444408,0.1623163322419872,0.2882669662966708,0.4625295064104052,0.5590189730097718,10_sp_aij_5,36656,0.1,10,9152,31,30,even
30,0.0,0.07,0.09,0.06,0.08,0.05,0.07,0.01,0.02,0.03,0.06,10_sp_aij_5,41300,0.1,10,9152,31,30,even
31,0.9090909090909092,0.0948747396226264,0.1684925452481298,0.0628196359354597,0.149885520125285,0.0922898380916101,0.0979260286308051,0.0169292838657313,0.0274984695936161,0.0433203724958949,0.1038490064691577,10_sp_aij_5,41300,0.1,10,9152,31,30,even
32,1.8181818181818183,0.0949919653023862,0.2822933094204579,0.0655990642899256,0.1803058195539833,0.1814216747084458,0.10225326976971,0.0289456244340315,0.0315922339095561,0.0555010762299559,0.2015917563084252,10_sp_aij_5,41300,0.1,10,9152,31,30,even
33,3.0303030303030303,0.0744131141587744,0.3020494794819573,0.0752833444515698,0.1791714491515641,0.2967278141826686,0.1508673260540555,0.0435588096089957,0.0473852211789204,0.1013587823078049,0.3216551662000653,10_sp_aij_5,41300,0.1,10,9152,31,30,even
34,3.939393939393939,0.0968011234494336,0.4921647996228313,0.0932119718989884,0.2531313870816776,0.5099405105298198,0.114856385862244,0.0388562908759721,0.0600887611335983,0.226323066430255,0.3215092657665952,10_sp_aij_5,41300,0.1,10,9152,31,30,even
35,5.151515151515151,0.0772253162211363,0.4768436923825,0.1290777961263539,0.2616431250628905,0.6997827781071694,0.1037040494401801,0.046165043399089,0.0977132877849733,0.2820940998929788,0.5190415584567375,10_sp_aij_5,41300,0.1,10,9152,31,30,even
36,6.0606060606060606,0.0776365439321905,0.5180792954170362,0.190749273271644,0.274950233895309,0.7409121711576111,0.0932878618640131,0.0462915076553755,0.1246855248297041,0.3221846878640646,0.5699783422092667,10_sp_aij_5,41300,0.1,10,9152,31,30,even
37,6.96969696969697,0.0809741996433331,0.4854676465449037,0.2221330297673423,0.4025760904349671,0.8805861542992308,0.0774692618522432,0.0558070200845121,0.1804928763555654,0.3781992960644385,0.6306537053153836,10_sp_aij_5,41300,0.1,10,9152,31,30,even
38,8.181818181818182,0.0776144501903212,0.5196659757367473,0.3296745434671651,0.3276971008728913,0.70173931772597,0.0731266086850228,0.0691408779310374,0.2316699561539644,0.3913724538455888,0.6417980092221088,10_sp_aij_5,41300,0.1,10,9152,31,30,even
39,9.090909090909092,0.0772330180990464,0.5110987068683917,0.2597508341222438,0.3587601893380067,0.7288823389894953,0.0618763266916745,0.098334810424771,0.2669632079350479,0.3583809137008422,0.7017364195113831,10_sp_aij_5,41300,0.1,10,9152,31,30,even
40,10.303030303030305,0.0967928925930027,0.5630882377966805,0.3140249379047999,0.3791336542506673,0.6929413824071277,0.0797182512355481,0.099173684304929,0.2723397273749137,0.3438956105352904,0.5554411026155411,10_sp_aij_5,41300,0.1,10,9152,31,30,even
41,11.212121212121213,0.0904019259238975,0.4893734665243642,0.3764271881360929,0.3398713182544057,0.8600749726073834,0.0674725148076344,0.1280041603957233,0.2609138494312744,0.4371784735444472,0.6759296750343438,10_sp_aij_5,41300,0.1,10,9152,31,30,even
42,12.12121212121212,0.1238064987610977,0.4723841260566759,0.4376781518575077,0.3770873563966129,0.8398055654289933,0.080571868391761,0.1161500932092069,0.3443035775168067,0.3872434411553822,0.7957469684476648,10_sp_aij_5,41300,0.1,10,9152,31,30,even
43,13.333333333333334,0.0973809959625362,0.5189421052141152,0.420150423293899,0.3151804052422483,0.9045863122987804,0.0763536504106046,0.1200840297317494,0.3204585547016997,0.3663247428936751,0.6979503975580736,10_sp_aij_5,41300,0.1,10,9152,31,30,even
44,14.242424242424242,0.1072867166467723,0.5128933364035504,0.3667501477448076,0.3094601409061231,0.7925705364857993,0.0598629129311207,0.1345531322023577,0.2480029777035861,0.4118499492626887,0.6890068954979719,10_sp_aij_5,41300,0.1,10,9152,31,30,even
45,15.454545454545457,0.1145891337308619,0.5258345493416654,0.46955629548593,0.3903114352081315,1.1478336588346167,0.0733393811161473,0.137793978592565,0.3077080796317182,0.6237890452394608,0.6826291892771885,10_sp_aij_5,41300,0.1,10,9152,31,30,even
46,16.363636363636363,0.1259160810988861,0.5831152376969175,0.441491549341781,0.3838926991941175,1.107272228520258,0.0464101579267851,0.1560864160000275,0.3593272482670848,0.497199944590804,0.9029984215643796,10_sp_aij_5,41300,0.1,10,9152,31,30,even
47,17.575757575757578,0.0994214846449408,0.5854669132921904,0.3730956427570156,0.4074774317159862,0.8241969785776825,0.0326722436222755,0.2343954251701408,0.3762276686765182,0.4290173674158697,0.6796154890753188,10_sp_aij_5,41300,0.1,10,9152,31,30,even
48,18.484848484848484,0.0812227000554629,0.4303816956695289,0.3910070051440714,0.3720364176536574,0.6700417589762264,0.0317811042574945,0.1844724880817041,0.3434633661103601,0.5579139493340824,0.7014676854074249,10_sp_aij_5,41300,0.1,10,9152,31,30,even
49,19.393939393939394,0.0868866277397009,0.5093468091030762,0.3147732265990287,0.3701278925009005,0.765196808673902,0.0223434695082422,0.1803324452542611,0.387213973623269,0.4793909085916424,0.5935338587822004,10_sp_aij_5,41300,0.1,10,9152,31,30,even
50,20.60606060606061,0.0900707120633981,0.6022572261445005,0.3548318138507867,0.4427011460441821,1.0015555960166962,0.0224683090325776,0.2370997486991331,0.2719640138925843,0.5010590208534251,0.6909294741291743,10_sp_aij_5,41300,0.1,10,9152,31,30,even
51,21.51515151515152,0.0652331933941622,0.4525628534677333,0.3382072869736078,0.3092761422457096,0.7728402266130386,0.0181629650017329,0.2421031821187724,0.2366042237371916,0.4457573228303012,0.632873131142623,10_sp_aij_5,41300,0.1,10,9152,31,30,even
52,22.727272727272727,0.0547530657660044,0.5592878740469454,0.3445430594505675,0.4371294397753906,0.9935628236280664,0.0177796623419849,0.1966552233370685,0.3113914790124508,0.4405975849051808,0.8430783708444947,10_sp_aij_5,41300,0.1,10,9152,31,30,even
53,23.63636363636364,0.0623020835801033,0.5567137922174765,0.3886171710100715,0.3920614691852958,1.117686887384971,0.0163953649681952,0.1801274549565067,0.3579413541404723,0.6194174122462862,0.7487696640129903,10_sp_aij_5,41300,0.1,10,9152,31,30,even
54,24.545454545454547,0.0719721643841892,0.6071446666260052,0.402284009175864,0.4194195098582767,1.2056997780296392,0.0110072887649199,0.2167957424665718,0.2799222454681978,0.5686065106924609,0.7688583035648693,10_sp_aij_5,41300,0.1,10,9152,31,30,even
55,25.75757575757576,0.0657551994636581,0.4109067505561243,0.3771440811590711,0.3352912321759888,0.9154504552707682,0.0099782754747699,0.1748268452729202,0.3475097867005878,0.4173658573833816,0.6059941430115134,10_sp_aij_5,41300,0.1,10,9152,31,30,even
56,26.666666666666668,0.0549800010666899,0.4386254770445393,0.3313749977939691,0.4608067168143085,0.8239097682229151,0.0094622791561636,0.2036778035959554,0.2565153400038436,0.4660315572140958,0.7085929719577018,10_sp_aij_5,41300,0.1,10,9152,31,30,even
57,27.87878787878788,0.0487811926895453,0.4817201229267941,0.3647385446954676,0.3996819190563371,0.697942899913655,0.0098943024892056,0.1847100774518863,0.2594699065011671,0.4660085653928608,0.4913921691770814,10_sp_aij_5,41300,0.1,10,9152,31,30,even
58,28.78787878787879,0.0504976699704354,0.469670140472282,0.2812821349494377,0.3237229436565529,0.7560216330153101,0.0139929755291735,0.1997602701960746,0.278893420478726,0.4353482901539732,0.5280425710975506,10_sp_aij_5,41300,0.1,10,9152,31,30,even
59,30.0,0.0531734098316928,0.4239515316423326,0.3474273760317244,0.3574623029084897,0.7736467045875214,0.0130805181678182,0.2064280948434185,0.3572729698469759,0.3629003282312551,0.6856908302757823,10_sp_aij_5,41300,0.1,10,9152,31,30,even
60,0.0,0.06,0.09,0.02,0.06,0.03,0.03,0.04,0.03,0.02,0.03,10_sp_aij_5,416304,0.1,10,9152,31,30,even
61,0.9090909090909092,0.0543756600742138,0.1295454476815178,0.0305055713577707,0.0943942558989872,0.0452562999355294,0.0490372904340502,0.0568415487783972,0.0330430691381096,0.024967653894941,0.0299490153371082,10_sp_aij_5,416304,0.1,10,9152,31,30,even
62,1.8181818181818183,0.0728931793912155,0.2135445676030512,0.0256648530130005,0.2044259657869783,0.0477465088189381,0.0732421976194277,0.0873362660364182,0.038459237945035,0.0378329383073499,0.0594453600841999,10_sp_aij_5,416304,0.1,10,9152,31,30,even
63,3.0303030303030303,0.0884077047303514,0.2681482315802549,0.0357219588846967,0.2438773612509948,0.1104169483746919,0.1578295488505507,0.1314176338025334,0.0422618188152094,0.0781534410320397,0.1872609743757402,10_sp_aij_5,416304,0.1,10,9152,31,30,even
64,3.939393939393939,0.0794724623517661,0.3296760089841473,0.0336491167073815,0.2432994842656327,0.1861780463069919,0.1666109665452658,0.1383936929997253,0.0478279596877712,0.1236481473611623,0.2708394470091597,10_sp_aij_5,416304,0.1,10,9152,31,30,even
65,5.151515151515151,0.0861216017246889,0.4268631220495651,0.0317281973332373,0.2311707153028896,0.3666557548059928,0.2464252951236701,0.1108499045076768,0.0773541960246879,0.1341220494288878,0.4292816719144793,10_sp_aij_5,416304,0.1,10,9152,31,30,even
66,6.0606060606060606,0.0732288372476464,0.5017358573932656,0.0415063573595615,0.235089324992122,0.5205540174608166,0.1919742089728996,0.0825436173302081,0.0710741410564508,0.1473614238373855,0.4813595518688506,10_sp_aij_5,416304,0.1,10,9152,31,30,even
67,6.96969696969697,0.0659875401804842,0.5653327553695715,0.0637789772523915,0.2523582882532978,0.5330375920772896,0.2277713161399423,0.0734245691864855,0.1154813092194574,0.2446051661919866,0.4072087998684312,10_sp_aij_5,416304,0.1,10,9152,31,30,even
68,8.181818181818182,0.0683560636705317,0.607996059544753,0.0929584185421106,0.2644657387478916,0.6895038290475437,0.1974308706943381,0.0888662017506977,0.166719745205859,0.3322124730138943,0.6562868067347147,10_sp_aij_5,416304,0.1,10,9152,31,30,even
69,9.090909090909092,0.0653073740806195,0.5966721339912341,0.137045248287568,0.3124831112767308,0.9032472919134464,0.1248075164160278,0.0860894255044762,0.1439788335752612,0.4212321338126044,0.6942347398464411,10_sp_aij_5,416304,0.1,10,9152,31,30,even
70,10.303030303030305,0.0701751316646014,0.5682930263990876,0.1783896244920465,0.3194016168169696,0.7452599460618111,0.0906117580625119,0.0758224941120772,0.1929032356951618,0.436613154727292,0.6808853462410803,10_sp_aij_5,416304,0.1,10,9152,31,30,even
71,11.212121212121213,0.057133142672112,0.4919080515342386,0.1795594873419247,0.2901678123772791,0.8114829589859469,0.066638155460751,0.0589583318678105,0.2343869746336399,0.444272433400499,0.6453235530532072,10_sp_aij_5,416304,0.1,10,9152,31,30,even
72,12.12121212121212,0.0607810224416105,0.5166153488500487,0.2999654484013838,0.309950093014725,0.8868953258086085,0.0551444062897016,0.0686696763877526,0.2081012246221534,0.4968921694134476,0.6711492264806063,10_sp_aij_5,416304,0.1,10,9152,31,30,even
73,13.333333333333334,0.0723873246229295,0.4607387303286141,0.3941801644730122,0.4062812754846114,0.9064381976792628,0.0315231184309629,0.0908853364956157,0.3012028132674027,0.4736109632712091,0.6611737563356344,10_sp_aij_5,416304,0.1,10,9152,31,30,even
74,14.242424242424242,0.0720511103668564,0.5050588521794208,0.4564303622706763,0.3742727892100256,0.8663343710739007,0.0242363457085601,0.1267704802356145,0.2976466747920836,0.4862880641366242,0.622543030626707,10_sp_aij_5,416304,0.1,10,9152,31,30,even
75,15.454545454545457,0.0580850352448766,0.4960230959070733,0.3346793484183039,0.3803003316733612,0.792578942079667,0.0160889256119323,0.1175534714967257,0.3497712492079681,0.4062049664606259,0.7706486603264121,10_sp_aij_5,416304,0.1,10,9152,31,30,even
76,16.363636363636363,0.0632293709551443,0.4547703597060376,0.3342884903985111,0.2916917890980293,1.0887223037732154,0.0144590111450903,0.0957101686212895,0.297634708765727,0.4930303861994871,0.5812574088720142,10_sp_aij_5,416304,0.1,10,9152,31,30,even
77,17.575757575757578,0.0725339074677492,0.4969299479122816,0.4198957914781021,0.3700436623532103,0.885757622289296,0.010458113886841,0.1393420085401289,0.3538849807432872,0.4764060323108225,0.690159686744105,10_sp_aij_5,416304,0.1,10,9152,31,30,even
78,18.484848484848484,0.0794360327619885,0.4174345655545486,0.3494223045189056,0.3438488153618797,0.8517564275837001,0.0107999465542249,0.2019191702511795,0.3491903278789072,0.4470331478990399,0.480283748895506,10_sp_aij_5,416304,0.1,10,9152,31,30,even
79,19.393939393939394,0.0994278393304143,0.5667820730747373,0.3870142140504732,0.4344206675564527,1.0972455800044856,0.0072499430901457,0.1703684198778604,0.2648510622448172,0.4641432982037589,0.582063161750734,10_sp_aij_5,416304,0.1,10,9152,31,30,even
80,20.60606060606061,0.0781200233930712,0.6108234361376986,0.3129470562166045,0.3985187572508751,1.0221786108755508,0.00633861004287,0.1394433906149054,0.3248635187720177,0.4400112833988143,0.7108410275989158,10_sp_aij_5,416304,0.1,10,9152,31,30,even
81,21.51515151515152,0.0648346148889508,0.4527886668202606,0.4192912182601181,0.3460015632900062,0.98845410524583,0.0063673642499297,0.1380546780738847,0.3018288850919449,0.505452700901217,0.6106691444556995,10_sp_aij_5,416304,0.1,10,9152,31,30,even
82,22.727272727272727,0.0873471759189036,0.6281149487172254,0.3464567666984239,0.3402831084113361,0.9180983603782388,0.0051960744977185,0.1805671136690418,0.3285764862480083,0.4717199092585668,0.5916792470632937,10_sp_aij_5,416304,0.1,10,9152,31,30,even
83,23.63636363636364,0.0921044515192153,0.4864099637058621,0.5173705405520809,0.5684037872382424,1.0070214436602796,0.0043770229800108,0.1456864454349161,0.2863902195298122,0.4612970117637062,0.6619639484113896,10_sp_aij_5,416304,0.1,10,9152,31,30,even
84,24.545454545454547,0.101527113671697,0.4312572025500773,0.4881801339511851,0.3603819185246034,0.7886803391710413,0.0040219442006731,0.2538870957975149,0.3555797985281321,0.5575456096133212,0.6789283696094948,10_sp_aij_5,416304,0.1,10,9152,31,30,even
85,25.75757575757576,0.0906365148124035,0.4374830084634857,0.3650668066745762,0.5418635552317459,0.98196921557572,0.0039203989983457,0.3085453234371721,0.3321362762264275,0.506344514218489,0.6155207972043044,10_sp_aij_5,416304,0.1,10,9152,31,30,even
86,26.666666666666668,0.0955675928134857,0.4277771747234107,0.406250573958012,0.3719129760857988,0.7274028534154987,0.0033217506702161,0.2267474471433189,0.2625766857331197,0.4491376588558932,0.7703954953625642,10_sp_aij_5,416304,0.1,10,9152,31,30,even
87,27.87878787878788,0.0609805470544477,0.4540960709952272,0.4619200425079513,0.4684567579493169,0.6924069277791525,0.0049867642499535,0.237077510526322,0.348973910649368,0.4907849001148482,0.5254869179785577,10_sp_aij_5,416304,0.1,10,9152,31,30,even
88,28.78787878787879,0.0672922783501299,0.5416881148861191,0.3707186621504609,0.4016797181174651,0.8898230885043006,0.0048722218326538,0.1808707064308776,0.2957728107125107,0.5356229724152002,0.6693713820671455,10_sp_aij_5,416304,0.1,10,9152,31,30,even
89,30.0,0.0675528773574666,0.5272211387037659,0.4860160581088305,0.3768764066874479,0.9962257622596148,0.003385682782523,0.1349942170823574,0.3635847544928949,0.5358953620121161,0.7162600292691047,10_sp_aij_5,416304,0.1,10,9152,31,30,even
90,0.0,0.08,0.01,0.03,0.07,0.01,0.07,0.06,0.09,0.07,0.03,10_sp_aij_5,591973,0.1,10,9152,31,30,even
91,0.9090909090909092,0.0809113381081771,0.0323984824548066,0.0438792085100299,0.1098626945358878,0.0174866171754394,0.0839829390267896,0.0588803724319319,0.0899575444938023,0.0691564571526122,0.0421338898830453,10_sp_aij_5,591973,0.1,10,9152,31,30,even
92,1.8181818181818183,0.0804778575085766,0.0709635900096388,0.0542946685534645,0.1760362731643576,0.0356948359577643,0.1125336655028163,0.0846349540088099,0.0946991497047259,0.0809306635105415,0.0737226079166352,10_sp_aij_5,591973,0.1,10,9152,31,30,even
93,3.0303030303030303,0.0937061699138856,0.1940800228080753,0.076644428911344,0.2269329511155819,0.0582406549016423,0.1533588835133973,0.1487169217716328,0.1030368678683722,0.1196708403427278,0.1320820744466218,10_sp_aij_5,591973,0.1,10,9152,31,30,even
94,3.939393939393939,0.1080475458115572,0.3593993710671,0.0822950016261024,0.1891848561235622,0.1278598584490619,0.1531868466706566,0.1123391622726288,0.1052954641688187,0.146403919979511,0.2282504307665483,10_sp_aij_5,591973,0.1,10,9152,31,30,even
95,5.151515151515151,0.1548399843498728,0.3382567873999337,0.0978243894849494,0.2233583554310917,0.3954743335904771,0.1505202112557986,0.092497996221127,0.1064037457636761,0.1344317853871201,0.4898466620928898,10_sp_aij_5,591973,0.1,10,9152,31,30,even
96,6.0606060606060606,0.1124671425603503,0.424798534177492,0.1342406123095758,0.2975628141270293,0.4900727774468886,0.1699040495949084,0.084675966075071,0.1223584467715807,0.1424337633624694,0.4514308240691455,10_sp_aij_5,591973,0.1,10,9152,31,30,even
97,6.96969696969697,0.1209965440599621,0.4382578067946057,0.2364617971291563,0.3359517956761816,0.5790678216116473,0.1676388756067781,0.0890300571316491,0.1285791081072243,0.2246766169653366,0.3914022056103574,10_sp_aij_5,591973,0.1,10,9152,31,30,even
98,8.181818181818182,0.1271653259884804,0.5855098651598951,0.2809311014337857,0.3539805978076417,0.8237286630257992,0.1427355169852475,0.1163172235608297,0.1613286328462886,0.2694097366143686,0.7382663151407476,10_sp_aij_5,591973,0.1,10,9152,31,30,even
99,9.090909090909092,0.0962507671831353,0.5021685163602264,0.312124895221394,0.4612497369099697,0.7959525986529001,0.1707746653622062,0.0967397603320189,0.2215777041940552,0.3030725699208303,0.8386638667066002,10_sp_aij_5,591973,0.1,10,9152,31,30,even
100,10.303030303030305,0.0986238566982812,0.709142284153324,0.4065528021964132,0.3481284529640648,0.8867201449976937,0.1342306686253559,0.0971230010844357,0.239531284378106,0.3927954513622184,0.7363393749239978,10_sp_aij_5,591973,0.1,10,9152,31,30,even
101,11.212121212121213,0.1261010407966705,0.6239518598983409,0.2997939897691941,0.4110548174790923,0.907356207098263,0.125883929858397,0.0720804796401775,0.2718383597758581,0.560016023916722,0.7964454930684072,10_sp_aij_5,591973,0.1,10,9152,31,30,even
102,12.12121212121212,0.1281361418222128,0.6299041136337186,0.3650395258715395,0.4361737439026588,1.023472461528147,0.0870812236611681,0.073260533625621,0.320241407507266,0.5300417725958073,0.8544449669551725,10_sp_aij_5,591973,0.1,10,9152,31,30,even
103,13.333333333333334,0.1078277782157282,0.5235967009878923,0.4729699803563825,0.4785176545512136,0.9249521658718284,0.0505255179794495,0.0786044393589951,0.3200643337394209,0.4468414037278574,0.7659803425092423,10_sp_aij_5,591973,0.1,10,9152,31,30,even
104,14.242424242424242,0.078441689170945,0.47265514316199,0.5464428840595691,0.4933203596946677,0.9512528540048028,0.0389906723854146,0.1348256630943606,0.3464638791122658,0.4831324436596788,0.7687201190987778,10_sp_aij_5,591973,0.1,10,9152,31,30,even
105,15.454545454545457,0.0593258312384251,0.4833403353893298,0.4941875541473258,0.4012066081523596,1.0547916042469596,0.0269455140660566,0.2193248555417474,0.3865529336869275,0.5047891028232276,0.7596243216834642,10_sp_aij_5,591973,0.1,10,9152,31,30,even
106,16.363636363636363,0.0649141935488026,0.4405992524504152,0.5102529757898537,0.4070402635671278,0.8826769050960179,0.0202175136771526,0.2333034693561847,0.2996135642335329,0.4605761530559319,0.6828760049619889,10_sp_aij_5,591973,0.1,10,9152,31,30,even
107,17.575757575757578,0.0659115367388264,0.4755502623353181,0.3308850376403285,0.3639993351183856,0.7304278967727924,0.0206673486027504,0.1493235303759126,0.3987206018655593,0.4581545187560931,0.6688176326695587,10_sp_aij_5,591973,0.1,10,9152,31,30,even
108,18.484848484848484,0.0655239930272353,0.5712444476268381,0.2851188247859712,0.4014963287035454,0.9917189247579392,0.0205546744971949,0.185474443268623,0.3012275414291709,0.53581295333941,0.6661381724729906,10_sp_aij_5,591973,0.1,10,9152,31,30,even
109,19.393939393939394,0.056654455970409,0.5929143343453851,0.321332240943206,0.4277424942997763,1.0288414646255537,0.0211220312203842,0.2335607025313456,0.3116321541453242,0.4964414372022352,0.6335697102758917,10_sp_aij_5,591973,0.1,10,9152,31,30,even
110,20.60606060606061,0.0463206368977521,0.6568889822380214,0.3280466851209516,0.3332910871507324,0.8539941379459073,0.0234935068669639,0.2416033481556178,0.2869005139504266,0.4985166812052035,0.6824338927543986,10_sp_aij_5,591973,0.1,10,9152,31,30,even
111,21.51515151515152,0.0538440589823985,0.5476293074693074,0.2509597416648258,0.4867378500672962,1.135322908336404,0.021238698794674,0.2391430631507365,0.2711097294141495,0.6522083008856988,0.6807577313053205,10_sp_aij_5,591973,0.1,10,9152,31,30,even
112,22.727272727272727,0.0565509151281932,0.5535597681371741,0.3835077122043296,0.3565707843931256,1.1344420363252072,0.0199672023092433,0.172883824024056,0.2677564027859274,0.5578907144935916,0.7404114488219342,10_sp_aij_5,591973,0.1,10,9152,31,30,even
113,23.63636363636364,0.0432010032535625,0.4472270650980256,0.5017394707185118,0.3540257724202279,0.7754967147465534,0.0163500032243664,0.1514895000496709,0.3458368912853612,0.444815309830295,0.6706177782441799,10_sp_aij_5,591973,0.1,10,9152,31,30,even
114,24.545454545454547,0.0408574028004271,0.4857000796236961,0.3649356762379913,0.3292398966474673,0.7326082274659308,0.0154646296575844,0.1627554083415531,0.2851595675793786,0.5696712767597715,0.5532767695687375,10_sp_aij_5,591973,0.1,10,9152,31,30,even
115,25.75757575757576,0.0547123109214263,0.5375677448087035,0.2863496642868842,0.3874402597723213,0.8862546969633636,0.0114103473582035,0.1438586770547372,0.3935508311263783,0.5589016970193369,0.7654181754362753,10_sp_aij_5,591973,0.1,10,9152,31,30,even
116,26.666666666666668,0.066387213801992,0.5134571153946901,0.424609195101471,0.3884808423205518,0.8842240746508668,0.0110558262579781,0.1650650774186107,0.3807681183044893,0.4401762709020053,0.6668816606484779,10_sp_aij_5,591973,0.1,10,9152,31,30,even
117,27.87878787878788,0.0785953819733436,0.5488539007249851,0.326944105590324,0.2860431020333595,0.759907997199852,0.0127349258178623,0.2411704502785695,0.3339677907988713,0.4410482972935994,0.7238829230153785,10_sp_aij_5,591973,0.1,10,9152,31,30,even
118,28.78787878787879,0.0545999585941444,0.483817705190193,0.3402067654610189,0.3272922411413344,0.8536977075284342,0.0110668178285036,0.165232271283595,0.3035063880517678,0.4046616597851395,0.6464504085688102,10_sp_aij_5,591973,0.1,10,9152,31,30,even
119,30.0,0.0475039595745401,0.3859201835857223,0.3660235299361177,0.4504391329969386,0.8659700235903466,0.0108556092958334,0.226144314517587,0.2865072902616353,0.5198117704933679,0.6921260163708216,10_sp_aij_5,591973,0.1,10,9152,31,30,even
120,0.0,0.09,0.08,0.05,0.07,0.05,0.09,0.03,0.07,0.04,0.08,10_sp_aij_5,2091765,0.1,10,9152,31,30,even
121,0.9090909090909092,0.0917469509970392,0.1328081125900699,0.0662508952808599,0.1070425551291788,0.0914157954544381,0.0946552445031256,0.0406422335090549,0.0691078910350945,0.0440307603044538,0.130319407835528,10_sp_aij_5,2091765,0.1,10,9152,31,30,even
122,1.8181818181818183,0.0990103842414778,0.2374895595559354,0.1043698383246571,0.1752148193653855,0.1502785646507434,0.0999367326716048,0.0469665954887548,0.0977452744181186,0.0544760399372242,0.1976109568364726,10_sp_aij_5,2091765,0.1,10,9152,31,30,even
123,3.0303030303030303,0.0932497413890139,0.2646877077084478,0.1020004176882963,0.1795689270915575,0.349034218172861,0.1223164575255741,0.0743874024366337,0.115432831767194,0.1157536094166506,0.3692612458379988,10_sp_aij_5,2091765,0.1,10,9152,31,30,even
124,3.939393939393939,0.0993624368352496,0.3246525708366838,0.1346917155896357,0.2508692917043836,0.3727349378011828,0.1254164076772464,0.1009623690166974,0.1352146050799032,0.2075096973680252,0.3446593218888278,10_sp_aij_5,2091765,0.1,10,9152,31,30,even
125,5.151515151515151,0.0848004857475634,0.4071562651143247,0.1304521440665704,0.3083352967981271,0.6344406464162783,0.1373177329334853,0.0902600485208783,0.1598866483335672,0.299419360367956,0.5107506077601252,10_sp_aij_5,2091765,0.1,10,9152,31,30,even
126,6.0606060606060606,0.0882820375344833,0.5442693629149917,0.2534312130267206,0.473604262835841,1.0131343859880324,0.134998726606185,0.1154882759324992,0.263411065087313,0.3791933964745751,0.7005203820717256,10_sp_aij_5,2091765,0.1,10,9152,31,30,even
127,6.96969696969697,0.1061893106048827,0.6164092323662235,0.3768542090943383,0.4388591401341745,0.9036368107073404,0.0879780246524069,0.1327861517438279,0.3342996505041528,0.4625801011564052,0.6419549928732953,10_sp_aij_5,2091765,0.1,10,9152,31,30,even
128,8.181818181818182,0.1105031887537315,0.4879208106060712,0.4224006373283487,0.3896032194236258,0.857550560536739,0.0483505004152593,0.1137126278281248,0.3603582391703649,0.6136130477236529,0.6548830270047844,10_sp_aij_5,2091765,0.1,10,9152,31,30,even
129,9.090909090909092,0.1194756498752392,0.4806833432461186,0.4566125677694622,0.4016290642711298,1.024348645244052,0.0330096579736864,0.1406780255636412,0.3760671792666391,0.5685670794206433,0.7637358806750947,10_sp_aij_5,2091765,0.1,10,9152,31,30,even
130,10.303030303030305,0.0824748306911063,0.6037340115834615,0.5198816980319585,0.423812664729013,1.0632937627985002,0.0192415121358876,0.1613967683546394,0.3744777063876029,0.5520709370137427,0.7580355088869482,10_sp_aij_5,2091765,0.1,10,9152,31,30,even
131,11.212121212121213,0.0835031949376349,0.4775597058392773,0.4269885531339787,0.3517956007870439,1.0124583319414098,0.0169104508194525,0.1985719831293037,0.3667727713226723,0.4161830010161378,0.7973863644845928,10_sp_aij_5,2091765,0.1,10,9152,31,30,even
132,12.12121212121212,0.0659679640951798,0.4453044670126843,0.4273733722424573,0.3452605450370395,0.8064165480025447,0.0181225439016048,0.2285676215085895,0.2601813329937351,0.4119946857817,0.6429377794407821,10_sp_aij_5,2091765,0.1,10,9152,31,30,even
133,13.333333333333334,0.0557429055136356,0.4219784908268896,0.3583717939409698,0.3770276779144806,0.7768944963448342,0.0178966050181228,0.2982892953247917,0.3234061367008459,0.5197015487186792,0.6312173847878422,10_sp_aij_5,2091765,0.1,10,9152,31,30,even
134,14.242424242424242,0.0365134787416617,0.5057299538133718,0.2659414625662922,0.4123614583120049,0.8355620550645173,0.0178161623610462,0.240089031080515,0.2436844944379975,0.4822123962169749,0.6314808927146345,10_sp_aij_5,2091765,0.1,10,9152,31,30,even
135,15.454545454545457,0.024418579529666,0.4535865908950605,0.3145801637286667,0.2940039107831887,0.794916443419329,0.0234665775688417,0.1945677241205423,0.2703431868072426,0.4747711095883145,0.6274593168639075,10_sp_aij_5,2091765,0.1,10,9152,31,30,even
136,16.363636363636363,0.026279451305932,0.5248538200921173,0.3094640675539395,0.3580287697632245,0.8135150108263003,0.0243967931321643,0.2230555203400583,0.2785684120130504,0.3618381235359248,0.8477335260063446,10_sp_aij_5,2091765,0.1,10,9152,31,30,even
137,17.575757575757578,0.0185070812112792,0.4434541486316377,0.2892644752073784,0.261527853693141,0.612608956294956,0.0345387656602595,0.2013774092067345,0.3021255888213691,0.3931432378200352,0.5612148120206965,10_sp_aij_5,2091765,0.1,10,9152,31,30,even
138,18.484848484848484,0.0162776355327494,0.3963813706549209,0.212454576183914,0.3152565526371527,0.7467380506476284,0.0335607608509712,0.1936901864511866,0.3563037137436504,0.404312063513136,0.5521079418577192,10_sp_aij_5,2091765,0.1,10,9152,31,30,even
139,19.393939393939394,0.0179230031444553,0.4122655782971708,0.237869102740138,0.2921738095264324,0.8186166845951035,0.0333439701431569,0.2136686958534836,0.2438385824625338,0.4178441612872236,0.5948418670314303,10_sp_aij_5,2091765,0.1,10,9152,31,30,even
140,20.60606060606061,0.0167677643976032,0.4512363326656433,0.2681017998539484,0.2746831727635709,0.7330684736257277,0.0330900977019693,0.189186815741184,0.2677004964714337,0.3700416133702986,0.6891475547185067,10_sp_aij_5,2091765,0.1,10,9152,31,30,even
141,21.51515151515152,0.0189880109052769,0.388848059797538,0.2791217331882866,0.3401530075250699,0.7574504294748144,0.0316979110316118,0.1886519800838529,0.1898572838572087,0.5350551102168388,0.5331346668870108,10_sp_aij_5,2091765,0.1,10,9152,31,30,even
142,22.727272727272727,0.0235721424556874,0.4816251084003751,0.2678494728176994,0.3307253828121248,0.7822509065511328,0.0238150261261883,0.2090394301836841,0.28535012005299,0.4843647898686506,0.6751537463730459,10_sp_aij_5,2091765,0.1,10,9152,31,30,even
143,23.63636363636364,0.0316444327362661,0.3968140278620877,0.3255481103264645,0.3486963595457995,0.8018898545638261,0.0187645823388649,0.1880004667385686,0.3104187738608355,0.4095618748771065,0.7901547366346655,10_sp_aij_5,2091765,0.1,10,9152,31,30,even
144,24.545454545454547,0.0253713955700654,0.5723273239575981,0.3022171481477318,0.376705885114653,0.9671258625526552,0.0196458507937299,0.2305754696867197,0.280667307062889,0.48041586699981,0.6759911766617867,10_sp_aij_5,2091765,0.1,10,9152,31,30,even
145,25.75757575757576,0.0438557745202589,0.5690369186708695,0.4953440017237219,0.4018134926318228,0.8239331200374955,0.0155716082378395,0.246674301613446,0.3852701897130098,0.5904168806625782,0.9870712625020526,10_sp_aij_5,2091765,0.1,10,9152,31,30,even
146,26.666666666666668,0.0355618296811571,0.5691374722535187,0.4400806086635054,0.3668116352692207,0.8840304722259478,0.0146599593314865,0.2636463535188727,0.3200075621844005,0.5197095772232163,0.6617146512360056,10_sp_aij_5,2091765,0.1,10,9152,31,30,even
147,27.87878787878788,0.0431642813742052,0.5735431210938473,0.3696815039248841,0.3816731444505161,0.9821779547437646,0.0084058128663427,0.1782077091036349,0.3194668780133123,0.6685446924779646,0.7041059004061582,10_sp_aij_5,2091765,0.1,10,9152,31,30,even
148,28.78787878787879,0.0478341828954751,0.6400520728765702,0.2839041536484711,0.3651420588512058,1.0962786484659408,0.006966538060936,0.1840625582693852,0.2848560330981757,0.4934606538062815,0.5396373002478569,10_sp_aij_5,2091765,0.1,10,9152,31,30,even
149,30.0,0.062988880224633,0.4988844577460898,0.3369770307451434,0.2580966240445581,0.8970489518654743,0.0070619343165221,0.2535649070650607,0.2531019172532969,0.5002614545634654,0.774740846216886,10_sp_aij_5,2091765,0.1,10,9152,31,30,even
150,0.0,0.02,0.02,0.02,0.02,0.04,0.09,0.05,0.04,0.02,0.04,10_sp_aij_5,2369231,0.1,10,9152,31,30,even
151,0.9090909090909092,0.0285066630894908,0.0433304419953226,0.026069006555532,0.0527566611150461,0.0661663249599635,0.1078828175377078,0.0787282006957104,0.0384231109362937,0.0303601599870064,0.0382035831080513,10_sp_aij_5,2369231,0.1,10,9152,31,30,even
152,1.8181818181818183,0.0300618685555669,0.084204526117533,0.0251647534102286,0.1067885950115291,0.0733542546441881,0.1330205967727257,0.1104187333359281,0.0433245184335848,0.0574003092395828,0.0449410663485835,10_sp_aij_5,2369231,0.1,10,9152,31,30,even
153,3.0303030303030303,0.0572987813280093,0.2591682407539191,0.04145178012876,0.1307743946371982,0.1296097772783594,0.1948437760965819,0.1554816574288915,0.0539266171104784,0.1008247079869312,0.0828582254470098,10_sp_aij_5,2369231,0.1,10,9152,31,30,even
154,3.939393939393939,0.0971388963306039,0.3806836019196918,0.0371816385913733,0.2053187043871871,0.254367487493717,0.2057191152526092,0.0961483036366779,0.068483998263166,0.1424092635672347,0.1932931337309337,10_sp_aij_5,2369231,0.1,10,9152,31,30,even
155,5.151515151515151,0.1261911946896311,0.5656642858736509,0.0509246682204591,0.3211344314854147,0.471902115811475,0.2192241198929649,0.0917849849758353,0.0844606631473241,0.2090776370379907,0.4434778218080593,10_sp_aij_5,2369231,0.1,10,9152,31,30,even
156,6.0606060606060606,0.1005616818853855,0.5983171323990608,0.0872682617336513,0.3080309808010055,0.723366332667286,0.1491138447826315,0.0727516901516201,0.0767463376016394,0.2362544482974188,0.5452135708694663,10_sp_aij_5,2369231,0.1,10,9152,31,30,even
157,6.96969696969697,0.1137427415985166,0.5439728078190759,0.0984934341433486,0.3547047106297777,0.7931761736842226,0.1508035634137146,0.060881359034345,0.1426040400757056,0.3350242388393446,0.5763130834961934,10_sp_aij_5,2369231,0.1,10,9152,31,30,even
158,8.181818181818182,0.1389892002332515,0.5295365415376093,0.2207649489058417,0.405930999237778,1.034839369210343,0.1203771807740126,0.0523384970034895,0.2240576697267665,0.3526332220400197,0.6062759160074034,10_sp_aij_5,2369231,0.1,10,9152,31,30,even
159,9.090909090909092,0.1397520344160422,0.5938492770286233,0.3286141078723741,0.4138112948906776,0.9327229755295556,0.0994986905900062,0.0717224399190292,0.2854791222869785,0.4497988332229773,0.650547890171022,10_sp_aij_5,2369231,0.1,10,9152,31,30,even
160,10.303030303030305,0.1089143879885901,0.5239838542912396,0.3554795868113444,0.2817684840279785,0.6003263596369834,0.0828930101851153,0.0715740045846625,0.2654185943336674,0.4094138423654058,0.6873771929117704,10_sp_aij_5,2369231,0.1,10,9152,31,30,even
161,11.212121212121213,0.0872026732605427,0.5245352532599827,0.3814207625932629,0.3702190908066275,0.747814222143727,0.0786133752150229,0.1051772743806477,0.2829723603048438,0.4274923129297879,0.7179753866602739,10_sp_aij_5,2369231,0.1,10,9152,31,30,even
162,12.12121212121212,0.0843189487907977,0.5160954804698203,0.3610952514992823,0.3695391822155686,0.8909611961451573,0.0723539059962428,0.1078236162669719,0.2502405827769935,0.397102321869168,0.6192371674251798,10_sp_aij_5,2369231,0.1,10,9152,31,30,even
163,13.333333333333334,0.0965855032979109,0.4220004751019805,0.3031843144877167,0.3114790885427581,0.8456098089344071,0.0532834379179887,0.1097455139166179,0.2920653337549322,0.4448335624838648,0.7085638332387076,10_sp_aij_5,2369231,0.1,10,9152,31,30,even
164,14.242424242424242,0.0754230475325777,0.4885479284260957,0.4047571988253738,0.3604519919577767,0.974616668036014,0.0476084001401263,0.1284627308533728,0.2716123505717266,0.4087677536716055,0.7850574728029527,10_sp_aij_5,2369231,0.1,10,9152,31,30,even
165,15.454545454545457,0.0739082722217924,0.4011983718893127,0.4329642800023149,0.4372887649629975,0.7353451948842984,0.0489240550963031,0.1996526677909922,0.4185656097406591,0.4436252315871873,0.6611015471496896,10_sp_aij_5,2369231,0.1,10,9152,31,30,even
166,16.363636363636363,0.0658628818997352,0.5004768684889203,0.3718940048463683,0.2995879605257733,0.7722873789609827,0.0453571562983694,0.1822825617332922,0.4243082930687619,0.4182360399714874,0.650496975885677,10_sp_aij_5,2369231,0.1,10,9152,31,30,even
167,17.575757575757578,0.0497332126023309,0.3562017085163897,0.3410145390042705,0.4124707608056295,0.8467352943371291,0.0412287409571987,0.2245545540256092,0.272386692708128,0.4314549981629226,0.5663348046151556,10_sp_aij_5,2369231,0.1,10,9152,31,30,even
168,18.484848484848484,0.0427853111584664,0.4309661340276096,0.3109333355586456,0.3229783782593016,0.6575767437610459,0.0434473613033955,0.1835264667617923,0.2260828098087064,0.3161624469494514,0.6579175437064846,10_sp_aij_5,2369231,0.1,10,9152,31,30,even
169,19.393939393939394,0.0534815445579718,0.4582521931110717,0.2964354152323732,0.3206634193572251,0.8453825406011527,0.054406738426797,0.1567774911303427,0.2155543646214898,0.3391574337290175,0.6784825895587753,10_sp_aij_5,2369231,0.1,10,9152,31,30,even
170,20.60606060606061,0.0682426498552244,0.5916100852147865,0.2934224639176608,0.3228074754731884,0.9382089262157444,0.0556895762306002,0.1781942723254985,0.2469342351378869,0.4282069433709241,0.6700572568435889,10_sp_aij_5,2369231,0.1,10,9152,31,30,even
171,21.51515151515152,0.0537696951433391,0.4707704047351795,0.3746399180777639,0.2931784753184023,0.816010179563067,0.0484798105615732,0.1545242031549891,0.3048206390596534,0.3865451256814605,0.6461075320856895,10_sp_aij_5,2369231,0.1,10,9152,31,30,even
172,22.727272727272727,0.0574730796743452,0.5705367132780502,0.4462880823126496,0.5139997457759016,0.9314541883341424,0.0370390795616265,0.1999116104381127,0.3444764803567846,0.5319703630571507,0.6645069251367584,10_sp_aij_5,2369231,0.1,10,9152,31,30,even
173,23.63636363636364,0.058070973942202,0.6543063980549507,0.4013648740851508,0.42962288933188,1.112372134434045,0.0333938484036808,0.1836334167716796,0.2880864516262508,0.6262131144853679,0.7017868438957033,10_sp_aij_5,2369231,0.1,10,9152,31,30,even
174,24.545454545454547,0.0569977604653386,0.4895137385737266,0.3661569397541413,0.3776192228046144,1.0533864598689828,0.0305465374837254,0.1733756246150287,0.2961578015621902,0.5558863119823085,0.862662396587391,10_sp_aij_5,2369231,0.1,10,9152,31,30,even
175,25.75757575757576,0.045184693368994,0.4965340359439997,0.3473699795604972,0.3533341670252446,0.9061731111521458,0.0226479694272939,0.1526406498985223,0.2863547996889388,0.4895319143265167,0.6907419713441654,10_sp_aij_5,2369231,0.1,10,9152,31,30,even
176,26.666666666666668,0.046702155456628,0.4460323469572202,0.4385939352635519,0.3023991308972635,0.7849067890757173,0.0173980024944677,0.2195332877903568,0.3081911322745363,0.4690923136388883,0.7861079070294125,10_sp_aij_5,2369231,0.1,10,9152,31,30,even
177,27.87878787878788,0.0354123106057783,0.4318497769730395,0.3861197606441834,0.3207466097960929,0.8346895334456754,0.0108520639518706,0.2038841646217183,0.29049874843896,0.3376127208084229,0.7026783456303487,10_sp_aij_5,2369231,0.1,10,9152,31,30,even
178,28.78787878787879,0.0469463832934209,0.5435637559311814,0.3212078187035181,0.4095995162533526,0.8504409498813644,0.0101822510928243,0.21354717048494,0.3025082369320129,0.3281759746015175,0.5711787428185806,10_sp_aij_5,2369231,0.1,10,9152,31,30,even
179,30.0,0.0586056166108202,0.3004603625706461,0.2842753213141752,0.3608021166346538,0.8154070527040242,0.011235618996693,0.1915943367674045,0.268065155411042,0.3904770043856224,0.7956773744564576,10_sp_aij_5,2369231,0.1,10,9152,31,30,even
180,0.0,0.06,0.03,0.06,0.01,0.05,0.04,0.06,0.01,0.04,0.09,10_sp_aij_5,2753893,0.1,10,9152,31,30,even
181,0.9090909090909092,0.0701329044705601,0.0589907517636046,0.0859693481452781,0.0231419911177307,0.0776872650602988,0.0431702262103417,0.0626717383654765,0.0158446821895424,0.0763871211196986,0.0943341846123461,10_sp_aij_5,2753893,0.1,10,9152,31,30,even
182,1.8181818181818183,0.0766042761889796,0.1441127961044019,0.1272131600376416,0.0470641941279291,0.1194375832406511,0.0549208431123682,0.0541139908389289,0.0160596523391327,0.0943144651560199,0.085753990465443,10_sp_aij_5,2753893,0.1,10,9152,31,30,even
183,3.0303030303030303,0.1149211625256767,0.2398624705439945,0.156346510366439,0.1564521642437471,0.1938169032778814,0.0706703665083491,0.0653185879155315,0.0306778024804188,0.0767056675774125,0.138978539219098,10_sp_aij_5,2753893,0.1,10,9152,31,30,even
184,3.939393939393939,0.0912112797703071,0.3023245302795707,0.1131407107309381,0.2311532676628454,0.1891478488404853,0.0886365996846201,0.0883993366062933,0.0440760898759258,0.0966276130211183,0.244432252917964,10_sp_aij_5,2753893,0.1,10,9152,31,30,even
185,5.151515151515151,0.0981566511739791,0.367196847394674,0.1232157192429799,0.2260283167849034,0.3950506625959926,0.1827484934386179,0.1008343616363191,0.075855480141433,0.1281300675624535,0.2997157800484414,10_sp_aij_5,2753893,0.1,10,9152,31,30,even
186,6.0606060606060606,0.084020686251702,0.4447258786044842,0.1373307690723908,0.304165682991617,0.5522887105830295,0.1461801832756361,0.0902440803664399,0.0893282497324391,0.2295077314442916,0.3857584645048934,10_sp_aij_5,2753893,0.1,10,9152,31,30,even
187,6.96969696969697,0.0721778197012579,0.4570901216035541,0.1834037946806032,0.2657314321333383,0.6102029291043206,0.1559969720533884,0.0879077954442847,0.1158760774920467,0.298875130492111,0.5759004967523467,10_sp_aij_5,2753893,0.1,10,9152,31,30,even
188,8.181818181818182,0.0763972501283213,0.5283066160126182,0.1752569043170676,0.3703289516049948,0.8074421007892547,0.0829940598329845,0.088212410539495,0.1919200884523186,0.4120989734269142,0.5760922782981808,10_sp_aij_5,2753893,0.1,10,9152,31,30,even
189,9.090909090909092,0.0649265973998982,0.6091438184474477,0.306796236305429,0.3209363521026845,0.943805378222882,0.065035340982154,0.1206646916187331,0.2937971626084975,0.486905020673238,0.6013542494154227,10_sp_aij_5,2753893,0.1,10,9152,31,30,even
190,10.303030303030305,0.0663483616370821,0.5251638171278754,0.3644028974577493,0.4154478071821162,0.8670184790518706,0.0482225213689158,0.1150122716120549,0.3505128185393769,0.4446615913563305,0.635601435478018,10_sp_aij_5,2753893,0.1,10,9152,31,30,even
191,11.212121212121213,0.0883248563711793,0.5959633231493529,0.3553222109333654,0.406559693141463,1.0136675487233515,0.0397416522428786,0.1333343390404964,0.3549263453722159,0.4599330271646334,0.7086481272581959,10_sp_aij_5,2753893,0.1,10,9152,31,30,even
192,12.12121212121212,0.1004142390355875,0.4752651750946255,0.3279565019036266,0.3993825258710382,0.930317393791713,0.0357670580333714,0.1012459339725414,0.3407795980392795,0.504200269973729,0.7051461489502109,10_sp_aij_5,2753893,0.1,10,9152,31,30,even
193,13.333333333333334,0.0879889424820015,0.3851168727325422,0.4315822233135963,0.4166046513051293,0.8725869150912469,0.0219233080703684,0.1021120595315537,0.4712618239937948,0.4969387762459128,0.6313947475038124,10_sp_aij_5,2753893,0.1,10,9152,31,30,even
194,14.242424242424242,0.0756199112182369,0.4694133913311479,0.4549267210334541,0.4479614535731847,0.8722210852146434,0.0188530227484727,0.1612770644143138,0.3034353324516194,0.4259168164215978,0.6141908811473277,10_sp_aij_5,2753893,0.1,10,9152,31,30,even
195,15.454545454545457,0.0822224311770693,0.4695756873646369,0.3581396767630506,0.3382847289248023,0.9098461720821922,0.0131920096312374,0.2064632137962095,0.2618425408509364,0.4344267536446608,0.767483337408517,10_sp_aij_5,2753893,0.1,10,9152,31,30,even
196,16.363636363636363,0.0797564222289176,0.5831139167357808,0.3733411550789834,0.328310591392642,0.8324872448977297,0.012268772778789,0.1625882614084763,0.2385951384144763,0.5497401306103556,0.5431304448551268,10_sp_aij_5,2753893,0.1,10,9152,31,30,even
197,17.575757575757578,0.0782775514000071,0.4555681626153141,0.2924250636146675,0.375203289833988,0.8535030807862942,0.0085812659793124,0.1591750922908174,0.211258800558216,0.5046089838986116,0.7284072805405618,10_sp_aij_5,2753893,0.1,10,9152,31,30,even
198,18.484848484848484,0.0896535693074752,0.45595775267344,0.4163221172813873,0.3847633780055833,1.0987318300346227,0.0075518943281206,0.1642173363156824,0.2646846707383372,0.4824562157380661,0.7110508303020451,10_sp_aij_5,2753893,0.1,10,9152,31,30,even
199,19.393939393939394,0.0842216393057264,0.4857524149632701,0.425836089203375,0.3530616707580458,0.739558169238512,0.0064292271484123,0.1623908619189152,0.3374665899453618,0.4544294395029731,0.6352841495987751,10_sp_aij_5,2753893,0.1,10,9152,31,30,even
200,20.60606060606061,0.0612771399042681,0.4776304406074741,0.4265437320652497,0.3490198839022651,0.8186349803568885,0.0067754375094027,0.1911753246688294,0.3284058404481308,0.4331566566489548,0.7808486296675762,10_sp_aij_5,2753893,0.1,10,9152,31,30,even
201,21.51515151515152,0.0598985336426483,0.3955468631704664,0.3803300179608901,0.3168883746922072,0.8691839189937217,0.0083154909921385,0.2092196003325717,0.3442806892290647,0.5275042050060463,0.5019628743494139,10_sp_aij_5,2753893,0.1,10,9152,31,30,even
202,22.727272727272727,0.0464429181197601,0.4199506448520544,0.3644185405225957,0.3480939113439891,0.8744493849919674,0.0071622251611587,0.2110785044044758,0.277453970674251,0.5537230562621388,0.6672723357338886,10_sp_aij_5,2753893,0.1,10,9152,31,30,even
203,23.63636363636364,0.0540564843226818,0.4567465625604565,0.3784467272548706,0.381983101007496,0.8675500673007254,0.004140941473694,0.265969221007388,0.3068319609729676,0.4890929044716801,0.6482926140159978,10_sp_aij_5,2753893,0.1,10,9152,31,30,even
204,24.545454545454547,0.0499428315232267,0.4292852957941698,0.3150701688026309,0.4006165336951157,0.899155441113549,0.0039088243834132,0.2754773192300172,0.2989933033757911,0.4378014889694647,0.7530930181149729,10_sp_aij_5,2753893,0.1,10,9152,31,30,even
205,25.75757575757576,0.0326447286292792,0.4109458649251033,0.3415724570386856,0.3518339530260209,0.941758507734178,0.0037223616960158,0.2350067341738437,0.2868095675616138,0.5178221058790287,0.8687551540209508,10_sp_aij_5,2753893,0.1,10,9152,31,30,even
206,26.666666666666668,0.0215673165440974,0.4194516362915206,0.3245669980400096,0.400623874144439,0.6229260883638813,0.0039523118671432,0.2303112781631315,0.3365356028784191,0.385766705209393,0.5345868523407398,10_sp_aij_5,2753893,0.1,10,9152,31,30,even
207,27.87878787878788,0.0212775090065338,0.5629875011654479,0.2323254047095413,0.3665542181969454,0.7522531846862937,0.0050535222058352,0.1865124662406332,0.2083161131367762,0.4309175527127116,0.7091337460693106,10_sp_aij_5,2753893,0.1,10,9152,31,30,even
208,28.78787878787879,0.0258400138151501,0.5365109420061094,0.2229928873626221,0.2891338969069573,0.8674636817849596,0.0053027790993281,0.1793616019761981,0.2525174337714107,0.4569245358137904,0.6226009516356222,10_sp_aij_5,2753893,0.1,10,9152,31,30,even
209,30.0,0.0212907593272498,0.4007769594068445,0.2959943880944463,0.3984068421916436,0.7449721285430454,0.004966355833823,0.1630976096612648,0.2273657883791428,0.4374878165482938,0.6859891805275129,10_sp_aij_5,2753893,0.1,10,9152,31,30,even
210,0.0,0.07,0.09,0.01,0.04,0.01,0.09,0.03,0.08,0.08,0.09,10_sp_aij_5,2858482,0.1,10,9152,31,30,even
211,0.9090909090909092,0.0711225797266615,0.1464007741624611,0.0131039683602472,0.0519171853172646,0.0213596684620136,0.1146089919254388,0.0381805790252861,0.0871910573266306,0.0936471407812253,0.1405108371848076,10_sp_aij_5,2858482,0.1,10,9152,31,30,even
212,1.8181818181818183,0.0768882454302557,0.2371091954364947,0.0147324845894828,0.0752523722052785,0.0619002777411106,0.1426320882789193,0.05186989532163,0.0832140283824453,0.0844135499177904,0.1752850664773163,10_sp_aij_5,2858482,0.1,10,9152,31,30,even
213,3.0303030303030303,0.0772913798737398,0.2532691268079814,0.0139967256612596,0.0887826183971011,0.2120223438589424,0.1640442828643852,0.070125445435309,0.079368278044422,0.0975727144548491,0.279793155518701,10_sp_aij_5,2858482,0.1,10,9152,31,30,even
214,3.939393939393939,0.070784541808893,0.3352991920533346,0.0169018748867911,0.1493012187106255,0.3829010734743985,0.1767064440407601,0.0751303843794111,0.1089215253089222,0.1034116225647389,0.3963273517015725,10_sp_aij_5,2858482,0.1,10,9152,31,30,even
215,5.151515151515151,0.0773129506632455,0.5523228235323048,0.0187843827964461,0.2573204395375967,0.5013067516448999,0.1296733204148671,0.0839366515830345,0.1227317303397222,0.210709147569375,0.4255466308200988,10_sp_aij_5,2858482,0.1,10,9152,31,30,even
216,6.0606060606060606,0.0570816932509767,0.4941059845789533,0.0266916165389734,0.2384420995938288,0.6509143682172005,0.1572978379623617,0.0735405438456426,0.1346029547495499,0.2525346780931405,0.6520791355543735,10_sp_aij_5,2858482,0.1,10,9152,31,30,even
217,6.96969696969697,0.0590437198335336,0.6055340107557219,0.0357798229163041,0.3387821992508246,0.8776652989234315,0.1264781573781835,0.0698677355280356,0.1201423575682863,0.2824471234353104,0.5719648530678738,10_sp_aij_5,2858482,0.1,10,9152,31,30,even
218,8.181818181818182,0.0622538471893241,0.6465455794808663,0.0973535113249408,0.2683967707770665,0.884325632537999,0.1862236573062364,0.0620232744871224,0.1285284999158587,0.4028128991358574,0.6077218997140521,10_sp_aij_5,2858482,0.1,10,9152,31,30,even
219,9.090909090909092,0.0671157222317801,0.5334558070367281,0.1943485002562115,0.3830519947063081,0.8866910388422872,0.1175089093815122,0.054695156189521,0.1752033182585267,0.4379053242868437,0.8532688188215332,10_sp_aij_5,2858482,0.1,10,9152,31,30,even
220,10.303030303030305,0.0890779807780259,0.5954165424021536,0.3529985252398305,0.4721945011309339,0.7340566833375646,0.1015095162339176,0.0757725600194502,0.2177484037131618,0.4361467991798212,0.7267395321604504,10_sp_aij_5,2858482,0.1,10,9152,31,30,even
221,11.212121212121213,0.1063912025274975,0.5379925980142207,0.5963258351579472,0.3633203460315131,0.9825215570099248,0.0713957517910086,0.0690840689028443,0.2580916409869719,0.4045397554228005,0.6073474673155053,10_sp_aij_5,2858482,0.1,10,9152,31,30,even
222,12.12121212121212,0.1044130564568539,0.5152228923428973,0.3880422095598743,0.3598933671472523,0.9934841945394708,0.0492834930275344,0.085947473865318,0.270429345752702,0.4634079154893681,0.876830964243365,10_sp_aij_5,2858482,0.1,10,9152,31,30,even
223,13.333333333333334,0.0917347588898813,0.3915379395142979,0.3356303519100566,0.3630148039839679,0.6840914559201176,0.0394617410484489,0.1148237515291484,0.2667928509060222,0.4208048955921146,0.7580214237333441,10_sp_aij_5,2858482,0.1,10,9152,31,30,even
224,14.242424242424242,0.1001864502195841,0.4598871772636098,0.3209408628288086,0.297552951382143,0.8526644366511379,0.0315875251972055,0.1233423522304439,0.2902792746126828,0.319796844018705,0.5989175022641898,10_sp_aij_5,2858482,0.1,10,9152,31,30,even
225,15.454545454545457,0.0822424353317153,0.4757367286566444,0.3492292088740228,0.4059388201410265,1.0738924716039628,0.0337292186278878,0.1616179800046557,0.2907185821661557,0.4697877032768016,0.698886283670513,10_sp_aij_5,2858482,0.1,10,9152,31,30,even
226,16.363636363636363,0.0692584859016815,0.457175337100158,0.4045662775729913,0.3506378417805011,0.7267236391937303,0.0365874853842475,0.1387130513753541,0.3641544201499835,0.4608775177332123,0.8365394344716353,10_sp_aij_5,2858482,0.1,10,9152,31,30,even
227,17.575757575757578,0.0537497118586626,0.5180706197687241,0.3287667944250035,0.4087818211301843,0.9179791964606278,0.0290882977969459,0.2173474013672262,0.3116340113497,0.5315352167702873,0.6526992323580081,10_sp_aij_5,2858482,0.1,10,9152,31,30,even
228,18.484848484848484,0.0513463742044566,0.5294883918094924,0.3776127898296457,0.3950360106681022,1.037271465105642,0.0217393103599167,0.1548720174834365,0.2694123399754344,0.4970443553000404,0.5149022408074106,10_sp_aij_5,2858482,0.1,10,9152,31,30,even
229,19.393939393939394,0.0576008854472562,0.5118071666061105,0.3664702134733089,0.4596488882530321,0.9048515774871996,0.0203158962693533,0.1567103721496199,0.2905681960786234,0.5055963957076128,0.7048979877276915,10_sp_aij_5,2858482,0.1,10,9152,31,30,even
230,20.60606060606061,0.0501218853941072,0.5552748075364802,0.3064173377930624,0.3381549819541262,1.020362718661548,0.0141551198071676,0.1480426684851828,0.3019917633036454,0.5035975731872911,0.8059940120611686,10_sp_aij_5,2858482,0.1,10,9152,31,30,even
231,21.51515151515152,0.0420627181523166,0.5235239838751456,0.3791017166647326,0.4078443846729042,0.9085722281925338,0.0159141871194124,0.2121241622526558,0.3033633247305177,0.4445922894189121,0.764180983330231,10_sp_aij_5,2858482,0.1,10,9152,31,30,even
232,22.727272727272727,0.0373709823766578,0.4895928786409497,0.4092428523692058,0.3467543115524984,0.9171343550792442,0.0221346588417767,0.1471465573703785,0.2548839900021767,0.453110913452762,0.8383833205324491,10_sp_aij_5,2858482,0.1,10,9152,31,30,even
233,23.63636363636364,0.0396506542362236,0.4179223288290599,0.4374388441133449,0.3251065933657286,0.8485356652387442,0.0188685266582393,0.14879208635549,0.3280735393289391,0.4778150253667615,0.6485450662530056,10_sp_aij_5,2858482,0.1,10,9152,31,30,even
234,24.545454545454547,0.0429450107364481,0.4373126613427359,0.3607606373540876,0.3447380484985078,0.7835151976491392,0.0128227092648471,0.2061088662457663,0.3647026356380306,0.4999150208925847,0.6234343824581755,10_sp_aij_5,2858482,0.1,10,9152,31,30,even
235,25.75757575757576,0.0442946683928409,0.5293998774859634,0.4246911757997181,0.3975627022985785,0.8799417214750225,0.0091531490430655,0.2345351227639364,0.3382225873610855,0.4844072054184416,0.7491640016296786,10_sp_aij_5,2858482,0.1,10,9152,31,30,even
236,26.666666666666668,0.0378574598397385,0.5232925588482996,0.3875823657636907,0.379417115797218,0.75874506413591,0.0087193190930053,0.2048685227268236,0.311685880137233,0.52618368414646,0.6920185202174439,10_sp_aij_5,2858482,0.1,10,9152,31,30,even
237,27.87878787878788,0.0384923186401947,0.5270648989059802,0.4060377042005849,0.3944135137062649,0.932215680248807,0.0094376476965999,0.1193264266350014,0.2766507971901706,0.5307255299777889,0.8265018172740303,10_sp_aij_5,2858482,0.1,10,9152,31,30,even
238,28.78787878787879,0.0331527702821906,0.4827454080599141,0.3772456685925233,0.4247788366925307,0.8819965423972959,0.0087433951477645,0.1399838230101843,0.3120426207717978,0.4519993257589767,0.9455637217990684,10_sp_aij_5,2858482,0.1,10,9152,31,30,even
239,30.0,0.0262831843571235,0.3929704700311711,0.3143177567341081,0.4219624711616606,0.9881834733817654,0.0076101953600645,0.2035706382215005,0.2985717071362166,0.5153152811306856,0.6662628461206511,10_sp_aij_5,2858482,0.1,10,9152,31,30,even
240,0.0,0.08,0.06,0.05,0.06,0.02,0.01,0.09,0.06,0.05,0.07,10_sp_aij_5,2905119,0.1,10,9152,31,30,even
241,0.9090909090909092,0.0612484832490248,0.1238182203289136,0.039867959020853,0.1019466521658752,0.0315554251220241,0.0153827419047807,0.1130847093153623,0.0672401615450804,0.0579485247970698,0.1244230416921144,10_sp_aij_5,2905119,0.1,10,9152,31,30,even
242,1.8181818181818183,0.0605071545062747,0.1622098590913241,0.0417963758209823,0.1166765158824744,0.0533356205490347,0.032195912227522,0.1269800848463937,0.1030644822459526,0.0795433516745502,0.1694426277265718,10_sp_aij_5,2905119,0.1,10,9152,31,30,even
243,3.0303030303030303,0.0525211364492214,0.3032511440424777,0.0381566278940009,0.1274676711595889,0.1757652368991429,0.0680357393435839,0.0956905731252885,0.1194544181770871,0.0991843113367152,0.2976357228802124,10_sp_aij_5,2905119,0.1,10,9152,31,30,even
244,3.939393939393939,0.0481899564262063,0.3466811454768942,0.0432911691198683,0.2009182079022166,0.3697164249137593,0.1212124576275129,0.0960266372275544,0.1302611091247164,0.1247522478150968,0.2859697482762023,10_sp_aij_5,2905119,0.1,10,9152,31,30,even
245,5.151515151515151,0.0528415144162338,0.366522446605921,0.0521999918671711,0.2745998605489471,0.5107753935550535,0.1567153119741164,0.0965211006516996,0.1178054926430828,0.1838824510466094,0.4120935106104764,10_sp_aij_5,2905119,0.1,10,9152,31,30,even
246,6.0606060606060606,0.0487964771836891,0.5076775090518121,0.0757489072061629,0.2642831682246998,0.5532192607073851,0.1665333649193212,0.0986862688588261,0.1188549735602644,0.2736980516973943,0.5424756062144118,10_sp_aij_5,2905119,0.1,10,9152,31,30,even
247,6.96969696969697,0.0519596389527899,0.581825917701182,0.0813887780080616,0.3030293893085353,0.7444599585675572,0.1354180632602146,0.127404937818909,0.1053596310208839,0.383378323837321,0.5973048587048558,10_sp_aij_5,2905119,0.1,10,9152,31,30,even
248,8.181818181818182,0.0451926855541201,0.7075669830913596,0.165833837799924,0.3949828065450034,0.7509811890349868,0.1148653402886653,0.1297461889024224,0.1573794881678211,0.4501239206674505,0.7001814979001451,10_sp_aij_5,2905119,0.1,10,9152,31,30,even
249,9.090909090909092,0.0462910319611629,0.5139917942980067,0.2286383794562965,0.3752558031312427,0.9584292953653692,0.1234057016983833,0.1065609070392816,0.2122841855901396,0.3765669247615141,0.6974689658540293,10_sp_aij_5,2905119,0.1,10,9152,31,30,even
250,10.303030303030305,0.0376119557446151,0.5446568700589824,0.2467299241683115,0.3800742659841536,0.77712678120602,0.0848884616996248,0.1094404042331925,0.2284436014476354,0.4541251578607147,0.7394322432518051,10_sp_aij_5,2905119,0.1,10,9152,31,30,even
251,11.212121212121213,0.0329730977182537,0.5275398240298496,0.334857149710168,0.4473111091855405,0.9750320362360492,0.0804464509907962,0.1150563621854026,0.2996048413307536,0.4909424435774435,0.7401513440398371,10_sp_aij_5,2905119,0.1,10,9152,31,30,even
252,12.12121212121212,0.0426186145817043,0.5026458217322429,0.2857051413978037,0.2965191369995506,1.1128095066013497,0.0661622453189899,0.1435727065198048,0.3893411242042351,0.5181283346860684,0.7629572753406901,10_sp_aij_5,2905119,0.1,10,9152,31,30,even
253,13.333333333333334,0.0427788948387867,0.5561396092193384,0.4508390263221595,0.3777811360036666,0.9511208556109846,0.0458267084382299,0.19564578441934,0.2576715837219016,0.4369073477285405,0.6936515168006988,10_sp_aij_5,2905119,0.1,10,9152,31,30,even
254,14.242424242424242,0.048430563289962,0.6449610198624096,0.337947719894777,0.3972138428255622,0.8316779219143675,0.0444850568718576,0.1958551416798965,0.4358604458753236,0.5395878607858594,0.6749265350945219,10_sp_aij_5,2905119,0.1,10,9152,31,30,even
255,15.454545454545457,0.0483103677253405,0.5398018289265626,0.31176971515793,0.3782786113802705,0.8067700210531212,0.0453623746499417,0.2337654402660639,0.3461435114111042,0.498732810560996,0.7939836900437374,10_sp_aij_5,2905119,0.1,10,9152,31,30,even
256,16.363636363636363,0.0306170276708644,0.5900884318522538,0.2753669721280532,0.296983183417431,0.7941620840713223,0.0380889575880354,0.2166495769112654,0.3639833055487095,0.5789637485009436,0.7197409681334521,10_sp_aij_5,2905119,0.1,10,9152,31,30,even
257,17.575757575757578,0.022574785521918,0.5180687544737361,0.3097463026606609,0.4400790478030476,1.067025991914403,0.0246351328145842,0.2326937678033515,0.3155900234052068,0.493640148879304,0.7629112090255202,10_sp_aij_5,2905119,0.1,10,9152,31,30,even
258,18.484848484848484,0.0143714622548747,0.5080957763454137,0.304443942702122,0.349221414276903,0.6888310085810582,0.0309114518589978,0.1997982300035432,0.3520836413166044,0.5121149712716844,0.81481611493467,10_sp_aij_5,2905119,0.1,10,9152,31,30,even
259,19.393939393939394,0.0140304361134044,0.5397715925077095,0.2670969380053893,0.317022947765561,0.9248721412286643,0.0286237325787263,0.2397824140362536,0.2939491161504192,0.5303722495272053,0.6146894235249672,10_sp_aij_5,2905119,0.1,10,9152,31,30,even
260,20.60606060606061,0.016224850901122,0.4527809167665507,0.2896265215412087,0.2897559478571795,1.0122802945834632,0.0265901982452017,0.2069168335922605,0.3022682961546701,0.4156752395718832,0.5431533488239971,10_sp_aij_5,2905119,0.1,10,9152,31,30,even
261,21.51515151515152,0.016483281680724,0.6022637780089204,0.3402682281647202,0.3118494473065879,0.8918214576416803,0.0273786892509319,0.2136020801479909,0.2444149337863297,0.4749161837288276,0.7330111071899619,10_sp_aij_5,2905119,0.1,10,9152,31,30,even
262,22.727272727272727,0.0148298188255539,0.5177798498420403,0.2639783657237466,0.3733315035309033,0.9341224238165172,0.0244999042330153,0.1891836174861106,0.2761467249507284,0.4225321266061286,0.6650959841952763,10_sp_aij_5,2905119,0.1,10,9152,31,30,even
263,23.63636363636364,0.0116424822491309,0.564495878099632,0.2943235416281505,0.4160829195968539,0.8718970265200067,0.0248502280939699,0.143740324490923,0.3389493730390673,0.5016435269525741,0.6070714216486695,10_sp_aij_5,2905119,0.1,10,9152,31,30,even
264,24.545454545454547,0.0110836250256663,0.4846049020714306,0.3346155539083519,0.3134950747624922,0.8293695171257013,0.026160216620124,0.1510143762043126,0.3572080736266146,0.4798656219512713,0.6306445314057194,10_sp_aij_5,2905119,0.1,10,9152,31,30,even
265,25.75757575757576,0.0127714340494895,0.4711453860041129,0.4296427056534993,0.4789824565537912,1.0076423595939277,0.0192453863755458,0.2213260083661966,0.3123330105194682,0.5091708684491281,0.5885948510943815,10_sp_aij_5,2905119,0.1,10,9152,31,30,even
266,26.666666666666668,0.018445117785448,0.5508050894613725,0.3934396778957331,0.36078206645436,1.0664399837916088,0.0190716467549868,0.1816887519441879,0.3524907984039155,0.5975279287220415,0.8548774693366652,10_sp_aij_5,2905119,0.1,10,9152,31,30,even
267,27.87878787878788,0.0176193958526787,0.5833618705198048,0.3672167332995881,0.4429531393164402,0.9980269547829782,0.0164035421230447,0.213867373724263,0.3078605652871767,0.5489845993620386,0.7780309703109821,10_sp_aij_5,2905119,0.1,10,9152,31,30,even
268,28.78787878787879,0.0157385114934227,0.5951160448621351,0.357068813413984,0.4480301128252209,1.0978814643427202,0.0178162809448033,0.2549694693245595,0.3398230090605073,0.5924782694562473,0.8669497102145296,10_sp_aij_5,2905119,0.1,10,9152,31,30,even
269,30.0,0.0192951239058583,0.5880412000712404,0.495188149698674,0.4172947271851435,1.225841987835829,0.0110603696195028,0.1580181913512669,0.4447600166952102,0.5912784021199851,0.9127122823371574,10_sp_aij_5,2905119,0.1,10,9152,31,30,even
270,0.0,0.04,0.03,0.05,0.08,0.06,0.05,0.03,0.07,0.09,0.09,10_sp_aij_5,3049039,0.1,10,9152,31,30,even
271,0.9090909090909092,0.0496033983619043,0.0841937324055008,0.0505268562534445,0.1363886292330599,0.0924762400972759,0.0857403874217664,0.052231573782187,0.0950668413483287,0.0840773371948286,0.1091320760601363,10_sp_aij_5,3049039,0.1,10,9152,31,30,even
272,1.8181818181818183,0.0574322177316424,0.1819301743855405,0.05874483180255,0.1844932428619154,0.1514807348669443,0.1015267961651969,0.0877842891268322,0.1046994840584,0.0831016450551426,0.1858365884403739,10_sp_aij_5,3049039,0.1,10,9152,31,30,even
273,3.0303030303030303,0.0803178017778144,0.3252177117187187,0.0634991929887041,0.2327857603590546,0.3066583553471663,0.1646427820704241,0.1095665463912805,0.1004672141447048,0.1435517023766362,0.2928151999967312,10_sp_aij_5,3049039,0.1,10,9152,31,30,even
274,3.939393939393939,0.0860221095288259,0.4034218894810066,0.0631827566829304,0.2701817134526483,0.377806135622941,0.1375496489126348,0.1047437370065063,0.1065959269505184,0.1950860885737984,0.336577050322421,10_sp_aij_5,3049039,0.1,10,9152,31,30,even
275,5.151515151515151,0.0921715584502751,0.359647273584085,0.1299188317146811,0.3081998588211748,0.6202512455968991,0.1277144178944791,0.0691574029695409,0.1503444611762898,0.2920130269595373,0.4667066670254651,10_sp_aij_5,3049039,0.1,10,9152,31,30,even
276,6.0606060606060606,0.1081512926275278,0.5778442864547575,0.1827194736365952,0.3184240820549692,0.7973256255090221,0.1252280754338132,0.0895851162043254,0.1504373991595162,0.3061546618097779,0.6130677183390906,10_sp_aij_5,3049039,0.1,10,9152,31,30,even
277,6.96969696969697,0.1037805516863131,0.5142274974969511,0.218655862450249,0.3891205985392831,1.0034902475130565,0.1177031374908603,0.0849713304118051,0.1799743166138231,0.3034478763614999,0.6172551926078148,10_sp_aij_5,3049039,0.1,10,9152,31,30,even
278,8.181818181818182,0.1308047971471367,0.6504319400906144,0.2993352904146792,0.4704471537821003,0.8155115052746134,0.0878581711703281,0.1251546930708074,0.254112094464955,0.4106240959055872,0.7173000538370164,10_sp_aij_5,3049039,0.1,10,9152,31,30,even
279,9.090909090909092,0.1070380827422815,0.4787714585769602,0.3345206783313882,0.3973801922544954,1.0956618312189288,0.0695073312215298,0.1018120566237629,0.2463041951686154,0.3825928280205201,0.9026434350022604,10_sp_aij_5,3049039,0.1,10,9152,31,30,even
280,10.303030303030305,0.0735109758707706,0.5340349324722679,0.418259835781673,0.4363878628039513,0.8879312692659893,0.0424796933879058,0.1565826512959205,0.3242741916964315,0.4608119205771014,0.8189750409856655,10_sp_aij_5,3049039,0.1,10,9152,31,30,even
281,11.212121212121213,0.045233112933514,0.5841006902850637,0.4197946265011818,0.3998604719965409,0.8652719819920969,0.0332432080337501,0.2067060344994608,0.3719192368671282,0.5964079305932065,0.6214297366747553,10_sp_aij_5,3049039,0.1,10,9152,31,30,even
282,12.12121212121212,0.0450270537283489,0.4511664479120765,0.4676059556220929,0.380249117466186,0.9376145733231402,0.0283707881585538,0.2614329404041408,0.4134943788272005,0.499555538942475,0.780826373117577,10_sp_aij_5,3049039,0.1,10,9152,31,30,even
283,13.333333333333334,0.0538201439648622,0.4183090237829007,0.407427352143901,0.3885728558594514,0.9311515733641722,0.0197465701260111,0.2654009926515893,0.2889777736397055,0.5345884689536707,0.6983711109603689,10_sp_aij_5,3049039,0.1,10,9152,31,30,even
284,14.242424242424242,0.0499348477295764,0.5798468183153079,0.3158067117405034,0.3523178972606948,0.8107570750634112,0.0236877500246829,0.213824527848967,0.2388286296026162,0.4465993719126278,0.6868333499171585,10_sp_aij_5,3049039,0.1,10,9152,31,30,even
285,15.454545454545457,0.0454729884286681,0.568781849985927,0.3550529006803281,0.3278639959580202,1.023519201932246,0.0227465271741825,0.187588685509547,0.3450480508227264,0.5605004923318241,0.6513380276333129,10_sp_aij_5,3049039,0.1,10,9152,31,30,even
286,16.363636363636363,0.0513177798872484,0.5991109937169409,0.3575560155007445,0.3312597220026123,0.836540063122224,0.0216146011162938,0.1704024727215314,0.2785454966825051,0.5825220718172309,0.7455685021529259,10_sp_aij_5,3049039,0.1,10,9152,31,30,even
287,17.575757575757578,0.0658253901272465,0.4525168368769541,0.3842245414555789,0.3136913865528335,0.9527071049646582,0.01676413509492,0.1283447089335537,0.4125726419161442,0.4234952390890037,0.6709091344615947,10_sp_aij_5,3049039,0.1,10,9152,31,30,even
288,18.484848484848484,0.0477764924033869,0.494400272046915,0.4436300009276545,0.3900722993925103,0.8795262658741441,0.0172171769336709,0.1460646374151603,0.2976483655365738,0.500963875265733,0.7090682858974061,10_sp_aij_5,3049039,0.1,10,9152,31,30,even
289,19.393939393939394,0.056270572054717,0.4326830737850029,0.3490657720485127,0.3368797673654504,1.041789326129389,0.0196702806912587,0.1379197779540227,0.254441457244255,0.5075126411163311,0.7111774520801374,10_sp_aij_5,3049039,0.1,10,9152,31,30,even
290,20.60606060606061,0.0526755997089207,0.506494259679874,0.308332875685525,0.3786635249029933,0.8908798337620106,0.0276718150070653,0.160446439306535,0.312070200543337,0.4081761804436914,0.6014370756254643,10_sp_aij_5,3049039,0.1,10,9152,31,30,even
291,21.51515151515152,0.0598864645094578,0.5391450424130606,0.3717787715771353,0.4339190051332068,0.834440285010755,0.0271199623170706,0.1979080876758522,0.3526256667521926,0.4245668245621469,0.6747980946592788,10_sp_aij_5,3049039,0.1,10,9152,31,30,even
292,22.727272727272727,0.0561111032109123,0.5191441506612312,0.3573210534564221,0.4571283264862872,0.781240458600523,0.0222893937353076,0.2458421194532453,0.3039779778032876,0.4478390366349744,0.5409631617415109,10_sp_aij_5,3049039,0.1,10,9152,31,30,even
293,23.63636363636364,0.0588163253294051,0.5343910302166601,0.2434494055192501,0.4756850985515758,0.8364671812071378,0.0245150710327106,0.2230994956687312,0.255754262621549,0.5331963478887155,0.7860769821353346,10_sp_aij_5,3049039,0.1,10,9152,31,30,even
294,24.545454545454547,0.0649486981873614,0.444760064450948,0.3677885740354276,0.2964462290890071,0.8413647068698109,0.0313689111228181,0.1681964130289972,0.2757145680366783,0.3220900816836687,0.6341139533378577,10_sp_aij_5,3049039,0.1,10,9152,31,30,even
295,25.75757575757576,0.066930332409286,0.4621217576941158,0.3751186955720699,0.4446123733685339,0.8537750076281005,0.0369737615939013,0.2429244727958716,0.2804953646139941,0.4063907447466552,0.517576326537261,10_sp_aij_5,3049039,0.1,10,9152,31,30,even
296,26.666666666666668,0.0758923164776827,0.4877032429015784,0.4271750029519091,0.3219281196362455,0.7998901865101684,0.0405748354475689,0.2536881965337657,0.3182630048647394,0.4824462705386445,0.6026200603564904,10_sp_aij_5,3049039,0.1,10,9152,31,30,even
297,27.87878787878788,0.1130229447849472,0.4603029885040469,0.3460536444147347,0.4346616497971638,0.8400180795751304,0.031700941160763,0.2010458611521509,0.2404554589097549,0.4909307004987032,0.5501296488025421,10_sp_aij_5,3049039,0.1,10,9152,31,30,even
298,28.78787878787879,0.1056552232512315,0.4313674336451196,0.366736517749,0.3284081730247663,0.9431252243461647,0.0352623471704222,0.1894088833210323,0.3246321589555581,0.4441624126704026,0.6412355245101958,10_sp_aij_5,3049039,0.1,10,9152,31,30,even
299,30.0,0.0790642223737481,0.4380433187388169,0.3737340153838661,0.3586205312938612,0.9588029741352176,0.0191691870673159,0.2114899499638391,0.3548777493324951,0.4284078435995318,0.4891960284581915,10_sp_aij_5,3049039,0.1,10,9152,31,30,even
300,0.0,0.05,0.08,0.08,0.06,0.09,0.03,0.02,0.07,0.02,0.07,10_sp_aij_5,3346496,0.1,10,9152,31,30,even
301,0.9090909090909092,0.0507561295683415,0.1113272795519322,0.0792665562256964,0.0865006391348636,0.1625965939230339,0.0465621151490374,0.0366548135118282,0.0808091261112406,0.0254258081210154,0.1179008207100748,10_sp_aij_5,3346496,0.1,10,9152,31,30,even
302,1.8181818181818183,0.0503590320543242,0.1145491730841009,0.1017165534300098,0.2072743206398326,0.1844510117806098,0.0634741858732234,0.0536427839573314,0.0882059100418629,0.0469130201029358,0.1327814357717936,10_sp_aij_5,3346496,0.1,10,9152,31,30,even
303,3.0303030303030303,0.0534756452584371,0.1989016615826421,0.156329848549879,0.2294227011178334,0.2993764864177012,0.0876054491021353,0.1150255499334453,0.1189837083289634,0.0783824716667293,0.222575509265417,10_sp_aij_5,3346496,0.1,10,9152,31,30,even
304,3.939393939393939,0.0558966344706099,0.3364620216667343,0.1692895195137439,0.3147550921681266,0.4250413149409084,0.1175328198564625,0.1600466298804921,0.1101374381095927,0.1567540870176841,0.3513491630746642,10_sp_aij_5,3346496,0.1,10,9152,31,30,even
305,5.151515151515151,0.0699771260312166,0.4690454479042134,0.1630897389876715,0.2942924188754303,0.4805614394496603,0.0843238943049363,0.1751105194407525,0.1470749096382578,0.2613120598969337,0.4557523491936368,10_sp_aij_5,3346496,0.1,10,9152,31,30,even
306,6.0606060606060606,0.0654916803560866,0.4010042083776443,0.1699011342507296,0.2470428790440435,0.6452753821240172,0.1130144757101683,0.1367956177665171,0.165245922379153,0.3043085587213224,0.6054431670888368,10_sp_aij_5,3346496,0.1,10,9152,31,30,even
307,6.96969696969697,0.060620035556573,0.4696854635257623,0.187331504212248,0.3344882063749361,0.6924365008381759,0.1177892445109743,0.1229715924339833,0.1699793568531219,0.3012622943278423,0.5807870602001274,10_sp_aij_5,3346496,0.1,10,9152,31,30,even
308,8.181818181818182,0.0729353352624114,0.5606223417121672,0.2765617448983286,0.428506745042437,0.8043002224438651,0.0803092017147099,0.1317711867834139,0.213942002712193,0.4198661524318829,0.7444936011381524,10_sp_aij_5,3346496,0.1,10,9152,31,30,even
309,9.090909090909092,0.0618332387659622,0.4345981948192757,0.3249826290533297,0.3347180378161534,0.8699212244144556,0.1007836071967951,0.1226946202891016,0.2545192032862012,0.5014520380647559,0.6939418437076856,10_sp_aij_5,3346496,0.1,10,9152,31,30,even
310,10.303030303030305,0.0581001077417281,0.586978623151048,0.3219773764786595,0.406056017633818,0.6270104093684945,0.0861499697758185,0.1306441631304255,0.2800675062307414,0.4241031361327537,0.7077744218579748,10_sp_aij_5,3346496,0.1,10,9152,31,30,even
311,11.212121212121213,0.0697035566071531,0.4731995280344813,0.2659654633213142,0.3175918027922308,0.8023145096651233,0.0724643568358328,0.1168988495517327,0.2311397800989237,0.4275590453723309,0.5888080896019258,10_sp_aij_5,3346496,0.1,10,9152,31,30,even
312,12.12121212121212,0.0749463223851259,0.6215851367902975,0.2797674858977039,0.2694352285943103,0.8862552720898202,0.0594836367220327,0.0927622679962521,0.2685454093695835,0.3704027548136888,0.6505857315501291,10_sp_aij_5,3346496,0.1,10,9152,31,30,even
313,13.333333333333334,0.1061695528564665,0.4762921426317943,0.3545859834343981,0.354933775587308,0.8645564411487747,0.061885844093067,0.1171241658661466,0.3121509276451245,0.3623996966725514,0.5583058609117689,10_sp_aij_5,3346496,0.1,10,9152,31,30,even
314,14.242424242424242,0.1158114563584726,0.494105648224796,0.4423187825927204,0.4623778577860734,0.9101097389452134,0.036368102429131,0.1388900332688417,0.2853700926120517,0.4339909759003146,0.6965194417187252,10_sp_aij_5,3346496,0.1,10,9152,31,30,even
315,15.454545454545457,0.1148666501956574,0.4645662014252198,0.3764624097487369,0.4238321254061762,0.8008147352912485,0.0416188589365782,0.1470262575223929,0.3809586907322963,0.4222324111501682,0.6594447624851684,10_sp_aij_5,3346496,0.1,10,9152,31,30,even
316,16.363636363636363,0.0965706014766452,0.4436376121982951,0.470782889709738,0.3821944778549108,0.7597605676540764,0.0418917097622992,0.1802942113085158,0.2933164396437486,0.453149585273163,0.6939193717647569,10_sp_aij_5,3346496,0.1,10,9152,31,30,even
317,17.575757575757578,0.0679195693698146,0.4403065793998799,0.4495325263536873,0.3190407306934361,0.7058706166029718,0.0374806423646032,0.1458020643405126,0.2740449480637834,0.4450240696973813,0.6330282422315621,10_sp_aij_5,3346496,0.1,10,9152,31,30,even
318,18.484848484848484,0.0595637207359968,0.4505776987946027,0.3702553032164907,0.405849801725631,0.8288698477715214,0.0280903515455521,0.1269365298425113,0.3135889091126451,0.4690597644481754,0.6193820908143365,10_sp_aij_5,3346496,0.1,10,9152,31,30,even
319,19.393939393939394,0.0461598944412809,0.5467670754437425,0.2861504538892224,0.372752004502498,0.8840613338204936,0.0262837645970457,0.2026668865929876,0.2971663706864052,0.4374477413661263,0.5114759449936963,10_sp_aij_5,3346496,0.1,10,9152,31,30,even
320,20.60606060606061,0.0490657311617379,0.5720056281594916,0.3414932818410633,0.4144586827951994,0.9463681504321586,0.0254424291144743,0.2516732149683671,0.2844113724086229,0.4540669398606179,0.5916379150620551,10_sp_aij_5,3346496,0.1,10,9152,31,30,even
321,21.51515151515152,0.052149455478236,0.5677295106717654,0.4263070100638531,0.3470915145720563,0.7577546454638608,0.025668745862923,0.1808703452841999,0.2894918312067684,0.4740443936040384,0.8069525094632485,10_sp_aij_5,3346496,0.1,10,9152,31,30,even
322,22.727272727272727,0.0416458527102099,0.5964236216249519,0.4022680196446556,0.4468292844717775,0.8091649461795061,0.0313703549971507,0.1562516283946725,0.3209189006720114,0.4562949558142781,0.7025616199805172,10_sp_aij_5,3346496,0.1,10,9152,31,30,even
323,23.63636363636364,0.0365551277007789,0.5062282928076968,0.3731611921256168,0.3027433738785007,0.9743732774087288,0.0343264675665791,0.1865853403888283,0.3209533304766772,0.4768309779762144,0.7020351024084487,10_sp_aij_5,3346496,0.1,10,9152,31,30,even
324,24.545454545454547,0.0327250061941589,0.5107664016291589,0.3205615195499905,0.3774532630486397,0.6988288632446245,0.0227818338903778,0.184099585232868,0.3106036867239546,0.5665875263688206,0.6744465162673265,10_sp_aij_5,3346496,0.1,10,9152,31,30,even
325,25.75757575757576,0.041204644054757,0.5491203018475033,0.3273988496745383,0.3848501168624979,0.8856072834309954,0.0196262215771814,0.1320771774056028,0.3011039076385033,0.5202606258992144,0.8103362342481888,10_sp_aij_5,3346496,0.1,10,9152,31,30,even
326,26.666666666666668,0.0364278771512707,0.596441771150211,0.4151149337486068,0.4175399255694915,1.0552657695978225,0.020751681744093,0.201564218941062,0.3300077028056563,0.6020934794040829,0.7077313099003847,10_sp_aij_5,3346496,0.1,10,9152,31,30,even
327,27.87878787878788,0.0271684543050685,0.6006875854889057,0.3882517064314191,0.4829486009202258,1.0122667116489628,0.0097379321308174,0.2095225748941081,0.3463064394824683,0.5180493169113877,0.8313456363761281,10_sp_aij_5,3346496,0.1,10,9152,31,30,even
328,28.78787878787879,0.0223500316541259,0.5142442900505689,0.4608065678063508,0.535612681527295,1.0432177734994654,0.0079433972095445,0.2391080918988433,0.2796376025364561,0.5094348128486128,0.814234679790574,10_sp_aij_5,3346496,0.1,10,9152,31,30,even
329,30.0,0.0242982931504452,0.4412239446211045,0.3404409013292894,0.3914965501057404,0.8895932910086535,0.0089506488199229,0.2134287596301763,0.3483850567184383,0.4923837180231865,0.8235580898410064,10_sp_aij_5,3346496,0.1,10,9152,31,30,even
330,0.0,0.04,0.06,0.03,0.03,0.08,0.08,0.01,0.01,0.09,0.03,10_sp_aij_5,4211685,0.1,10,9152,31,30,even
331,0.9090909090909092,0.0346308064494005,0.1674963951829564,0.0346897791038627,0.0619432341848107,0.1084825261524888,0.097886700193216,0.0154006421562172,0.0132714565503963,0.1191292251067554,0.0532773058125358,10_sp_aij_5,4211685,0.1,10,9152,31,30,even
332,1.8181818181818183,0.0473523492438674,0.2970135721252861,0.030342409958767,0.0952636154018492,0.1563446421084534,0.1134358963469207,0.0302007263002994,0.0190724221797596,0.1152271561675137,0.0839469140485908,10_sp_aij_5,4211685,0.1,10,9152,31,30,even
333,3.0303030303030303,0.0678499226562493,0.3893742582667597,0.0197241915161741,0.1500244017617153,0.3634147330904993,0.1016332408095021,0.0321763717950505,0.0333554287451773,0.17489699421805,0.2173037874484707,10_sp_aij_5,4211685,0.1,10,9152,31,30,even
334,3.939393939393939,0.0938875227033122,0.4591633916890231,0.0241786469518421,0.236749390494715,0.4776474355892607,0.120581921371776,0.036739256412915,0.0418749283834255,0.2148593636349879,0.3848741607582969,10_sp_aij_5,4211685,0.1,10,9152,31,30,even
335,5.151515151515151,0.1187596546705407,0.5072918912118749,0.0596433860829818,0.3495426149133789,0.6614741957192544,0.1162270524172772,0.0404940209309342,0.0650185275764478,0.2505791003036743,0.4216188365610263,10_sp_aij_5,4211685,0.1,10,9152,31,30,even
336,6.0606060606060606,0.1112799527038599,0.6339877994782978,0.0785990392538211,0.3628903422582498,0.7547850868800274,0.1314157173816925,0.0455866486551795,0.1225136132246392,0.3229103083189459,0.6294643559760312,10_sp_aij_5,4211685,0.1,10,9152,31,30,even
337,6.96969696969697,0.0957825763563477,0.4955264296959246,0.138923040176821,0.3218604301596604,0.8656196589581642,0.1168857992673933,0.0499722372172921,0.1365597305849683,0.3593441456913069,0.8150144550605355,10_sp_aij_5,4211685,0.1,10,9152,31,30,even
338,8.181818181818182,0.1017397147789121,0.5633887330986838,0.2794037897885836,0.406964419297622,0.8057467967534592,0.0833013469084927,0.0408834777440481,0.1769076213534002,0.4406420309945577,0.725509452304462,10_sp_aij_5,4211685,0.1,10,9152,31,30,even
339,9.090909090909092,0.0936442428004277,0.5336969916847897,0.2905652508149411,0.3454033896531274,0.8884248595823095,0.0825197066173241,0.0596007968985986,0.2428877880813817,0.4498516528962203,0.6331674944219539,10_sp_aij_5,4211685,0.1,10,9152,31,30,even
340,10.303030303030305,0.0989601645980772,0.5066744077849035,0.4061752608026152,0.4810730614156258,1.0714716120862957,0.0451940017366297,0.0782567923938061,0.3059931304309832,0.4755261826067034,0.7546167499225775,10_sp_aij_5,4211685,0.1,10,9152,31,30,even
341,11.212121212121213,0.1030237885911187,0.5490207964300708,0.4980703564082889,0.5465117211341639,0.9145452536174358,0.0362685657884781,0.0764466196859623,0.3469428413726586,0.4862950631291302,0.8035245404672664,10_sp_aij_5,4211685,0.1,10,9152,31,30,even
342,12.12121212121212,0.0939120655935835,0.5365984172014967,0.5442889114713625,0.4271365533651887,0.9996133198544692,0.0268400146525789,0.0880843451014061,0.3382569418690406,0.4789768760327044,0.8893624300612017,10_sp_aij_5,4211685,0.1,10,9152,31,30,even
343,13.333333333333334,0.1130207046211146,0.4261523865421644,0.4960713114335111,0.4787745283481572,1.0341528266302924,0.0205604336655635,0.1194858617723629,0.3699038766296316,0.4485113957537638,0.6845784279515994,10_sp_aij_5,4211685,0.1,10,9152,31,30,even
344,14.242424242424242,0.0935486919050853,0.4714066176264244,0.4950159844631011,0.437713806253262,0.9706234940191224,0.0176480079070984,0.1538357642557802,0.3153528534183676,0.5443133430279019,0.5885972895999463,10_sp_aij_5,4211685,0.1,10,9152,31,30,even
345,15.454545454545457,0.0922665314046162,0.444458486563195,0.4661578739521094,0.436257741580404,1.016585885820296,0.0118372826696217,0.1798738351703979,0.3247995237749287,0.5671145244778146,0.6435204919413576,10_sp_aij_5,4211685,0.1,10,9152,31,30,even
346,16.363636363636363,0.1001299139415996,0.5050842873413703,0.4868995085249716,0.4885944172492957,0.7717613772027606,0.010450240004891,0.210568120473271,0.4382461848317773,0.4873479392296953,0.7601887380326376,10_sp_aij_5,4211685,0.1,10,9152,31,30,even
347,17.575757575757578,0.0655338263872758,0.3736393501077925,0.5783091844521262,0.3762231586421251,0.8488255892244349,0.0096327501014421,0.2499432240771172,0.384165660616336,0.4127371625519753,0.6904202714902244,10_sp_aij_5,4211685,0.1,10,9152,31,30,even
348,18.484848484848484,0.0690905737078389,0.4166493245828159,0.4508947546015759,0.4423256879739898,0.8415536936495083,0.0077681747533453,0.2581138772975526,0.3620098856423713,0.5596097503415068,0.7542816115282207,10_sp_aij_5,4211685,0.1,10,9152,31,30,even
349,19.393939393939394,0.0686767722571903,0.5012261117845555,0.3952413546837787,0.3531041805324136,0.8967657936329766,0.0054814921209569,0.2283497386156532,0.3654627223518268,0.541007090347703,0.5506952627000367,10_sp_aij_5,4211685,0.1,10,9152,31,30,even
350,20.60606060606061,0.059805742015494,0.5441456075017732,0.347282659429634,0.3477665563758052,0.7176410613754749,0.0039241543640024,0.2260884850732925,0.2987268668621691,0.4934782364513496,0.5816009660769661,10_sp_aij_5,4211685,0.1,10,9152,31,30,even
351,21.51515151515152,0.048017674587737,0.4802929319562519,0.3884770533329853,0.3441015034179844,0.9489716903250804,0.0055641189380177,0.2399076765458186,0.3590500903422763,0.4277255873656814,0.5276949212789297,10_sp_aij_5,4211685,0.1,10,9152,31,30,even
352,22.727272727272727,0.0650304858804424,0.4153046064271874,0.3183315714912842,0.3770650474246259,0.6914034587478692,0.0048664812619011,0.2237297406969624,0.3344440861092552,0.4423751250985971,0.5773768269126834,10_sp_aij_5,4211685,0.1,10,9152,31,30,even
353,23.63636363636364,0.04733752458565,0.4883420540490797,0.2568386141613968,0.4596848654816661,0.8808301409334653,0.005439372889343,0.2035519981233536,0.2529359291258278,0.5134334868456318,0.551204400401136,10_sp_aij_5,4211685,0.1,10,9152,31,30,even
354,24.545454545454547,0.0664580159522661,0.474986379477044,0.242667771499741,0.4074507607224889,0.7402833725721295,0.0056816876689746,0.2637017813685278,0.2044830167132305,0.5428979120014041,0.5444040251995184,10_sp_aij_5,4211685,0.1,10,9152,31,30,even
355,25.75757575757576,0.0601948433587494,0.4250639932577122,0.3422460840093037,0.3461908695570566,0.7496230189599833,0.0063523306831523,0.2058920141518653,0.2827782976040751,0.492358820723792,0.6802666318774956,10_sp_aij_5,4211685,0.1,10,9152,31,30,even
356,26.666666666666668,0.0367125977298106,0.5430135480090996,0.3317794209868424,0.3041043521787572,0.8254248099060133,0.00953664484704,0.2315594317984504,0.2921265735116898,0.3488466119707843,0.6719925065368791,10_sp_aij_5,4211685,0.1,10,9152,31,30,even
357,27.87878787878788,0.0265668798698788,0.4451439502961994,0.2764187445663347,0.3456516400412878,0.928543413211254,0.0113056359364998,0.2368265964367641,0.2596517817945827,0.4680526127713154,0.7324749863363517,10_sp_aij_5,4211685,0.1,10,9152,31,30,even
358,28.78787878787879,0.0212679646403666,0.5161970864833659,0.2675432505525996,0.474382588457962,0.7996334387917305,0.0124732872979793,0.1731053522295282,0.2553866083999266,0.4186516584438384,0.8085623190754397,10_sp_aij_5,4211685,0.1,10,9152,31,30,even
359,30.0,0.0169990789519013,0.5939139937469485,0.2586876670431483,0.3164390905583336,0.7280856702667434,0.0204802334452051,0.2170269656790537,0.2873998070416098,0.5054934533847019,0.5844859814467371,10_sp_aij_5,4211685,0.1,10,9152,31,30,even
360,0.0,0.08,0.01,0.05,0.03,0.08,0.01,0.01,0.02,0.01,0.02,10_sp_aij_5,4240255,0.1,10,9152,31,30,even
361,0.9090909090909092,0.1010293694591919,0.013461385705804,0.0696024136627754,0.0786046100866151,0.0948708871202218,0.0141576777760964,0.0155317652065714,0.0289232787113027,0.0135753337864859,0.0293358059775262,10_sp_aij_5,4240255,0.1,10,9152,31,30,even
362,1.8181818181818183,0.1036944666738251,0.0336941913339239,0.1049006049883747,0.1495162511529509,0.1150159313316054,0.0241901708540721,0.0270929750263163,0.0480913724352678,0.0148077712725497,0.0496678275687666,10_sp_aij_5,4240255,0.1,10,9152,31,30,even
363,3.0303030303030303,0.1280512239513823,0.0817103152690902,0.1296143292811187,0.2129584079121009,0.0980865269100991,0.0431064724612246,0.0647480272767218,0.0674918432385707,0.021524450298749,0.1118524117906772,10_sp_aij_5,4240255,0.1,10,9152,31,30,even
364,3.939393939393939,0.0947117674252992,0.1516758848963172,0.1413216905107702,0.2063192571908215,0.1310469370527792,0.0507226802485368,0.1037377570008427,0.0821908969726658,0.0430370001530447,0.1607608112097248,10_sp_aij_5,4240255,0.1,10,9152,31,30,even
365,5.151515151515151,0.1114820879119275,0.2633529931602016,0.1581319517436072,0.2632827981578444,0.1875242788649169,0.0704966680047043,0.1184519557048021,0.1065849354213781,0.084134328176951,0.2416767533327628,10_sp_aij_5,4240255,0.1,10,9152,31,30,even
366,6.0606060606060606,0.1063852476660769,0.3547025785507048,0.1583505547856937,0.2781469187517127,0.3424574392544488,0.1016930181559853,0.123284804221818,0.1078324210816784,0.136126742729208,0.3791779943799576,10_sp_aij_5,4240255,0.1,10,9152,31,30,even
367,6.96969696969697,0.112718039839512,0.4652952474350093,0.1405861854090548,0.3006516651938927,0.3924026060119487,0.139914521738531,0.1229678696226434,0.1088156449730167,0.1372223516200941,0.4717520954066379,10_sp_aij_5,4240255,0.1,10,9152,31,30,even
368,8.181818181818182,0.1007270646464822,0.5372439104752453,0.1407665155846024,0.2736334000156464,0.6176009231440026,0.1357322876930208,0.0794469842080261,0.1162700142049382,0.270223459332315,0.7614703314593145,10_sp_aij_5,4240255,0.1,10,9152,31,30,even
369,9.090909090909092,0.0808901127123118,0.5629899337446489,0.1706187357955292,0.3147623720521821,0.7157016896684077,0.1245326525632041,0.0893922679560927,0.1795321386852303,0.3040160028851909,0.6949330680863042,10_sp_aij_5,4240255,0.1,10,9152,31,30,even
370,10.303030303030305,0.0656221220262167,0.411563171332836,0.2162751444611709,0.3536860832514241,0.848331070543012,0.1082826183088822,0.09904367133045,0.1748664444103292,0.3284704311897429,0.6354062662585566,10_sp_aij_5,4240255,0.1,10,9152,31,30,even
371,11.212121212121213,0.0622128416033352,0.4690497856175902,0.3309067694143811,0.3764492451560464,0.7687520829329573,0.0989594458272422,0.1231590352405281,0.2505487887411063,0.3653367157624457,0.6548049417281211,10_sp_aij_5,4240255,0.1,10,9152,31,30,even
372,12.12121212121212,0.090407328500763,0.4543194554608246,0.4684696591145068,0.4761879475053864,0.5676962267086727,0.0704741388794227,0.1364516126045664,0.4133872246594038,0.4593656277145571,0.4677044330620722,10_sp_aij_5,4240255,0.1,10,9152,31,30,even
373,13.333333333333334,0.0557203259705385,0.4544030282275634,0.3305953397023019,0.3370186961891224,0.9204460597570052,0.0475138254927091,0.2144870911859084,0.4561024280561766,0.5068776735856851,0.8109714874146575,10_sp_aij_5,4240255,0.1,10,9152,31,30,even
374,14.242424242424242,0.0392625774488191,0.5964985986084511,0.294469025856599,0.3682072797974691,1.1521553619774636,0.0340623185763981,0.2211909960402671,0.2982852824962421,0.4623402665716493,0.6228959645390061,10_sp_aij_5,4240255,0.1,10,9152,31,30,even
375,15.454545454545457,0.0544797367112454,0.4375587935192436,0.2487260866061748,0.3043111152421521,0.866890219092946,0.0361447195921878,0.192289811944062,0.2341255193139032,0.4623976147517337,0.7258389628194939,10_sp_aij_5,4240255,0.1,10,9152,31,30,even
376,16.363636363636363,0.0617296404337265,0.5020550817471833,0.2719075184066875,0.3628944315583068,0.8157051669430609,0.0260088766369393,0.1326012363271334,0.2354251295407067,0.5334392237706633,0.6690700428105494,10_sp_aij_5,4240255,0.1,10,9152,31,30,even
377,17.575757575757578,0.0676695422982138,0.4014667031665178,0.2874052493958342,0.3387222477385679,0.7941798292655381,0.0238450078808182,0.149246895908315,0.2880756034714723,0.5213458843296022,0.6643074731808802,10_sp_aij_5,4240255,0.1,10,9152,31,30,even
378,18.484848484848484,0.0523277730462747,0.4363789381871151,0.305124694683584,0.3992585932760552,0.9046525313985816,0.0239523016782735,0.1790051402547136,0.3501394507768983,0.4472753147000787,0.618799566999151,10_sp_aij_5,4240255,0.1,10,9152,31,30,even
379,19.393939393939394,0.0750913567872279,0.4516906401478558,0.338609583888091,0.3844775643442064,0.8199934664934527,0.0286340388486129,0.1953665265948341,0.3302820371346258,0.3542180999597442,0.6424474969014653,10_sp_aij_5,4240255,0.1,10,9152,31,30,even
380,20.60606060606061,0.0722818304337482,0.4552847040542443,0.396009772815622,0.4047090282501531,0.8906964620543454,0.0288973565322655,0.1830312484218603,0.3223439717457081,0.3491503923039172,0.7379243776186827,10_sp_aij_5,4240255,0.1,10,9152,31,30,even
381,21.51515151515152,0.060583850636311,0.3271866722055655,0.3604978380489493,0.448901079216182,0.8309306344216254,0.0330572128960116,0.2133418990225432,0.2826016295555192,0.4472013327107864,0.6146621561182283,10_sp_aij_5,4240255,0.1,10,9152,31,30,even
382,22.727272727272727,0.0559919021687643,0.5326357727585356,0.4115723597424544,0.3565744869044274,0.721880323931177,0.0293821794161623,0.1787144073302401,0.3655400692878915,0.46266732787103,0.6011730186990969,10_sp_aij_5,4240255,0.1,10,9152,31,30,even
383,23.63636363636364,0.0477314889365618,0.5010735485573949,0.2872986462184062,0.3624096383987016,0.8984457867266047,0.0237605632424829,0.1807900030990107,0.2596152844048751,0.5401466093675329,0.6019351248233784,10_sp_aij_5,4240255,0.1,10,9152,31,30,even
384,24.545454545454547,0.0409726021885931,0.5969069205633323,0.2919901988534688,0.3812306745393854,1.0103541597697037,0.0177957470277712,0.1486082275862149,0.2829888508964114,0.5499114466744494,0.7937394849403503,10_sp_aij_5,4240255,0.1,10,9152,31,30,even
385,25.75757575757576,0.0449644080588761,0.4730542940390789,0.3061788537526328,0.3398440312984553,0.7991871295764906,0.0214649608967697,0.1629922209587593,0.2814326223207105,0.3846316247348433,0.6330147179277968,10_sp_aij_5,4240255,0.1,10,9152,31,30,even
386,26.666666666666668,0.0429271470712112,0.4843200251260901,0.2956650910044744,0.3618204268778727,0.8558249322195834,0.0230634531132278,0.1789007789539208,0.2367856995217822,0.3777697564224742,0.6437087459839395,10_sp_aij_5,4240255,0.1,10,9152,31,30,even
387,27.87878787878788,0.0523260749311753,0.6382672403249808,0.281455717153734,0.3177435585790105,0.8510003290398833,0.0298917817097307,0.1520740584135658,0.2339326502956578,0.5150306907488984,0.6133901014139733,10_sp_aij_5,4240255,0.1,10,9152,31,30,even
388,28.78787878787879,0.0432369046544824,0.5956709504647929,0.2775502335367248,0.2892600420359835,1.0444652871578155,0.0167345763729877,0.1501453448717274,0.2645972823681201,0.4940704697777413,0.7690831633968157,10_sp_aij_5,4240255,0.1,10,9152,31,30,even
389,30.0,0.0450417824251282,0.6157633144214114,0.3175889554139707,0.439870901139984,0.968138595390617,0.0152701056000252,0.1501883445474045,0.3217785293571255,0.5025686849198905,0.8264441099940419,10_sp_aij_5,4240255,0.1,10,9152,31,30,even
390,0.0,0.04,0.08,0.09,0.06,0.06,0.06,0.08,0.03,0.02,0.09,10_sp_aij_5,5140131,0.1,10,9152,31,30,even
391,0.9090909090909092,0.0445132738897479,0.1417502157965201,0.1023932609958862,0.1186194737923952,0.0883187136822025,0.0824970094711246,0.1231139766183867,0.0498753950303034,0.0354243876931925,0.1078137070003528,10_sp_aij_5,5140131,0.1,10,9152,31,30,even
392,1.8181818181818183,0.0495898029235073,0.2545785064485683,0.1080106124340608,0.1542213326722746,0.1062241348553831,0.1240856699033631,0.152428075823779,0.0655629434853504,0.0458797295929807,0.163772497683655,10_sp_aij_5,5140131,0.1,10,9152,31,30,even
393,3.0303030303030303,0.0935914440670624,0.3740335052173981,0.0823534516483534,0.2788626438476262,0.2032726133261511,0.1799396519678883,0.121969697021649,0.0757310589460049,0.0709169833152728,0.2563230495098727,10_sp_aij_5,5140131,0.1,10,9152,31,30,even
394,3.939393939393939,0.086018490163318,0.3543401524544315,0.0714128392706469,0.2496823541748161,0.3668013095954133,0.1870142544086534,0.1003523164557966,0.0888462116725162,0.1199036446527492,0.3539677451109684,10_sp_aij_5,5140131,0.1,10,9152,31,30,even
395,5.151515151515151,0.0818403801574681,0.4027945636713433,0.1227878681140219,0.323102291760287,0.5859475227747073,0.1806053835638825,0.1169760319920836,0.1028154202945909,0.2015216221157396,0.3990725663095037,10_sp_aij_5,5140131,0.1,10,9152,31,30,even
396,6.0606060606060606,0.0647548606657264,0.4265589705469992,0.1781447773899749,0.2431923126860595,0.5260022558882099,0.1399581023632747,0.1317461092556994,0.1128609204296338,0.2463284533565958,0.4894257295285483,10_sp_aij_5,5140131,0.1,10,9152,31,30,even
397,6.96969696969697,0.0770450762828208,0.4320565138700711,0.2184034668197225,0.2767294858897188,0.6046643366298158,0.1469028226987296,0.1341901240663924,0.1464963290676073,0.3097289829001794,0.5327572721722302,10_sp_aij_5,5140131,0.1,10,9152,31,30,even
398,8.181818181818182,0.1090949615851259,0.4721457156226872,0.2356044683668095,0.3627027367521752,0.7722497141427749,0.122094076131347,0.1136546910062825,0.1830606978908431,0.3834347831023353,0.4803382040918619,10_sp_aij_5,5140131,0.1,10,9152,31,30,even
399,9.090909090909092,0.112520292968458,0.63916229706604,0.2450521913213271,0.4053746811374039,0.7611681385177604,0.1092985368816298,0.1612179400311402,0.2500647097484743,0.4640569024507252,0.5602955114921049,10_sp_aij_5,5140131,0.1,10,9152,31,30,even
400,10.303030303030305,0.1084930620426972,0.4725799756108315,0.3253727631558005,0.4667085710553677,0.8351795205327879,0.0813233740698583,0.1686397838917055,0.2781941617081795,0.4111779236770062,0.8423279977141102,10_sp_aij_5,5140131,0.1,10,9152,31,30,even
401,11.212121212121213,0.0867523588875192,0.5683605423761304,0.3448790140812216,0.4177770692427723,0.9461281566442468,0.0493239172658899,0.2011446735644563,0.2723501854349067,0.4913656362917104,0.7595059238354638,10_sp_aij_5,5140131,0.1,10,9152,31,30,even
402,12.12121212121212,0.0919455645525096,0.4979885784447225,0.385583766018529,0.4352916371707991,0.9639651271046584,0.0417049783995384,0.2140458093924703,0.3423776801754478,0.4798221378416027,0.6978723225204619,10_sp_aij_5,5140131,0.1,10,9152,31,30,even
403,13.333333333333334,0.0689730255589439,0.3931119519902,0.4596406652326907,0.3528705864267096,1.129213513414942,0.0555576345141657,0.202822379057424,0.36747835336702,0.3774115796025755,0.5965533435449208,10_sp_aij_5,5140131,0.1,10,9152,31,30,even
404,14.242424242424242,0.0632577815183456,0.5266309539939319,0.3099164625364194,0.4768059992007344,0.8972998508406692,0.0366645466963127,0.2254535548189383,0.2992259236238812,0.5038573888052047,0.6226084313438042,10_sp_aij_5,5140131,0.1,10,9152,31,30,even
405,15.454545454545457,0.0549481672864392,0.4191462336381343,0.3711131939279373,0.5065887146226944,0.762844750291392,0.0327821803766012,0.2235510031878045,0.2890099073547058,0.5382190008138962,0.6445746548189493,10_sp_aij_5,5140131,0.1,10,9152,31,30,even
406,16.363636363636363,0.0564893976427955,0.5956492117246096,0.4247375825419553,0.464416610427919,0.8579865804745728,0.0347695925008854,0.212445052185908,0.3462041631320329,0.4182749203897407,0.7016682543495691,10_sp_aij_5,5140131,0.1,10,9152,31,30,even
407,17.575757575757578,0.0524608163919559,0.4572138730887654,0.4066699326360241,0.3288181843048527,0.833793685340483,0.0287374521053827,0.3032807883058861,0.3758832038157872,0.4640700452572345,0.7300681862933538,10_sp_aij_5,5140131,0.1,10,9152,31,30,even
408,18.484848484848484,0.0591492077150808,0.4176395699549949,0.3462766910705028,0.3772852675079626,0.6784077296109752,0.0252457276283451,0.2380022522478268,0.3042368995701422,0.4553673225313688,0.5347272028170852,10_sp_aij_5,5140131,0.1,10,9152,31,30,even
409,19.393939393939394,0.0680819412951763,0.603124830865033,0.354163729687526,0.5031706860416502,0.929167268008086,0.0368609788589196,0.2071801346558323,0.33032290205904,0.4958606809440904,0.5677788501989256,10_sp_aij_5,5140131,0.1,10,9152,31,30,even
410,20.60606060606061,0.0595584720914567,0.6876857286141383,0.3363036624669117,0.3851112670728064,0.8481289631349094,0.029546062428199,0.2217833823319097,0.3789558040271128,0.5998721926104471,0.7407521829081198,10_sp_aij_5,5140131,0.1,10,9152,31,30,even
411,21.51515151515152,0.0592743643070467,0.3696808474717374,0.2657558160927348,0.3777092551259944,0.8465376447730605,0.0209955905434948,0.2060607192411727,0.3670568807703449,0.4514472320864871,0.6507052440536015,10_sp_aij_5,5140131,0.1,10,9152,31,30,even
412,22.727272727272727,0.0617815616016688,0.4707960181636496,0.37604876739969,0.3312511258309082,0.9052276823587684,0.0175735286719808,0.1916875652823691,0.3196422241623348,0.4299287755900727,0.5544090577303946,10_sp_aij_5,5140131,0.1,10,9152,31,30,even
413,23.63636363636364,0.0489750319516174,0.5190361359544687,0.4093225877051512,0.3796242789313857,1.0078367759661415,0.017717685804034,0.2436444377884896,0.3439370614109009,0.4867534287260784,0.6952682803362858,10_sp_aij_5,5140131,0.1,10,9152,31,30,even
414,24.545454545454547,0.0590145910429457,0.5689516726905071,0.4136830306742965,0.4307280546943621,0.8328391768819602,0.01959447085862,0.2594616910324602,0.3404339482598668,0.5164930158745,0.6860609728524619,10_sp_aij_5,5140131,0.1,10,9152,31,30,even
415,25.75757575757576,0.0462450075173015,0.4211448910682954,0.3858167084804166,0.3583257437343105,0.796871376512936,0.0214989037554492,0.2632060419234907,0.284433680109844,0.5189852449059941,0.6613971383522466,10_sp_aij_5,5140131,0.1,10,9152,31,30,even
416,26.666666666666668,0.0561046649521932,0.3962253413313442,0.4442967281757097,0.4202999044673104,0.8262879874712948,0.0155698995929345,0.2240428091855152,0.341770469095968,0.4922514269480665,0.6543159954146386,10_sp_aij_5,5140131,0.1,10,9152,31,30,even
417,27.87878787878788,0.0449147345681063,0.4841098599744678,0.4265593147317369,0.3739511131587106,0.7960822776228542,0.0187604186060312,0.195622637075998,0.3374234112145711,0.5266543725855352,0.7736087142003856,10_sp_aij_5,5140131,0.1,10,9152,31,30,even
418,28.78787878787879,0.0491840109686743,0.4829307479450568,0.3073663241373294,0.4103556906083805,1.1109436155651446,0.0158565371188155,0.1831859308231765,0.3456423389431576,0.4832053800840384,0.7198761386622187,10_sp_aij_5,5140131,0.1,10,9152,31,30,even
419,30.0,0.0537270477823837,0.5529177760080973,0.3080824774714117,0.349551756544483,1.0119750187083636,0.0148012314494859,0.2023501520534002,0.3118537415144362,0.4058133148992182,0.7140099911599036,10_sp_aij_5,5140131,0.1,10,9152,31,30,even
420,0.0,0.04,0.07,0.02,0.04,0.03,0.03,0.07,0.06,0.01,0.03,10_sp_aij_5,5576645,0.1,10,9152,31,30,even
421,0.9090909090909092,0.0357450809955001,0.1247050200622098,0.0185403143568009,0.0971811062230175,0.0477573808836329,0.044144943277295,0.1518454850974323,0.0900190745666931,0.0144529211859342,0.0428408214916573,10_sp_aij_5,5576645,0.1,10,9152,31,30,even
422,1.8181818181818183,0.0373590020222249,0.189635695397816,0.022637357905197,0.1620849842112097,0.0874090806415176,0.0624857366275876,0.2020915030320113,0.1037191120798928,0.0165735599300436,0.0875206748104954,10_sp_aij_5,5576645,0.1,10,9152,31,30,even
423,3.0303030303030303,0.0304145020046928,0.2660421266432986,0.0219171764882561,0.2036526033303716,0.1774579750882113,0.1250859477904711,0.214119677483737,0.075220931037245,0.0406186740534267,0.2298111962650433,10_sp_aij_5,5576645,0.1,10,9152,31,30,even
424,3.939393939393939,0.0346602168548803,0.4205134343842106,0.0158509031360907,0.1848120330166062,0.228991371838569,0.2015651272547613,0.1739250735133185,0.0561034290881656,0.0681917522117133,0.2872902108106713,10_sp_aij_5,5576645,0.1,10,9152,31,30,even
425,5.151515151515151,0.039373421560323,0.4326530523453044,0.0161083358434978,0.2422562948292923,0.3736328339619852,0.190519830251251,0.14723584331648,0.0452956547857778,0.1192280832762554,0.3661990379492316,10_sp_aij_5,5576645,0.1,10,9152,31,30,even
426,6.0606060606060606,0.0326959805166039,0.4921398216318152,0.0230008156747181,0.2943693868208927,0.5256036866509894,0.2000632506517068,0.1121151331490978,0.0385491775253977,0.1884693169581624,0.4734120800263421,10_sp_aij_5,5576645,0.1,10,9152,31,30,even
427,6.96969696969697,0.0358249301965764,0.4939196373592754,0.0303765378035151,0.2846249363452096,0.6344380994736065,0.213641167075704,0.1054237064025113,0.0521160709998087,0.234700873922343,0.6074273593210423,10_sp_aij_5,5576645,0.1,10,9152,31,30,even
428,8.181818181818182,0.045666936813215,0.4631769232481822,0.0844180720539481,0.2858189902181469,0.6369793284839611,0.1810111824650265,0.1121006595395729,0.0815037183139705,0.2635711642504478,0.6289684052323897,10_sp_aij_5,5576645,0.1,10,9152,31,30,even
429,9.090909090909092,0.0480570928137459,0.5572766607016981,0.1563427724828389,0.3323492712520551,0.7167797175305713,0.1442345660486109,0.0992107975759698,0.1024947912619622,0.2968809929446279,0.6550696460167509,10_sp_aij_5,5576645,0.1,10,9152,31,30,even
430,10.303030303030305,0.052332394378816,0.6139667016710286,0.2066747088973144,0.3445199434018324,0.8712413401075976,0.1169448374613267,0.088444085835604,0.2092179606898976,0.3825923964118375,0.7822508276086267,10_sp_aij_5,5576645,0.1,10,9152,31,30,even
431,11.212121212121213,0.0403861694866507,0.5692216838074106,0.2602672856773544,0.3240438573736411,0.9180263550052734,0.1096441187169225,0.0821258706207189,0.199875662284918,0.3845361933798777,0.680293002794917,10_sp_aij_5,5576645,0.1,10,9152,31,30,even
432,12.12121212121212,0.0551919267065428,0.6373278392768061,0.3140418451787673,0.3383922654658716,0.86118324991853,0.0902988075192138,0.0764098061517264,0.2561780481613928,0.4119934832363044,0.7009576913003905,10_sp_aij_5,5576645,0.1,10,9152,31,30,even
433,13.333333333333334,0.0728802018501556,0.5660842505240142,0.3250004748058061,0.3730692074203953,1.051899630875308,0.075187350512408,0.1209589695842286,0.310571633957753,0.3662833023262888,0.5642641854446879,10_sp_aij_5,5576645,0.1,10,9152,31,30,even
434,14.242424242424242,0.0810071091742774,0.5146957931672187,0.3645041758854012,0.3118155774965602,0.7429834262105154,0.0663786930083268,0.1857806878870954,0.2801871358202373,0.4367468634195922,0.666293312175586,10_sp_aij_5,5576645,0.1,10,9152,31,30,even
435,15.454545454545457,0.0707764280008005,0.551883913209719,0.3815704874229137,0.3169678591233844,0.9645420403307658,0.067045324865536,0.2043685025293982,0.2933243051262055,0.5386249905089954,0.5669691725152943,10_sp_aij_5,5576645,0.1,10,9152,31,30,even
436,16.363636363636363,0.0702552981777104,0.5634098604046328,0.4048809736528439,0.4291987642027595,0.7934756491717265,0.052668169855874,0.1821951178724363,0.2812668243124586,0.4724888583776877,0.7771142715001034,10_sp_aij_5,5576645,0.1,10,9152,31,30,even
437,17.575757575757578,0.0529150597809398,0.4068696163011561,0.4522073623234547,0.4367266359731472,0.8685957162974312,0.0553372490162684,0.2162908783541906,0.2806309932393888,0.3581712160632698,0.7671500558003731,10_sp_aij_5,5576645,0.1,10,9152,31,30,even
438,18.484848484848484,0.0562099532450231,0.4434037747828522,0.2806140669180836,0.4155758915674185,0.7578605027254921,0.0562962484378738,0.1711923394335525,0.2333628283715229,0.4280502521575292,0.7104775696777808,10_sp_aij_5,5576645,0.1,10,9152,31,30,even
439,19.393939393939394,0.0380745627569375,0.5200743116611428,0.2395223398096871,0.396033018561,0.825412191743817,0.0546083990841173,0.1812166549717083,0.2966770264718174,0.3533669530494112,0.5335790516843717,10_sp_aij_5,5576645,0.1,10,9152,31,30,even
440,20.60606060606061,0.0447972141167462,0.5632813565215778,0.3066504709116228,0.282881621295844,0.9259768999786568,0.0677298390623236,0.1847154563212363,0.3026237540636225,0.435397054240163,0.5406849294554097,10_sp_aij_5,5576645,0.1,10,9152,31,30,even
441,21.51515151515152,0.0493664306759201,0.523787576110626,0.2893109806063561,0.3819500179519876,0.8549423183884317,0.0607473936540794,0.1852145679420501,0.3129559504611884,0.4234148068791568,0.6975234936763309,10_sp_aij_5,5576645,0.1,10,9152,31,30,even
442,22.727272727272727,0.0545284426719574,0.3414907378442466,0.455036128666363,0.4540914809531046,0.8815791930186765,0.0576550523870809,0.2514906248761479,0.3118381578382628,0.3862505727614036,0.5107924359278618,10_sp_aij_5,5576645,0.1,10,9152,31,30,even
443,23.63636363636364,0.0580640505116068,0.5133577413806925,0.3591395855285191,0.4245481787103878,0.705824636722668,0.0636373071157235,0.2617970695460593,0.2935780159557914,0.4140008146107055,0.7366891090468908,10_sp_aij_5,5576645,0.1,10,9152,31,30,even
444,24.545454545454547,0.0632928667509056,0.5105171751326011,0.2845357840129504,0.3706757781608669,0.9290170372572216,0.0571191313881539,0.1979638834401357,0.259153047102551,0.5130392878227785,0.5057030202262671,10_sp_aij_5,5576645,0.1,10,9152,31,30,even
445,25.75757575757576,0.065986212591347,0.512416789492186,0.380568842132191,0.348966012775293,1.040580773238248,0.036475685349025,0.1610105305919686,0.281472338634132,0.4533903571543805,0.7442623371127943,10_sp_aij_5,5576645,0.1,10,9152,31,30,even
446,26.666666666666668,0.0611377098298916,0.6016140669875384,0.3212855367026516,0.4155988397662903,0.7455978603712368,0.0321638104481501,0.1878056524286621,0.334573448503817,0.4840817218805248,0.7518306955076876,10_sp_aij_5,5576645,0.1,10,9152,31,30,even
447,27.87878787878788,0.067018348652827,0.6755072903649839,0.3145516504957267,0.4148022772376311,0.8114141992993249,0.0311464784538594,0.1970685503538629,0.3139364154931096,0.503324247165309,0.5669734290517452,10_sp_aij_5,5576645,0.1,10,9152,31,30,even
448,28.78787878787879,0.0595141546968389,0.553029446416247,0.3839580822271548,0.3814391084350421,0.9551486303503496,0.0332039509979841,0.1610673454566042,0.3435518029740114,0.4415932095106535,0.8024654759746858,10_sp_aij_5,5576645,0.1,10,9152,31,30,even
449,30.0,0.0626575600958948,0.564217020621621,0.3160042985733691,0.3476241755722854,0.7867710356776418,0.0337538005161136,0.1691647591879562,0.2404129642634802,0.4075724972847228,0.5773001816088071,10_sp_aij_5,5576645,0.1,10,9152,31,30,even
450,0.0,0.04,0.03,0.01,0.02,0.09,0.04,0.09,0.09,0.05,0.03,10_sp_aij_5,5589942,0.1,10,9152,31,30,even
451,0.9090909090909092,0.0458213184148894,0.0611902522277268,0.0152303541182839,0.0442102155800498,0.1544515654239083,0.0438566160535643,0.1148630630048971,0.095768868985496,0.0783956258261186,0.0386811975542991,10_sp_aij_5,5589942,0.1,10,9152,31,30,even
452,1.8181818181818183,0.041629602443678,0.1131924484585406,0.0218889373597595,0.1088881908370061,0.1647825447684731,0.0453887593744821,0.1458069893132388,0.1085598730306499,0.1011149442150229,0.0527908485189385,10_sp_aij_5,5589942,0.1,10,9152,31,30,even
453,3.0303030303030303,0.048281106424067,0.3092456374886391,0.0340601923401246,0.1721012626474882,0.258854672001844,0.0755667940781623,0.1935417412543124,0.1015065548887008,0.1507435833050676,0.1750392914132295,10_sp_aij_5,5589942,0.1,10,9152,31,30,even
454,3.939393939393939,0.0671666293974737,0.5137825512279157,0.0292266695105055,0.1965380712444243,0.3683634717555933,0.1165544569962944,0.1712036782321976,0.0884145979423187,0.1765312019022404,0.3340639079799255,10_sp_aij_5,5589942,0.1,10,9152,31,30,even
455,5.151515151515151,0.0560246869520131,0.3826207523612868,0.0323961869339937,0.2081363468300582,0.551952010427758,0.1241458480090508,0.1306056429881419,0.0935404896014011,0.2103464241410218,0.5456058113017279,10_sp_aij_5,5589942,0.1,10,9152,31,30,even
456,6.0606060606060606,0.0379978353233644,0.451869290308566,0.0574638899720664,0.2575871699414854,0.593831220368023,0.1355673573406476,0.1707027010047599,0.1111584382132143,0.2599866122166919,0.4213164054065357,10_sp_aij_5,5589942,0.1,10,9152,31,30,even
457,6.96969696969697,0.0302928305556706,0.4488143215355086,0.0733762930582378,0.3151673561779151,0.5475587002334441,0.1176010899464801,0.1074478906687098,0.1220901613054474,0.2839351534915089,0.5680091053004194,10_sp_aij_5,5589942,0.1,10,9152,31,30,even
458,8.181818181818182,0.0313341469998267,0.528410862983386,0.1078929446068703,0.3087133860949576,0.6813747026653134,0.1312369097857918,0.1305570735565473,0.1498291428932688,0.3657917847916862,0.5356498923464856,10_sp_aij_5,5589942,0.1,10,9152,31,30,even
459,9.090909090909092,0.04266734807676,0.6128073300396017,0.1425537380908771,0.3301898384195243,0.7362849288995024,0.1373370050880727,0.1173320670253808,0.1681440094970997,0.3863326991142107,0.6994865752761299,10_sp_aij_5,5589942,0.1,10,9152,31,30,even
460,10.303030303030305,0.0427133062219776,0.5265598898559736,0.25795177473586,0.3330692109935881,0.936166033295416,0.1145517492283527,0.0856627346131464,0.194660864595054,0.4310802647530216,0.6449817289477723,10_sp_aij_5,5589942,0.1,10,9152,31,30,even
461,11.212121212121213,0.0465256476114702,0.7203281886482886,0.2962603167862787,0.391275523853155,0.877161932303364,0.0999214075332807,0.0854681437462627,0.224325528993144,0.3863638621297374,0.6962019841874459,10_sp_aij_5,5589942,0.1,10,9152,31,30,even
462,12.12121212121212,0.0461663834726875,0.5982863883708092,0.303277928540708,0.2990944980858999,1.1129981654292869,0.0851969345201652,0.0693630781243621,0.3118895927208881,0.4221210500761221,0.7846708018773596,10_sp_aij_5,5589942,0.1,10,9152,31,30,even
463,13.333333333333334,0.0515023740491761,0.5069042252627652,0.3821126539429398,0.4071178428849403,0.904706065644363,0.0437708040176186,0.1303763157743737,0.3572263368617868,0.5192551877327818,0.645657002579542,10_sp_aij_5,5589942,0.1,10,9152,31,30,even
464,14.242424242424242,0.0463775894819891,0.4474672739042471,0.360941437757391,0.411038352230988,0.9864129782081396,0.0477977470375255,0.1635256899496287,0.3880768860023701,0.58665209730175,0.6229327104590692,10_sp_aij_5,5589942,0.1,10,9152,31,30,even
465,15.454545454545457,0.0609422513583924,0.5386438777050089,0.4317159300577812,0.5430934861199185,0.97173668333775,0.0379577104480482,0.2450752416571238,0.3377065797096827,0.6129338771946117,0.7295695590402694,10_sp_aij_5,5589942,0.1,10,9152,31,30,even
466,16.363636363636363,0.0480435815263384,0.4954674200020147,0.4510378855333722,0.3805472385312962,0.8651124150995562,0.0296395568435477,0.2500997439752747,0.2743992923391258,0.6177791722622223,0.8133534396709338,10_sp_aij_5,5589942,0.1,10,9152,31,30,even
467,17.575757575757578,0.0512459345138681,0.4465094026155762,0.489942496162847,0.3680040690651631,0.8464256548358459,0.0329524742989287,0.2209759468277528,0.3160359876521936,0.574068361582897,0.6632759626807987,10_sp_aij_5,5589942,0.1,10,9152,31,30,even
468,18.484848484848484,0.0761784906203906,0.4825232211174443,0.324094450797156,0.3220714088820409,0.870663875258582,0.0279873030930268,0.1930617439414693,0.3294733782521215,0.4786498246177428,0.7160963616368018,10_sp_aij_5,5589942,0.1,10,9152,31,30,even
469,19.393939393939394,0.0901606031307781,0.5899846679950302,0.3926267606156327,0.4228018058794993,0.99538612604313,0.0249989797971631,0.2323491587482295,0.3284323601997747,0.5716955297437877,0.6813524808743788,10_sp_aij_5,5589942,0.1,10,9152,31,30,even
470,20.60606060606061,0.0739763368148142,0.485783676563356,0.3998024467767188,0.4358709477300562,0.9340797332985412,0.0320073486908571,0.1936772279435637,0.2385134389535493,0.363711784626891,0.698869914154503,10_sp_aij_5,5589942,0.1,10,9152,31,30,even
471,21.51515151515152,0.063474662836129,0.4117809073917813,0.3449207017060797,0.4146789188150461,0.914908820619549,0.0294208349655323,0.1511526072132762,0.2853938119272363,0.435683680540901,0.6571962245336547,10_sp_aij_5,5589942,0.1,10,9152,31,30,even
472,22.727272727272727,0.0582929142260306,0.6211253928774161,0.4880247928659172,0.3114698286493036,0.7956060930026666,0.0262522075074115,0.1785935696804632,0.3369560437286036,0.4395707487060895,0.6919003730528271,10_sp_aij_5,5589942,0.1,10,9152,31,30,even
473,23.63636363636364,0.0601411641244891,0.5329223856134628,0.4064742230721878,0.3303768265104078,0.910480919683464,0.0311305255622869,0.2063175776656693,0.3125715388020254,0.5026241000387176,0.8057498566731508,10_sp_aij_5,5589942,0.1,10,9152,31,30,even
474,24.545454545454547,0.0535419691747233,0.607201125365742,0.3959024734062194,0.4186179612348271,1.041562678747062,0.0272128656162363,0.1613601600250124,0.2805717755082855,0.5125500473698296,0.7281643888750633,10_sp_aij_5,5589942,0.1,10,9152,31,30,even
475,25.75757575757576,0.0609366069093296,0.5725509403112545,0.3773940151233355,0.3715765915291725,1.001029948481658,0.0169151760526564,0.1956704487958964,0.3325004515940666,0.4729854560380412,0.6568901142964308,10_sp_aij_5,5589942,0.1,10,9152,31,30,even
476,26.666666666666668,0.0569756483185093,0.6137224022920911,0.4246381044378791,0.4151194464155906,0.8351002247713741,0.0137136765226261,0.2000627133320339,0.3374679790315059,0.637860392675118,0.5419260118091076,10_sp_aij_5,5589942,0.1,10,9152,31,30,even
477,27.87878787878788,0.0579580281992285,0.6230848926765302,0.2611656661834157,0.4324341528872293,1.144162614601807,0.0114505699533523,0.1675398313717356,0.3296582737065613,0.6301196861682279,0.8849631153204209,10_sp_aij_5,5589942,0.1,10,9152,31,30,even
478,28.78787878787879,0.0640787709859498,0.5530724487627198,0.3488174285830053,0.429442120742346,1.0197645418824322,0.0087010926397057,0.1648263736669078,0.3197417816854733,0.5196554328041042,0.7281311180257259,10_sp_aij_5,5589942,0.1,10,9152,31,30,even
479,30.0,0.0655148039362369,0.4311625246664159,0.3094136301426554,0.3573535893964746,0.8865147555528131,0.0068483283815887,0.1892025633422966,0.4172114555901958,0.4484527640235073,0.6648120984125527,10_sp_aij_5,5589942,0.1,10,9152,31,30,even
480,0.0,0.03,0.07,0.05,0.07,0.03,0.03,0.02,0.03,0.09,0.09,10_sp_aij_5,5614865,0.1,10,9152,31,30,even
481,0.9090909090909092,0.0265113048750453,0.1600665226353605,0.05784624857402,0.142067348936724,0.048252133631301,0.0414705495677805,0.0403030620760671,0.0517999091797197,0.122727885770115,0.1308269154011213,10_sp_aij_5,5614865,0.1,10,9152,31,30,even
482,1.8181818181818183,0.0428677221093439,0.2922599948098106,0.0496799933147911,0.1645520594978389,0.1040234140925654,0.0672779711343548,0.0681289324975366,0.06889702967576,0.1346876598982194,0.2064203909139837,10_sp_aij_5,5614865,0.1,10,9152,31,30,even
483,3.0303030303030303,0.0424234917331555,0.3541288990256751,0.0333533469947596,0.1142322280884292,0.2743451362937175,0.1038209320699452,0.0813748166712156,0.076147788814594,0.1998808553099159,0.2316214231432178,10_sp_aij_5,5614865,0.1,10,9152,31,30,even
484,3.939393939393939,0.0375700497312709,0.4368693719433721,0.0376332031967357,0.1725467580250085,0.5756694634758329,0.0862021694615889,0.0821729202445896,0.0922154681746781,0.2482238784664724,0.459034083313123,10_sp_aij_5,5614865,0.1,10,9152,31,30,even
485,5.151515151515151,0.0324798430419398,0.4781829861628552,0.0583212810928968,0.2519817258748663,0.6444814794088747,0.0736937209803932,0.1107614738092372,0.125922135835086,0.3469363486671229,0.3936069985385196,10_sp_aij_5,5614865,0.1,10,9152,31,30,even
486,6.0606060606060606,0.036278111822685,0.5094061332739097,0.0883613473938802,0.3159010017828465,0.6765366926502648,0.0755015288720724,0.1289818499147096,0.1347536985085769,0.3683419455875703,0.6342952347421421,10_sp_aij_5,5614865,0.1,10,9152,31,30,even
487,6.96969696969697,0.0318598508023151,0.5438638588877215,0.104386236415328,0.3089880774187249,0.698575396560112,0.0733611960038471,0.124976718120421,0.1705787422908577,0.3706132172595394,0.7018679891593763,10_sp_aij_5,5614865,0.1,10,9152,31,30,even
488,8.181818181818182,0.0282892878956375,0.4959197718024961,0.1623208419599306,0.3350006871796241,0.7589223019752293,0.0801458251846942,0.1409486943048756,0.2343436451609022,0.4117553695920455,0.5678930630363883,10_sp_aij_5,5614865,0.1,10,9152,31,30,even
489,9.090909090909092,0.0315815178767349,0.5508360188887632,0.2008478690764818,0.3729472959332207,0.8576221740966425,0.0706780579775492,0.1827519462259418,0.2787801087032692,0.404492730639027,0.668091193527722,10_sp_aij_5,5614865,0.1,10,9152,31,30,even
490,10.303030303030305,0.0290789908127769,0.4667827233895429,0.2660289291990543,0.2727330950235823,0.8482851768391055,0.0672428161707647,0.1488665114861078,0.2489944589162728,0.5376179852331718,0.708693587623942,10_sp_aij_5,5614865,0.1,10,9152,31,30,even
491,11.212121212121213,0.0282050639950142,0.5724881744651673,0.2638390181752055,0.3618362598217766,0.8948309041404889,0.0565805053162816,0.119925396306901,0.2842471067532089,0.442383782800223,0.6921015242233635,10_sp_aij_5,5614865,0.1,10,9152,31,30,even
492,12.12121212121212,0.0308636938271047,0.6341548482874649,0.3406430152201321,0.2687468739138963,0.9912105817684924,0.0605748530916434,0.0856146813947924,0.3230729929851283,0.3431186552366823,0.7143171364579272,10_sp_aij_5,5614865,0.1,10,9152,31,30,even
493,13.333333333333334,0.0465229926131013,0.5022887463040616,0.5014404470025646,0.363845071253486,1.0473239994801269,0.0453287452857618,0.1128664834250868,0.344774698560214,0.4808182934980921,0.6106807230716782,10_sp_aij_5,5614865,0.1,10,9152,31,30,even
494,14.242424242424242,0.0496954933967306,0.550128763184215,0.488672504959408,0.3405690048382401,0.9893733772282012,0.0237030201917772,0.1229080818078753,0.3556638032183708,0.4376939771241582,0.8362512412859835,10_sp_aij_5,5614865,0.1,10,9152,31,30,even
495,15.454545454545457,0.0441419746087905,0.435663404089597,0.5332458888585404,0.4303966030159759,0.919835103901597,0.0175874031574745,0.1563813370135308,0.3235618667616236,0.5252747233902808,0.9006977303788959,10_sp_aij_5,5614865,0.1,10,9152,31,30,even
496,16.363636363636363,0.0442452313453355,0.474557925252958,0.3799402864267395,0.4790891053983949,0.8906425529313103,0.0188275117508143,0.183796039619852,0.3426100218009332,0.4462749573738335,0.7223338127184938,10_sp_aij_5,5614865,0.1,10,9152,31,30,even
497,17.575757575757578,0.0503896986607485,0.4231542891808306,0.2882475271519505,0.3215463794059209,0.7459561201497713,0.0145269828572078,0.1758635686116521,0.3667619573346237,0.4272217534622116,0.6011793640660574,10_sp_aij_5,5614865,0.1,10,9152,31,30,even
498,18.484848484848484,0.0577199082618188,0.5225925768632684,0.2369487877385393,0.3526945946273389,0.918894954065252,0.0138181421781402,0.2137065949758637,0.320094096749194,0.4392484667065687,0.5222538300972768,10_sp_aij_5,5614865,0.1,10,9152,31,30,even
499,19.393939393939394,0.0624758569432853,0.4739589252523246,0.2658914579959656,0.4649860989249325,0.6893523394577982,0.0196841888719276,0.2687624621516897,0.2221252610148057,0.5134023776092047,0.7006917723367134,10_sp_aij_5,5614865,0.1,10,9152,31,30,even
500,20.60606060606061,0.0532331190955771,0.5034526285845199,0.3494563481199057,0.3751897342488305,0.8043985886124949,0.0253630097201441,0.1839434160506288,0.3303020395303959,0.4232104772783876,0.5856844795229245,10_sp_aij_5,5614865,0.1,10,9152,31,30,even
501,21.51515151515152,0.0648081155878469,0.4870560161588075,0.354799685672481,0.3063804658894375,0.7877258714249309,0.0157063245557727,0.1764806236141356,0.3022988137868825,0.3887692884479382,0.7085889649206814,10_sp_aij_5,5614865,0.1,10,9152,31,30,even
502,22.727272727272727,0.0458849734598493,0.6361603644274999,0.237251307078291,0.3441533655556545,0.7849060063484719,0.0079614902900249,0.164889973244554,0.2367332104665212,0.4797679065922619,0.7998412073829947,10_sp_aij_5,5614865,0.1,10,9152,31,30,even
503,23.63636363636364,0.0377792944565821,0.3900318448529212,0.2383173739018128,0.3319616299802926,0.6857924002695694,0.0089862038684525,0.1891445361874716,0.271138964198848,0.3721815644941486,0.762438540201049,10_sp_aij_5,5614865,0.1,10,9152,31,30,even
504,24.545454545454547,0.0433714595188391,0.4068063829813221,0.3063720202807629,0.3475380859578216,0.7398744370617222,0.0105850317655071,0.2440382705503374,0.2917212991454485,0.3928240748988296,0.5777941615113057,10_sp_aij_5,5614865,0.1,10,9152,31,30,even
505,25.75757575757576,0.0367726819371389,0.4661619510022967,0.3125431317501327,0.4781304969712338,0.7950981052082341,0.0123766999655565,0.2733059682909872,0.2738613970360668,0.4741820293964988,0.6232428263062934,10_sp_aij_5,5614865,0.1,10,9152,31,30,even
506,26.666666666666668,0.0375962728255272,0.5550678387689407,0.2500319026987758,0.4003792298598624,0.7776810975299125,0.0135486290883716,0.218267404792033,0.2958742027805688,0.4620632930372376,0.6043294096480876,10_sp_aij_5,5614865,0.1,10,9152,31,30,even
507,27.87878787878788,0.0305924256852781,0.5189449950789945,0.3330975434778922,0.4222902636921198,0.8652676454743635,0.0150959358812455,0.1686895346530765,0.3084199950995884,0.4573853191506019,0.6898371391422582,10_sp_aij_5,5614865,0.1,10,9152,31,30,even
508,28.78787878787879,0.0354524028260704,0.5196097369228874,0.3418590622334172,0.3938689781162611,1.105203062099,0.020546718230427,0.1494386632732939,0.3343011228819106,0.4268031766175385,0.70281729229601,10_sp_aij_5,5614865,0.1,10,9152,31,30,even
509,30.0,0.0366189708687313,0.4364859358062269,0.4500806011219851,0.4359566624744947,0.9787441526848084,0.015870714506997,0.1605049806361348,0.4304234166084782,0.4655661862927487,0.7995120558134186,10_sp_aij_5,5614865,0.1,10,9152,31,30,even
510,0.0,0.05,0.09,0.07,0.05,0.06,0.03,0.07,0.05,0.05,0.03,10_sp_aij_5,6543552,0.1,10,9152,31,30,even
511,0.9090909090909092,0.0499442100535535,0.1845541145836021,0.0491625095294062,0.0874558095240912,0.1054198842968463,0.047854010101464,0.1166894790840371,0.094086419495869,0.059581274209033,0.0345346725273847,10_sp_aij_5,6543552,0.1,10,9152,31,30,even
512,1.8181818181818183,0.0474539795952406,0.2388220054450522,0.0345431617950646,0.2069077358105517,0.1969225832548445,0.0772688973737785,0.1468687857727533,0.0961890971160949,0.0815279800610261,0.0563083321026386,10_sp_aij_5,6543552,0.1,10,9152,31,30,even
513,3.0303030303030303,0.0891093415801092,0.391305462132881,0.0441269475940496,0.2503814520007786,0.2907112461115546,0.1301082532327524,0.2001895792282228,0.1165643431716691,0.2127110881369018,0.2267554546918005,10_sp_aij_5,6543552,0.1,10,9152,31,30,even
514,3.939393939393939,0.0676712556549667,0.4223890617730822,0.0668801655948766,0.2581505500487642,0.4453130909905743,0.1538886079006879,0.1910259587633349,0.1331965481643555,0.2550012178187396,0.4377898956734765,10_sp_aij_5,6543552,0.1,10,9152,31,30,even
515,5.151515151515151,0.0716217293234798,0.5113164891024307,0.0716101805875421,0.3534468981647203,0.7502001052578433,0.1451261430843123,0.1776485905704743,0.1451787156519174,0.2792746207339152,0.6390771241263024,10_sp_aij_5,6543552,0.1,10,9152,31,30,even
516,6.0606060606060606,0.0760290926600546,0.5070817725152106,0.1660019203503945,0.4259401782807066,0.7704312516366593,0.1351312525757439,0.1292114873945248,0.1186329731386916,0.3786034588013668,0.6292704262966539,10_sp_aij_5,6543552,0.1,10,9152,31,30,even
517,6.96969696969697,0.0585017373425833,0.6230971138513127,0.2429964891378386,0.3758990209325649,0.638461698517335,0.1229079396758482,0.1000574531571612,0.1619280624313157,0.4127280994096899,0.7956749998227075,10_sp_aij_5,6543552,0.1,10,9152,31,30,even
518,8.181818181818182,0.0553866759827624,0.4656298187664596,0.2758187031737376,0.3421092275274867,0.7626115908466206,0.1136089398024111,0.0951448118580695,0.190585777986254,0.397086630085777,0.6984437387645166,10_sp_aij_5,6543552,0.1,10,9152,31,30,even
519,9.090909090909092,0.054277717516859,0.4076545360713191,0.3314872778425051,0.4180354048300648,0.9046503588805452,0.0838360296481767,0.1448286887572023,0.2490876863025692,0.3936535492818173,0.4787729955683614,10_sp_aij_5,6543552,0.1,10,9152,31,30,even
520,10.303030303030305,0.0608854079088707,0.611678334629508,0.3647136571476682,0.4157995206338388,1.0462492680489122,0.0575457327187521,0.1595890095561503,0.3173160529498277,0.5201175054764032,0.7701704012900611,10_sp_aij_5,6543552,0.1,10,9152,31,30,even
521,11.212121212121213,0.0583376266671529,0.5402390578564135,0.4813241506914734,0.3458883102632786,1.1006606938997456,0.0532253614848828,0.1845531302148313,0.3651921793598839,0.4774468491973885,0.7929615543898711,10_sp_aij_5,6543552,0.1,10,9152,31,30,even
522,12.12121212121212,0.0807251884769777,0.534429714890006,0.4188543698856835,0.4427013376642401,0.9628420052145664,0.036579297020698,0.1972947512004073,0.3075847433263858,0.516884770970463,0.625563958374785,10_sp_aij_5,6543552,0.1,10,9152,31,30,even
523,13.333333333333334,0.0870939540957685,0.5260961628497596,0.3836692349669713,0.3845356741098414,0.9105324352588444,0.0241054698748665,0.2315337188067455,0.3201158327317303,0.5657784727339887,0.7744049213791926,10_sp_aij_5,6543552,0.1,10,9152,31,30,even
524,14.242424242424242,0.1010751267654109,0.5046143105257075,0.4210916827793354,0.3619613977195037,1.0030199295394049,0.020014225611814,0.1770811818849111,0.2512779510379143,0.4484850497576367,0.79414573141459,10_sp_aij_5,6543552,0.1,10,9152,31,30,even
525,15.454545454545457,0.1014053486832441,0.5734824981605787,0.5064987853204571,0.4501663627556443,0.7423236129144097,0.0170111685672332,0.1725531622423412,0.335948718892881,0.567944247340285,0.6380400006685073,10_sp_aij_5,6543552,0.1,10,9152,31,30,even
526,16.363636363636363,0.1074485823446008,0.4738239610563567,0.4362850489000319,0.4087805123186278,1.0938271701312932,0.0138203496010635,0.1151319997933529,0.3285616839320141,0.3421456197219211,0.6910564490149191,10_sp_aij_5,6543552,0.1,10,9152,31,30,even
527,17.575757575757578,0.1313646195208636,0.6129880717649316,0.4681919846038042,0.4282696651888651,0.7437964604016943,0.0089659533938968,0.2121439817031359,0.3803011289631982,0.4550261711846178,0.5481862950016679,10_sp_aij_5,6543552,0.1,10,9152,31,30,even
528,18.484848484848484,0.0761996525388984,0.4899285741393402,0.375116526245314,0.4201031165867021,0.95639345087138,0.008440933242423,0.2227833503922204,0.3102690844075,0.4230549853384754,0.667818706016926,10_sp_aij_5,6543552,0.1,10,9152,31,30,even
529,19.393939393939394,0.0885632422977936,0.4734740746187313,0.4126671113588371,0.3558652643978399,0.7483408321944619,0.0078382637964064,0.1977877382337308,0.2617945561804825,0.4355220178381404,0.7523285817651759,10_sp_aij_5,6543552,0.1,10,9152,31,30,even
530,20.60606060606061,0.0662694646063439,0.4200308673224363,0.2778209096066087,0.340211518499726,0.800230422496718,0.0073611423355228,0.2120638747582127,0.2999595693757701,0.4011252371326912,0.7272326685956182,10_sp_aij_5,6543552,0.1,10,9152,31,30,even
531,21.51515151515152,0.0668496794853242,0.3866617140320655,0.3156887355618966,0.455433097009661,0.8840376555935658,0.0060909711881736,0.2264301245408009,0.300860934992697,0.3855379143891901,0.680472586641665,10_sp_aij_5,6543552,0.1,10,9152,31,30,even
532,22.727272727272727,0.0551816251459792,0.437041605123442,0.3092045171000365,0.4172007678068352,0.7530298383724618,0.0090078142836427,0.224443030668339,0.3141098575267423,0.3829321600363448,0.6120444391508357,10_sp_aij_5,6543552,0.1,10,9152,31,30,even
533,23.63636363636364,0.0495792018004629,0.371925925630442,0.2599182202972271,0.32122642913355,0.7742613853165703,0.0138445489940448,0.273257080004716,0.2970739791474556,0.4456055763001345,0.5557848033432363,10_sp_aij_5,6543552,0.1,10,9152,31,30,even
534,24.545454545454547,0.0390863122412188,0.4796754392953228,0.3318712863578567,0.370365916493205,0.7480521568718542,0.0119714726564185,0.2914560975507245,0.3063832886879042,0.4170784574150075,0.6130997812317318,10_sp_aij_5,6543552,0.1,10,9152,31,30,even
535,25.75757575757576,0.0381773579908473,0.418851033944545,0.3139676298628243,0.4475493325925042,0.8191660525199873,0.0142131235597216,0.2954771268115405,0.324826410711135,0.4118354519661607,0.5044018401916711,10_sp_aij_5,6543552,0.1,10,9152,31,30,even
536,26.666666666666668,0.0439316039732988,0.4280857390166663,0.3558326520338123,0.4294487207472648,0.8714735104471413,0.0196113438189651,0.2025855120062774,0.2978867954455637,0.3991352639743529,0.6707701174845643,10_sp_aij_5,6543552,0.1,10,9152,31,30,even
537,27.87878787878788,0.0302527342538252,0.5214553158334443,0.3677531015041262,0.3973250254655991,0.8040658756967993,0.01598150811144,0.1866941933075756,0.4236430385581898,0.3945490101586704,0.467605281712985,10_sp_aij_5,6543552,0.1,10,9152,31,30,even
538,28.78787878787879,0.0277934126431699,0.4656160906480425,0.2922441382657845,0.2745998354641983,0.8547559569618857,0.0155274056597222,0.172043830830002,0.238603326016933,0.4139631376220248,0.6749818422340238,10_sp_aij_5,6543552,0.1,10,9152,31,30,even
539,30.0,0.0270745440177351,0.5269234111223299,0.2748041434688507,0.3655779508764025,0.7145249127482876,0.0149163960591076,0.1191051186622544,0.2608337433498864,0.3703530510399068,0.7440532963095423,10_sp_aij_5,6543552,0.1,10,9152,31,30,even
540,0.0,0.06,0.05,0.04,0.02,0.03,0.06,0.08,0.09,0.06,0.05,10_sp_aij_5,6550368,0.1,10,9152,31,30,even
541,0.9090909090909092,0.0667766448275051,0.0818403994423494,0.0363969068580357,0.0419412488212332,0.0560478373740066,0.0864029802813838,0.1185194163333207,0.1067306576283602,0.0705267030235249,0.0578719965275744,10_sp_aij_5,6550368,0.1,10,9152,31,30,even
542,1.8181818181818183,0.087073984686583,0.1566593234264344,0.0339442106361085,0.0860711608089095,0.1131165599766175,0.1139670983166107,0.1644050597461132,0.0939998438326577,0.0658774223800636,0.0898651196980492,10_sp_aij_5,6550368,0.1,10,9152,31,30,even
543,3.0303030303030303,0.0741453255322217,0.242845769914542,0.0392563128362781,0.1400529774014682,0.2215807117524196,0.1097716941734124,0.1428513412229483,0.0956412400120255,0.1199469435477651,0.166461391112601,10_sp_aij_5,6550368,0.1,10,9152,31,30,even
544,3.939393939393939,0.0727925502025707,0.3243749841135409,0.042306032888143,0.2135388942378837,0.3434977191361893,0.1402481890800147,0.1836517974669848,0.0856915357435174,0.1167278453498519,0.333305595691482,10_sp_aij_5,6550368,0.1,10,9152,31,30,even
545,5.151515151515151,0.0556147084392601,0.3716925002049409,0.0571281530572369,0.2827905012359708,0.4909839954201295,0.1443163011785269,0.2383157366277431,0.0827342684368631,0.1970190557257717,0.492747409359284,10_sp_aij_5,6550368,0.1,10,9152,31,30,even
546,6.0606060606060606,0.0520738724186313,0.5389162574436497,0.1023885148559821,0.2823285309788911,0.6998212283883309,0.1698483803003831,0.1562516745717483,0.0798952554725036,0.2495717736382325,0.5316579571756748,10_sp_aij_5,6550368,0.1,10,9152,31,30,even
547,6.96969696969697,0.0411336867469358,0.6153789630113602,0.1384541768307125,0.3576052364518856,0.5999802762188717,0.1556427890511424,0.1499598702123139,0.1028415243191558,0.3242471029026692,0.7238864732449837,10_sp_aij_5,6550368,0.1,10,9152,31,30,even
548,8.181818181818182,0.0404434932086016,0.5513399461691059,0.1687289256715138,0.2992129364845463,0.7133563226954706,0.135910323980012,0.099979091116931,0.1825485630752212,0.456431523345456,0.657552959043218,10_sp_aij_5,6550368,0.1,10,9152,31,30,even
549,9.090909090909092,0.0397367450305027,0.4571140355478562,0.2433247257694638,0.4240094832411214,0.742170044980091,0.1067280205916307,0.1191494071041146,0.2468792170518689,0.3491960059813583,0.6258000847576841,10_sp_aij_5,6550368,0.1,10,9152,31,30,even
550,10.303030303030305,0.0366382665850047,0.5721674529876246,0.2264959012956172,0.3492116266343943,0.8510767295023219,0.1072581332074955,0.1312398371865744,0.2566024387805951,0.411540977659375,0.7198993061924223,10_sp_aij_5,6550368,0.1,10,9152,31,30,even
551,11.212121212121213,0.0315319494708466,0.5870748429405843,0.2610372569183392,0.37220651133977,0.9422388866650366,0.1003494477923908,0.1391345597947481,0.3010039381446854,0.5047657842333126,0.7236774150216492,10_sp_aij_5,6550368,0.1,10,9152,31,30,even
552,12.12121212121212,0.0340747203154787,0.4571821582336528,0.2718174266342992,0.3940818522493307,0.7196084558995701,0.0652129002423679,0.1082334977525887,0.2866050196908021,0.5423108918752413,0.6399106724314215,10_sp_aij_5,6550368,0.1,10,9152,31,30,even
553,13.333333333333334,0.0455843190858216,0.5000959822155294,0.2966254569523214,0.3004577270576305,0.7315451735476801,0.0377484594740262,0.116457971500668,0.3068722043218103,0.4490428919439804,0.5638526651040834,10_sp_aij_5,6550368,0.1,10,9152,31,30,even
554,14.242424242424242,0.0355419639117347,0.500638540826292,0.3880012850930877,0.3764201022606324,0.892551615996267,0.0463662052642478,0.1414799804776522,0.365031780125187,0.3587637317163908,0.6158222357161338,10_sp_aij_5,6550368,0.1,10,9152,31,30,even
555,15.454545454545457,0.058023257716512,0.3886385461997607,0.3124987513675701,0.4416495318148821,0.8838415277273929,0.0398787139895527,0.1742991768129687,0.2596482215065739,0.4555287072768582,0.7619230258443559,10_sp_aij_5,6550368,0.1,10,9152,31,30,even
556,16.363636363636363,0.0614278424465401,0.4037199398625403,0.3708809303346598,0.3667596898548075,0.8040578121518134,0.0359862553245645,0.1824244149052188,0.3962422484667732,0.475790520871583,0.6685617367794069,10_sp_aij_5,6550368,0.1,10,9152,31,30,even
557,17.575757575757578,0.0537344632178651,0.5699388785077565,0.4505563352092192,0.4332442331738455,0.9323912029505512,0.0301560377714145,0.1829503796257403,0.2629943487591657,0.4910082609196445,0.7942233940507594,10_sp_aij_5,6550368,0.1,10,9152,31,30,even
558,18.484848484848484,0.0611665150713119,0.4772845672033065,0.3898350666902891,0.3471673240492884,0.8785725897329623,0.0360359922759141,0.129944652540018,0.3475029457771487,0.3834849980091489,0.7556553967376363,10_sp_aij_5,6550368,0.1,10,9152,31,30,even
559,19.393939393939394,0.0675313051978865,0.5129028699880732,0.3997954488397756,0.3288333660455185,0.9678433472642384,0.027465621382145,0.1137049389783765,0.2815108059517077,0.451527455363708,0.6885043193868445,10_sp_aij_5,6550368,0.1,10,9152,31,30,even
560,20.60606060606061,0.0476472699730907,0.69132840188507,0.3349824004712075,0.2972248414444007,1.0084194301002398,0.0187650051403988,0.1279759512620606,0.3945378496532935,0.4239466264419042,0.7218346420260642,10_sp_aij_5,6550368,0.1,10,9152,31,30,even
561,21.51515151515152,0.0383352696994775,0.5403852128970598,0.3159043558322027,0.4073546799592505,0.794744908002188,0.0223185256564286,0.1494075785378057,0.4027175457424836,0.4657687855457933,0.7299584682591377,10_sp_aij_5,6550368,0.1,10,9152,31,30,even
562,22.727272727272727,0.0476097043299338,0.5065426352598665,0.3177219043256377,0.4757398633326772,0.8476390708461126,0.0222349531777439,0.2608822830556345,0.3818243242160982,0.5938643041970407,0.6353625604872724,10_sp_aij_5,6550368,0.1,10,9152,31,30,even
563,23.63636363636364,0.0504252673746359,0.6720609091907005,0.3451106963419437,0.4160034634154234,1.103337703035252,0.0204292386068802,0.2811894485250955,0.3344662670700388,0.6461479975140041,0.8911258845854724,10_sp_aij_5,6550368,0.1,10,9152,31,30,even
564,24.545454545454547,0.0485717725060679,0.4728967906792112,0.4174461010562642,0.499811796503666,1.1045779605070278,0.0189109579120765,0.2894981554902823,0.379623342697676,0.6410087678804701,0.834427231729187,10_sp_aij_5,6550368,0.1,10,9152,31,30,even
565,25.75757575757576,0.0464452547712464,0.6124782215377318,0.3994178072427863,0.4226649973822101,0.963961115327793,0.013092779592726,0.3001224564946873,0.3410242208998528,0.5286634975754427,0.7220581694609023,10_sp_aij_5,6550368,0.1,10,9152,31,30,even
566,26.666666666666668,0.0405263418242294,0.6163595063790382,0.3646011316048383,0.2936938237931424,0.9759604317503496,0.0135181468040082,0.1949678862535949,0.2283544281706852,0.5722099823548311,0.7609135900821606,10_sp_aij_5,6550368,0.1,10,9152,31,30,even
567,27.87878787878788,0.0488406054634201,0.4776266120435795,0.3711806636673218,0.4793314724297932,0.91249653265973,0.0084809470366664,0.1569541874702193,0.2966781692875113,0.4526758602444912,0.6899520213152577,10_sp_aij_5,6550368,0.1,10,9152,31,30,even
568,28.78787878787879,0.0504667064855287,0.4795044975221236,0.3929822745550361,0.4468682052985451,0.8694612627458032,0.0080768016014763,0.1920589412407171,0.3628699612084583,0.4826917242319987,0.7595030770784854,10_sp_aij_5,6550368,0.1,10,9152,31,30,even
569,30.0,0.039235980546484,0.4843091253395988,0.3798285127297619,0.4192072070529302,0.9051400115843964,0.0071838111004683,0.1634374899554894,0.4307300994262562,0.4565565236720881,0.6237113430983866,10_sp_aij_5,6550368,0.1,10,9152,31,30,even
570,0.0,0.09,0.04,0.07,0.05,0.06,0.03,0.03,0.06,0.06,0.05,10_sp_aij_5,8493390,0.1,10,9152,31,30,even
571,0.9090909090909092,0.0836925491697184,0.0716582836752305,0.0832020401673521,0.1112252174837561,0.0762222426899561,0.0504751610572888,0.0348028522361913,0.097660515238464,0.0755849179091874,0.064190764062683,10_sp_aij_5,8493390,0.1,10,9152,31,30,even
572,1.8181818181818183,0.0845379422439449,0.1533945649803349,0.098536354725906,0.1471850722853731,0.1162670986900526,0.0717927245423256,0.0838053628663462,0.1483863022724053,0.0899564782077337,0.1282013659071581,10_sp_aij_5,8493390,0.1,10,9152,31,30,even
573,3.0303030303030303,0.1191801694210352,0.2822935539685386,0.1006643853285154,0.1965067685913009,0.2073168719604754,0.1157268469284907,0.1231445753839412,0.1426109487925625,0.1299347287964724,0.2302206125415655,10_sp_aij_5,8493390,0.1,10,9152,31,30,even
574,3.939393939393939,0.1212894777417757,0.4192204298369243,0.1194352346704938,0.2746399093180982,0.4434424510736166,0.1714611142704968,0.1253271404405842,0.1272050100143992,0.1660153982970428,0.4335293951745577,10_sp_aij_5,8493390,0.1,10,9152,31,30,even
575,5.151515151515151,0.1459396976825216,0.5002150478298403,0.1749979235075035,0.2781342600738752,0.6112676787208483,0.1717144792741197,0.0988637417372851,0.1365824193972593,0.1775838133019119,0.5907254463679346,10_sp_aij_5,8493390,0.1,10,9152,31,30,even
576,6.0606060606060606,0.1231175778902391,0.5151814845057234,0.2062840517862391,0.3244900936797178,0.5268165993087761,0.1483453470044809,0.1038223848233156,0.1691231136210862,0.2392449807660981,0.5584312589219488,10_sp_aij_5,8493390,0.1,10,9152,31,30,even
577,6.96969696969697,0.0903227093441988,0.515355768957176,0.1920869788632678,0.3235415185484429,0.5529865302974191,0.1123443529667836,0.1119740266276763,0.1286316969559238,0.3184589825666415,0.6512148663643593,10_sp_aij_5,8493390,0.1,10,9152,31,30,even
578,8.181818181818182,0.0932164792986942,0.4478127463396593,0.2851681649790035,0.4351284233522947,0.6863415836834065,0.0822252949809044,0.0967693078510724,0.1971549846744821,0.4011764396655124,0.7302564188409622,10_sp_aij_5,8493390,0.1,10,9152,31,30,even
579,9.090909090909092,0.0848634917130223,0.497832908912168,0.3608911320690344,0.319454079128259,0.7990329332788136,0.0593826902051306,0.0916696993540037,0.252925575301362,0.3997112694744612,0.7414537235738563,10_sp_aij_5,8493390,0.1,10,9152,31,30,even
580,10.303030303030305,0.0538439057068825,0.4364938921335319,0.3394631431088661,0.3439047920447107,0.7687966217864448,0.0446857531687196,0.1127394291544921,0.4109236056454373,0.3937271406071433,0.657268866826878,10_sp_aij_5,8493390,0.1,10,9152,31,30,even
581,11.212121212121213,0.0513845995595821,0.4764110293881757,0.2922914249492161,0.3482635060853304,0.9847606294395508,0.0421710398987395,0.1388790974120916,0.3638593024502263,0.3732853431578879,0.644087341963509,10_sp_aij_5,8493390,0.1,10,9152,31,30,even
582,12.12121212121212,0.0727351222188357,0.4835334887031762,0.2953341583743263,0.3613355268640363,0.7963454963820592,0.0367001393534871,0.1631968313841329,0.2934275090235471,0.4475018185976258,0.5326529165002202,10_sp_aij_5,8493390,0.1,10,9152,31,30,even
583,13.333333333333334,0.0746523102641739,0.5793939497299043,0.2991557328578353,0.4351522822104156,0.8130334649296037,0.026171095935539,0.1928497601384087,0.34093291584372,0.4598271925267129,0.8163551088740438,10_sp_aij_5,8493390,0.1,10,9152,31,30,even
584,14.242424242424242,0.0591203785122232,0.5112621064390714,0.4398485496344348,0.4274534138103237,1.0998317796140704,0.0266681575980881,0.1651986873478638,0.2773726181732109,0.5252337566499022,0.8101870777485779,10_sp_aij_5,8493390,0.1,10,9152,31,30,even
585,15.454545454545457,0.0589374912989384,0.5041085703357414,0.3746449594151999,0.3537737056343342,0.9799715742444584,0.0237265639898608,0.1503464215350937,0.3156010073904984,0.4461216015688106,0.6843396602390908,10_sp_aij_5,8493390,0.1,10,9152,31,30,even
586,16.363636363636363,0.039315713804222,0.4615953530534961,0.465431343448637,0.3572167715966129,0.7564419709535563,0.0174725589352621,0.1583569374744362,0.3394292642232328,0.4892672051525145,0.7390533984277452,10_sp_aij_5,8493390,0.1,10,9152,31,30,even
587,17.575757575757578,0.0289755638399451,0.549617410820267,0.3693003878503236,0.4834318019904918,0.9096216153145368,0.0153482530112909,0.229193292310939,0.3489513490573742,0.4033452868698668,0.539257696734713,10_sp_aij_5,8493390,0.1,10,9152,31,30,even
588,18.484848484848484,0.0250483263661062,0.5201111548954459,0.3276168061950614,0.4572829419788235,0.9162930831175844,0.0178493664148302,0.2133299891660084,0.3823516266580005,0.4282277061347649,0.6965061499304859,10_sp_aij_5,8493390,0.1,10,9152,31,30,even
589,19.393939393939394,0.0289474785771055,0.4701984478395553,0.3670803616764216,0.3839382379384674,0.9109365738345016,0.0226368730187074,0.2385591522921077,0.292026092403745,0.4473103566830201,0.679947635138136,10_sp_aij_5,8493390,0.1,10,9152,31,30,even
590,20.60606060606061,0.0318262946267964,0.5231110458009334,0.2538115111026633,0.2989983881697675,0.9202323779055438,0.0234872613229358,0.1969026195931784,0.2843785043704042,0.5101567288819867,0.5641382967246449,10_sp_aij_5,8493390,0.1,10,9152,31,30,even
591,21.51515151515152,0.0476281985456314,0.4504817703698894,0.366189763789833,0.4127588791510473,0.9684276083228444,0.0245461910385604,0.1632866959652411,0.308686548584673,0.4698084078725207,0.5911234984647576,10_sp_aij_5,8493390,0.1,10,9152,31,30,even
592,22.727272727272727,0.0536750292393517,0.510380364204124,0.4887925830637694,0.4013296900585215,0.9654824737308612,0.0218524796200375,0.1733511120523182,0.3392678675757106,0.5459091746985287,0.7147104242020434,10_sp_aij_5,8493390,0.1,10,9152,31,30,even
593,23.63636363636364,0.0384713948861087,0.5096982461568023,0.3964535393772886,0.3561633764136215,0.8333385056340924,0.0160929379733426,0.1823276315774009,0.3025668218983052,0.4995647074903863,0.6362848613604833,10_sp_aij_5,8493390,0.1,10,9152,31,30,even
594,24.545454545454547,0.054993028020566,0.4869214948218492,0.3449781882233252,0.3378415985584984,1.0052744648755485,0.0164833986271866,0.2711245187408411,0.3031238824625435,0.3749210348872146,0.680902831124581,10_sp_aij_5,8493390,0.1,10,9152,31,30,even
595,25.75757575757576,0.0377040298229608,0.3794499407182574,0.2864143066156719,0.4416371577323185,0.7083738596923495,0.0243880270701006,0.2407762130298478,0.2990833499033162,0.419657326854868,0.7531321044197647,10_sp_aij_5,8493390,0.1,10,9152,31,30,even
596,26.666666666666668,0.0326173508347189,0.3941647136828848,0.3104169657386366,0.3747290102117994,0.748315974869062,0.0196761828325414,0.2254635862283968,0.2569067290876555,0.607207588359598,0.6928362513019299,10_sp_aij_5,8493390,0.1,10,9152,31,30,even
597,27.87878787878788,0.0370545919160273,0.5844473541442813,0.2280059455589632,0.4536552859278394,0.8330889847817661,0.0130942601514215,0.2266508843630521,0.322005064674052,0.465391296069346,0.6390204761210958,10_sp_aij_5,8493390,0.1,10,9152,31,30,even
598,28.78787878787879,0.0425829202865074,0.5042725620672852,0.2603256737546817,0.3951530672580088,0.9696993906728348,0.012237939259612,0.1811427578113353,0.1895784944887632,0.451280247148136,0.6938532425442557,10_sp_aij_5,8493390,0.1,10,9152,31,30,even
599,30.0,0.0424407230741438,0.4952742850950972,0.4221655131336124,0.3797844371706007,0.9481066300946756,0.0126933582431997,0.1705156456305364,0.3007886162610534,0.4901897606188708,0.5989452271529999,10_sp_aij_5,8493390,0.1,10,9152,31,30,even
600,0.0,0.09,0.06,0.02,0.05,0.08,0.04,0.07,0.03,0.01,0.06,10_sp_aij_5,8717317,0.1,10,9152,31,30,even
601,0.9090909090909092,0.0690066361784004,0.0961741687717116,0.0267407516932509,0.0931371360302435,0.1094066164462713,0.0697442700729607,0.0873503328912443,0.0329628878569541,0.0124974255662082,0.0902313624352919,10_sp_aij_5,8717317,0.1,10,9152,31,30,even
602,1.8181818181818183,0.0555955661899955,0.2024096980077896,0.0286890301713664,0.1715522140573708,0.1112706642971067,0.1039557738511482,0.0986031896378018,0.0340766671657035,0.0200016192879846,0.1405267872304114,10_sp_aij_5,8717317,0.1,10,9152,31,30,even
603,3.0303030303030303,0.0555564851169186,0.3623359718147267,0.0247070025463984,0.2362960115855307,0.1696038518388746,0.1710680613899825,0.1415129630699957,0.0510740056095799,0.0437766694170622,0.2401991290031393,10_sp_aij_5,8717317,0.1,10,9152,31,30,even
604,3.939393939393939,0.0517049583600351,0.4214929037506369,0.0224602577815374,0.2060694478776642,0.2781944688492824,0.1710809177589351,0.0923312728421946,0.0615146571538655,0.0952944963925397,0.3243745081792607,10_sp_aij_5,8717317,0.1,10,9152,31,30,even
605,5.151515151515151,0.0403711012599041,0.4464532721565233,0.0256890757066611,0.2195013334249956,0.4025651328900306,0.2505388520954957,0.0758891070986843,0.0689593086200239,0.136474727982717,0.5321239868493777,10_sp_aij_5,8717317,0.1,10,9152,31,30,even
606,6.0606060606060606,0.0336436124233187,0.5797729975889558,0.0425279889533998,0.2325627106108085,0.5392631890169703,0.236948402712332,0.0738880311591846,0.0783172954807344,0.2237605761510807,0.6198637621548131,10_sp_aij_5,8717317,0.1,10,9152,31,30,even
607,6.96969696969697,0.0343492306794245,0.5265068784867427,0.0753041460277562,0.2566828904744644,0.7402022195766693,0.2012107055835947,0.0535702514778382,0.0839946160672082,0.2945977805185304,0.603512293823952,10_sp_aij_5,8717317,0.1,10,9152,31,30,even
608,8.181818181818182,0.0346573688506943,0.4874910351556444,0.1633718047266433,0.3560058921694018,0.7472195601883699,0.0979780706242752,0.0711661404648297,0.1073415558615619,0.412968923461661,0.6331168782259086,10_sp_aij_5,8717317,0.1,10,9152,31,30,even
609,9.090909090909092,0.0433678117785327,0.6162819475235263,0.2321231165460673,0.3884516643780535,0.8947063455132271,0.1014843555663719,0.0800931133150262,0.128548633815548,0.4466362621650621,0.7604799713736003,10_sp_aij_5,8717317,0.1,10,9152,31,30,even
610,10.303030303030305,0.0421357541733543,0.586167626717415,0.3105992672849583,0.3814737071026328,1.0788923092878866,0.0969251119269802,0.0788168898272035,0.2176332771498242,0.4086660307548169,0.7096013237575982,10_sp_aij_5,8717317,0.1,10,9152,31,30,even
611,11.212121212121213,0.04629894864315,0.6085527544345014,0.2765607422095225,0.3771076207212786,0.9921320940522588,0.0761286336781736,0.1370178595469237,0.249961637112403,0.4094306358173383,0.5745355579956593,10_sp_aij_5,8717317,0.1,10,9152,31,30,even
612,12.12121212121212,0.03630100423942,0.5059768325435572,0.3019550010634115,0.3382707395507562,1.0523737744054298,0.0582913950349582,0.1860549202185468,0.262328683166028,0.4156804371455334,0.5415777975965137,10_sp_aij_5,8717317,0.1,10,9152,31,30,even
613,13.333333333333334,0.0430895912126298,0.4518111371981865,0.4049389774360924,0.4008510670673905,0.7022028269864958,0.0462086639422051,0.1650807042078317,0.3658432382319834,0.3740071064599134,0.6633921705380005,10_sp_aij_5,8717317,0.1,10,9152,31,30,even
614,14.242424242424242,0.0509977929175438,0.5074032023442749,0.3609674110346548,0.3772563750832253,0.98270174527243,0.0442584696638399,0.2116538021510465,0.3358838538232447,0.4407105249787894,0.7735108653592335,10_sp_aij_5,8717317,0.1,10,9152,31,30,even
615,15.454545454545457,0.0533218290038547,0.542515670358197,0.3906415850157352,0.371584414893175,1.0608893586949324,0.0327240024577086,0.2122593695628492,0.309753082103246,0.5596247234815602,0.669743972496356,10_sp_aij_5,8717317,0.1,10,9152,31,30,even
616,16.363636363636363,0.0460678778540535,0.5678788988953929,0.4104069370885083,0.4776949461365838,1.1160955455491857,0.0284540378694687,0.2301600581713582,0.3414274694815285,0.593789905620227,0.6209608029216376,10_sp_aij_5,8717317,0.1,10,9152,31,30,even
617,17.575757575757578,0.0514864104045106,0.4227364074308847,0.2535774708858452,0.3498740720700904,0.99457495577434,0.0312909484088157,0.2318150986364271,0.3259254709038311,0.4272194291168738,0.540540281517814,10_sp_aij_5,8717317,0.1,10,9152,31,30,even
618,18.484848484848484,0.0616750251460041,0.4682759404270216,0.3519741967780789,0.3957708597787941,0.8301440196563438,0.0299239609426368,0.2280216618997456,0.3029288919520964,0.4112112517728229,0.5520973205281015,10_sp_aij_5,8717317,0.1,10,9152,31,30,even
619,19.393939393939394,0.0719299232438607,0.4471867550744721,0.3754913813254048,0.3115423258600556,0.6418730148167359,0.0218322759050558,0.2160990435665807,0.2962525875162168,0.5684828539013997,0.6015839860725304,10_sp_aij_5,8717317,0.1,10,9152,31,30,even
620,20.60606060606061,0.0555004410777409,0.5656071273449277,0.4184541881774828,0.3273816277847308,0.8891619734739551,0.0200177789439774,0.2279566649074583,0.296353760062845,0.3714441625365893,0.6659662453465047,10_sp_aij_5,8717317,0.1,10,9152,31,30,even
621,21.51515151515152,0.0564123100443897,0.4655456064581149,0.4006592477135466,0.4350426868663375,0.9792790060542134,0.0212125881854562,0.2171723410620822,0.3438300786228224,0.3320531801074847,0.540689522818738,10_sp_aij_5,8717317,0.1,10,9152,31,30,even
622,22.727272727272727,0.0613125435931616,0.4600449572447165,0.3574291596157004,0.371454541087186,0.6569218046720701,0.0215565338817694,0.1841354428563713,0.2570577351248759,0.437704414707297,0.6366810004479688,10_sp_aij_5,8717317,0.1,10,9152,31,30,even
623,23.63636363636364,0.0517929727570303,0.6020469391285241,0.3856697246643294,0.3489264304485205,0.854824566171064,0.0235198703869226,0.1966878033343541,0.320978104482108,0.4784692571244768,0.5575765826033248,10_sp_aij_5,8717317,0.1,10,9152,31,30,even
624,24.545454545454547,0.0472776826092347,0.5066841226191229,0.2798723827925574,0.2963684706618347,0.9088061970321804,0.0181438272108861,0.1637105519478078,0.3613214087396674,0.4364536776653895,0.6759287286989436,10_sp_aij_5,8717317,0.1,10,9152,31,30,even
625,25.75757575757576,0.0495321055978441,0.5213071856371034,0.2834714326534258,0.3966693478067025,0.835855393222238,0.0196074607856091,0.1965367992706153,0.2999956173208408,0.4336764451336837,0.6586663949798481,10_sp_aij_5,8717317,0.1,10,9152,31,30,even
626,26.666666666666668,0.0554626669438247,0.5942470652949527,0.2422508571732836,0.3982271403466355,0.995183110771679,0.0155157957909669,0.1882495671327156,0.2696708072778378,0.4522553059508961,0.6137677746645263,10_sp_aij_5,8717317,0.1,10,9152,31,30,even
627,27.87878787878788,0.0513145170402954,0.5672869295782196,0.4019970023852796,0.3613163985673009,0.9969538081447216,0.0141379609823851,0.1857293539548586,0.2752279754550167,0.4860467887528467,0.7371474850888046,10_sp_aij_5,8717317,0.1,10,9152,31,30,even
628,28.78787878787879,0.0457493983884376,0.5033242104943512,0.4185013234129364,0.3521617495465158,0.8086710464592861,0.0155734491878464,0.1474764067928194,0.3595933793236941,0.422694704263277,0.7282113065100292,10_sp_aij_5,8717317,0.1,10,9152,31,30,even
629,30.0,0.0654978983994058,0.5904852566578969,0.428238616898149,0.4697875394571769,0.8020835413761735,0.0123961356530193,0.1425094212415673,0.3449650402235906,0.4542083808005163,0.6766853240613171,10_sp_aij_5,8717317,0.1,10,9152,31,30,even
630,0.0,0.09,0.09,0.08,0.08,0.08,0.06,0.04,0.01,0.09,0.02,10_sp_aij_5,8982779,0.1,10,9152,31,30,even
631,0.9090909090909092,0.1151974528102515,0.1905307727327993,0.0794818731669087,0.1220629792638637,0.1117242079223006,0.0791447913105804,0.0595946891445107,0.0128258934680448,0.0867954283610021,0.0241726273868813,10_sp_aij_5,8982779,0.1,10,9152,31,30,even
632,1.8181818181818183,0.1326987106860793,0.2797291430577438,0.0866903578906389,0.2239602163860287,0.1830440653311297,0.0746144397380015,0.0701948452800247,0.0185972234854591,0.1325738578275272,0.0561500560225242,10_sp_aij_5,8982779,0.1,10,9152,31,30,even
633,3.0303030303030303,0.152729943018596,0.3710772286692852,0.1005348190421601,0.279329004756769,0.2876098869248022,0.1281884400340014,0.0821011152067981,0.0252870312210097,0.1521070386221806,0.2584383742943893,10_sp_aij_5,8982779,0.1,10,9152,31,30,even
634,3.939393939393939,0.1069682124921966,0.4211483706337375,0.1197633681701466,0.1902399257850791,0.3907555488841263,0.1457841329178774,0.087625914904165,0.0365601440094449,0.1588491064084886,0.457281530110131,10_sp_aij_5,8982779,0.1,10,9152,31,30,even
635,5.151515151515151,0.1232993640379653,0.4851594226724862,0.1380637751131538,0.3670532802447331,0.6609328774361657,0.1519391940402297,0.0798380973765407,0.0615781464078093,0.1884889502988511,0.6538571336330568,10_sp_aij_5,8982779,0.1,10,9152,31,30,even
636,6.0606060606060606,0.1161830011245109,0.4681985828153994,0.1682992864178182,0.3735210070274215,0.8075446125167043,0.1789131056023226,0.0535813274477789,0.1040170581595281,0.2090361499282362,0.6144632398188878,10_sp_aij_5,8982779,0.1,10,9152,31,30,even
637,6.96969696969697,0.1335889387338649,0.4550738931757092,0.2180576399575475,0.4075142554548892,0.6159457845138949,0.1308097110443743,0.0673477278264083,0.1287027461807241,0.3122876262941404,0.6371078224827224,10_sp_aij_5,8982779,0.1,10,9152,31,30,even
638,8.181818181818182,0.0901404709743052,0.5036305884301033,0.2795964695230087,0.4290286054678604,0.9128438458913498,0.0912373214586873,0.0556544398950438,0.2062783014690835,0.3988825019699178,0.5968096389089346,10_sp_aij_5,8982779,0.1,10,9152,31,30,even
639,9.090909090909092,0.0710563923908906,0.553258076378399,0.3225025530792547,0.3849850817208676,0.9151824671862142,0.0907790445113167,0.0620265191132565,0.2586769768879891,0.4710406965878889,0.6369322889963029,10_sp_aij_5,8982779,0.1,10,9152,31,30,even
640,10.303030303030305,0.0740506783887383,0.4768437549486765,0.4310226886166706,0.4024042039253627,1.0136420201186926,0.0617885200245733,0.0952340017808386,0.3056026733005933,0.4186716662423764,0.7202400796004035,10_sp_aij_5,8982779,0.1,10,9152,31,30,even
641,11.212121212121213,0.1004839097391742,0.5339253222393165,0.4640439387882187,0.4674357610731178,0.9465007500072764,0.0340973432868842,0.1259893475712762,0.376610075781864,0.4260746005494848,0.6946262052409743,10_sp_aij_5,8982779,0.1,10,9152,31,30,even
642,12.12121212121212,0.0925280205456543,0.5794023044396248,0.387662836898251,0.5294972335595233,0.8687944141607714,0.0297510829142741,0.1853953550580167,0.3021362696359071,0.587002597566411,0.7256907759996973,10_sp_aij_5,8982779,0.1,10,9152,31,30,even
643,13.333333333333334,0.072454636322498,0.5334549430502974,0.3898970058570431,0.4858387212421255,0.9374157385777632,0.0225671413583304,0.1662863694886661,0.3440386231174822,0.5239966410743191,0.7527546681728299,10_sp_aij_5,8982779,0.1,10,9152,31,30,even
644,14.242424242424242,0.0687741402529332,0.429719930686275,0.3284275120681196,0.4031857144513154,0.9734334931163888,0.0219085449857367,0.1999845846460168,0.375260125930391,0.4853758089913941,0.5690061131966597,10_sp_aij_5,8982779,0.1,10,9152,31,30,even
645,15.454545454545457,0.0675724623735161,0.6022339169012304,0.3127374206690628,0.3517836072256973,0.8312823213643499,0.031530534574715,0.2524052224629102,0.262023685340788,0.4898131985568295,0.6579871061731084,10_sp_aij_5,8982779,0.1,10,9152,31,30,even
646,16.363636363636363,0.0583725487640485,0.5973371184319665,0.3363888072805783,0.4452767045765715,0.921720376366059,0.0281983238102563,0.2849873888058014,0.2182412162937581,0.4573118069752956,0.7132011089196545,10_sp_aij_5,8982779,0.1,10,9152,31,30,even
647,17.575757575757578,0.0394750004317767,0.7109658865583935,0.3392185071747535,0.3517783549780057,0.7345236377235081,0.0357483821594114,0.1828300518052815,0.2976376551461501,0.3653875152769733,0.7017206121309068,10_sp_aij_5,8982779,0.1,10,9152,31,30,even
648,18.484848484848484,0.0381539355706993,0.5495625376171802,0.279609171841349,0.3879077886331271,0.956269800051742,0.035079746511319,0.1670043530579083,0.2604520146524944,0.3858644908140683,0.6415452437019914,10_sp_aij_5,8982779,0.1,10,9152,31,30,even
649,19.393939393939394,0.0411785039972246,0.5176766453875258,0.3635053398276719,0.3656535633286349,0.728065873070501,0.0342604198371218,0.1575547818785799,0.2508682580793434,0.458624522266796,0.6961140866958937,10_sp_aij_5,8982779,0.1,10,9152,31,30,even
650,20.60606060606061,0.0510342108342968,0.4230666156915302,0.4098510658244957,0.3434948534723329,0.934563949577093,0.0264942827043822,0.155890358777299,0.2721854317370748,0.5280630021283366,0.7217687490150171,10_sp_aij_5,8982779,0.1,10,9152,31,30,even
651,21.51515151515152,0.0352100527576608,0.533991048165959,0.2938928546674331,0.3486367830434611,0.7511999827125919,0.0180135318122553,0.1986035332341637,0.3061226017163522,0.4788390094340733,0.5787286453395594,10_sp_aij_5,8982779,0.1,10,9152,31,30,even
652,22.727272727272727,0.0378950859498015,0.5364683136839327,0.2496569754821815,0.4046168884468535,0.8879445623258283,0.0173803946729101,0.1896655851705749,0.2314594499902853,0.5015339987910356,0.5749419507052297,10_sp_aij_5,8982779,0.1,10,9152,31,30,even
653,23.63636363636364,0.0290390382131008,0.6935378123017968,0.26611795119111,0.3688910654578451,0.9123385758249456,0.0148406893123418,0.2041296837286962,0.2155739689262376,0.4276660211637065,0.6819680483881544,10_sp_aij_5,8982779,0.1,10,9152,31,30,even
654,24.545454545454547,0.0280090701048119,0.4117938785826898,0.3260578588370578,0.4134534502268093,0.8608820889954621,0.0146348138322756,0.1261338689943717,0.2644888265155281,0.4526224284133185,0.6564843056309329,10_sp_aij_5,8982779,0.1,10,9152,31,30,even
655,25.75757575757576,0.0285548212145743,0.4777719892528996,0.4042348464421378,0.3940221020855567,0.8803918323226952,0.0142982663114288,0.1951411265735507,0.2925433450095528,0.5113234719814883,0.6314720503638173,10_sp_aij_5,8982779,0.1,10,9152,31,30,even
656,26.666666666666668,0.0322005476300532,0.4522226408769021,0.3985485655892514,0.3644262260056855,0.8377397115166209,0.0124458462940389,0.2154099059169689,0.3287986473214663,0.4969197272644854,0.5912719629258146,10_sp_aij_5,8982779,0.1,10,9152,31,30,even
657,27.87878787878788,0.0291793457135554,0.4813933374110571,0.2916503384717313,0.3842640304513093,0.8778008599811276,0.0122651366495845,0.2216079088725112,0.2941300916146184,0.5518506670399231,0.708296337891888,10_sp_aij_5,8982779,0.1,10,9152,31,30,even
658,28.78787878787879,0.0289030198055522,0.59681852675342,0.3634727214830574,0.3541825721545791,1.000695577389491,0.0138496913479413,0.2588611154009099,0.2448389055294605,0.4602959196771631,0.8739516933064815,10_sp_aij_5,8982779,0.1,10,9152,31,30,even
659,30.0,0.0285692944188085,0.4751916025103159,0.3685565151686309,0.4763195037647513,0.94378262223153,0.0102176813142792,0.2267063637906679,0.3764124172240382,0.4212083571748342,0.7098450127216841,10_sp_aij_5,8982779,0.1,10,9152,31,30,even
660,0.0,0.06,0.08,0.04,0.05,0.07,0.09,0.05,0.09,0.04,0.05,10_sp_aij_5,9036584,0.1,10,9152,31,30,even
661,0.9090909090909092,0.0896379536175078,0.1482489218672551,0.0516177300200213,0.1181378479830944,0.1489154613898358,0.1133189791792722,0.0849784368352048,0.096024594290042,0.0392812837677238,0.0603699621901643,10_sp_aij_5,9036584,0.1,10,9152,31,30,even
662,1.8181818181818183,0.0928126000328163,0.2574685278938493,0.0657390626818816,0.2303249815094881,0.2462438305599984,0.1410248075908227,0.0989668997813715,0.0770341471195413,0.0696375671244356,0.120006736274492,10_sp_aij_5,9036584,0.1,10,9152,31,30,even
663,3.0303030303030303,0.0969102530715225,0.4036507926619016,0.0858255613127554,0.2449473822593117,0.414969298631659,0.1777604658918115,0.1390631578311139,0.083108509964432,0.1482775277404487,0.4160245790315763,10_sp_aij_5,9036584,0.1,10,9152,31,30,even
664,3.939393939393939,0.0971663945478007,0.38856669294694,0.1036081819846494,0.3108292450008201,0.6385212659381085,0.2117510433377377,0.1145177830021836,0.0795822562712942,0.2091491108601845,0.5411104203692156,10_sp_aij_5,9036584,0.1,10,9152,31,30,even
665,5.151515151515151,0.0763549555013704,0.6676248080972408,0.1808576646746507,0.3194105544387903,0.7773677005228319,0.1588338378909249,0.1409927588805058,0.1057044385634869,0.4502535678533009,0.5453864804889813,10_sp_aij_5,9036584,0.1,10,9152,31,30,even
666,6.0606060606060606,0.0715407825540962,0.6282449979027714,0.1684114295378385,0.2658358696194449,0.6958441777027922,0.1635663561788997,0.0986753518432606,0.1488485419926727,0.4003294963754768,0.6623568033815266,10_sp_aij_5,9036584,0.1,10,9152,31,30,even
667,6.96969696969697,0.0638323715736483,0.5245322018816536,0.2465903906611663,0.3363925080808138,0.8722266357747694,0.0995820200277592,0.0831603680255708,0.1573008101135075,0.5404604758985295,0.6895951963565534,10_sp_aij_5,9036584,0.1,10,9152,31,30,even
668,8.181818181818182,0.070461200087626,0.5185355007111447,0.2803306860322747,0.3683286630378081,0.824068724262986,0.0646129867868597,0.0875403327242811,0.2277808913378344,0.3507210676986755,0.5878568540910859,10_sp_aij_5,9036584,0.1,10,9152,31,30,even
669,9.090909090909092,0.0674607337977609,0.4462607017036739,0.280218738766575,0.356691020522007,0.7565278869869972,0.0691536916375642,0.1105805033582707,0.237149120058881,0.4370196100914202,0.5123862141425816,10_sp_aij_5,9036584,0.1,10,9152,31,30,even
670,10.303030303030305,0.0834087676849843,0.5830146518032315,0.3465649027441527,0.3574376337568725,0.6414772381121074,0.0626128183752117,0.1172813887562363,0.2225405062910154,0.4164930721111797,0.5669217984870986,10_sp_aij_5,9036584,0.1,10,9152,31,30,even
671,11.212121212121213,0.0649384625314639,0.5971129081807627,0.2644594845543555,0.3138341754386649,0.9943216839163832,0.0634500473488104,0.094535666701488,0.2286975614683404,0.4571068661215827,0.6569926598612006,10_sp_aij_5,9036584,0.1,10,9152,31,30,even
672,12.12121212121212,0.0554130634916608,0.6386380702696987,0.2916645704818199,0.3135633992442952,0.9684130818745792,0.0543825545698169,0.0930343117615448,0.216330770630666,0.4224621049473299,0.6468669197401352,10_sp_aij_5,9036584,0.1,10,9152,31,30,even
673,13.333333333333334,0.0707803856234126,0.4762537985632792,0.3301239084738259,0.4380514506402911,0.7043593362940949,0.0453023775468595,0.1125595833249902,0.3449824597014692,0.4735926843905843,0.6821923704752061,10_sp_aij_5,9036584,0.1,10,9152,31,30,even
674,14.242424242424242,0.0660288719443368,0.4793318634189097,0.3570132708070185,0.3061496179249324,0.9421626333994196,0.0493645836789122,0.1131607204654167,0.3405082179410143,0.5848821968717092,0.7984878048560398,10_sp_aij_5,9036584,0.1,10,9152,31,30,even
675,15.454545454545457,0.0673689650218036,0.522084110513422,0.3402998527468481,0.2784233713099504,0.9092957536841112,0.043101621087415,0.1169283584963666,0.3439153990608257,0.4541137121602381,0.706361803380611,10_sp_aij_5,9036584,0.1,10,9152,31,30,even
676,16.363636363636363,0.0740539567933302,0.6127150750535911,0.3619105052433023,0.4327607558722458,0.97597121658467,0.0285412586732771,0.2048189664507072,0.3737960855378504,0.475835339868461,0.6799469112485745,10_sp_aij_5,9036584,0.1,10,9152,31,30,even
677,17.575757575757578,0.0847807404483884,0.5399641511171599,0.3640990307227457,0.4641901031499674,0.8816464816326779,0.0345851155156328,0.1744257328707164,0.3781440717946085,0.5060081265943359,0.734201379420995,10_sp_aij_5,9036584,0.1,10,9152,31,30,even
678,18.484848484848484,0.0641846188738417,0.4402941037538999,0.4675624970625505,0.4411791789636743,0.8135648391991744,0.0268419810116486,0.1775329681904621,0.4631560135344841,0.5389193059554362,0.6542651817582172,10_sp_aij_5,9036584,0.1,10,9152,31,30,even
679,19.393939393939394,0.087962588671301,0.507667914897857,0.3720350127927606,0.3648385328901909,0.7896866074731962,0.0219242828934217,0.1897766707704633,0.3368257003102001,0.4486657936292777,0.6427067290972205,10_sp_aij_5,9036584,0.1,10,9152,31,30,even
680,20.60606060606061,0.0885477477367041,0.5061497305873361,0.2757213311641007,0.3338363754578261,0.741359742246594,0.0270081468907626,0.1550743474855369,0.3447077014206725,0.4305109665297137,0.5914179290432137,10_sp_aij_5,9036584,0.1,10,9152,31,30,even
681,21.51515151515152,0.0824447395681597,0.560838810856185,0.2953934515708861,0.3476957331299279,0.9912941804663784,0.0289622202017267,0.1649347740603529,0.318466805145062,0.5005716168237998,0.6924591222772633,10_sp_aij_5,9036584,0.1,10,9152,31,30,even
682,22.727272727272727,0.0912445723052851,0.5242078425104559,0.3854620674157847,0.4022211237564475,1.018272222588418,0.0267177403301316,0.1459148274800769,0.3512439102798348,0.5202867609502082,0.6914182707998089,10_sp_aij_5,9036584,0.1,10,9152,31,30,even
683,23.63636363636364,0.0835504042018482,0.4351274475751796,0.4953490834202739,0.3876763327710525,0.8186807287687506,0.0213392548409118,0.1724157199533241,0.399522951500116,0.5142377270654256,0.5916530079387371,10_sp_aij_5,9036584,0.1,10,9152,31,30,even
684,24.545454545454547,0.0958124320097434,0.3811317915227371,0.3565663730451824,0.4726935182083193,0.7854614283986443,0.0178749459719913,0.2368335668507163,0.2852841523995831,0.4328386331028826,0.518658861168215,10_sp_aij_5,9036584,0.1,10,9152,31,30,even
685,25.75757575757576,0.1298414770203317,0.4611447649802641,0.3505506066662837,0.3243934832564719,0.8328953765147549,0.0201159545032499,0.1894925184762322,0.2827854109886822,0.3818467362251822,0.7185323858990779,10_sp_aij_5,9036584,0.1,10,9152,31,30,even
686,26.666666666666668,0.0897725811559071,0.4437742259729837,0.4166242136182676,0.4312885733398618,0.8959594816268339,0.0204918875576569,0.1790582534470794,0.3147373400873748,0.452579423134107,0.7354857180245056,10_sp_aij_5,9036584,0.1,10,9152,31,30,even
687,27.87878787878788,0.0537269998795507,0.4599573307839165,0.4405103421904816,0.4008259709082036,0.765260356757137,0.0213869260857343,0.2178134015092358,0.3345901237513043,0.583921609737687,0.7158821502192376,10_sp_aij_5,9036584,0.1,10,9152,31,30,even
688,28.78787878787879,0.0495475268408135,0.5415234521423254,0.4003914433604147,0.4003606383999307,0.9842116994546226,0.0265561557398113,0.1695780120860744,0.299798546076679,0.4394419719441744,0.5962090977005685,10_sp_aij_5,9036584,0.1,10,9152,31,30,even
689,30.0,0.0419662212848588,0.4331915881522121,0.3317063183818827,0.3345963626454068,0.7681830127380657,0.0255834113977793,0.1848344101492482,0.35194182673963,0.3859769994119917,0.6564182625440969,10_sp_aij_5,9036584,0.1,10,9152,31,30,even
690,0.0,0.09,0.09,0.01,0.06,0.03,0.04,0.04,0.04,0.04,0.01,10_sp_aij_5,9275155,0.1,10,9152,31,30,even
691,0.9090909090909092,0.0976588151859422,0.1662153596923715,0.0092909052591324,0.1114296769678197,0.0546227173419539,0.0553734849336197,0.0633876523389702,0.0502367487772473,0.0424873472316637,0.016298890058452,10_sp_aij_5,9275155,0.1,10,9152,31,30,even
692,1.8181818181818183,0.0946112976965211,0.3397307985299845,0.0072891362416812,0.1296416930216784,0.0876080143251235,0.073117166604529,0.07425323448748,0.066108985445774,0.0427189612633388,0.0302239446690213,10_sp_aij_5,9275155,0.1,10,9152,31,30,even
693,3.0303030303030303,0.1296407429006263,0.4128794616651965,0.0061202285272554,0.1662191785155354,0.2193294727878971,0.1180420223266695,0.0767019419353449,0.0665684891838611,0.0954578997038364,0.1148299012948896,10_sp_aij_5,9275155,0.1,10,9152,31,30,even
694,3.939393939393939,0.1229021750315462,0.3633570988423457,0.0101316817591752,0.238972881227864,0.5097630103051358,0.1435617137018068,0.0973471963583206,0.0699667913865259,0.1364078672577234,0.3304242887741254,10_sp_aij_5,9275155,0.1,10,9152,31,30,even
695,5.151515151515151,0.1286258431103442,0.50329468829734,0.0264396925990057,0.3486482927945047,0.6924395075133047,0.1533319351294474,0.0946032339882842,0.0908114961218584,0.236578849461606,0.54821791180648,10_sp_aij_5,9275155,0.1,10,9152,31,30,even
696,6.0606060606060606,0.094370189217137,0.5040606427511531,0.0623662576654591,0.4071591430729943,0.7928432011119276,0.1544762531131588,0.0926205556275143,0.0990795855720413,0.360298413660514,0.7173583580860032,10_sp_aij_5,9275155,0.1,10,9152,31,30,even
697,6.96969696969697,0.1043368038328386,0.5509517956286654,0.1180205023404607,0.2915750449436637,0.6396628596616409,0.1543601216216938,0.0995776997847758,0.1572539639425841,0.3417293908627425,0.5453987620641799,10_sp_aij_5,9275155,0.1,10,9152,31,30,even
698,8.181818181818182,0.0708033369050815,0.5705456848207597,0.1448827800866893,0.3151825298691566,0.7357413869283487,0.1229652689450218,0.0969970690867173,0.2094786860692547,0.3519070029826769,0.7486863046816281,10_sp_aij_5,9275155,0.1,10,9152,31,30,even
699,9.090909090909092,0.0647042332707874,0.4924550833862133,0.1890029840536606,0.3355139322197733,0.7846962100829844,0.1408634128248815,0.0590792654985391,0.1723778720043489,0.3701758170667126,0.6151647193094613,10_sp_aij_5,9275155,0.1,10,9152,31,30,even
700,10.303030303030305,0.0802730539133355,0.4697943337336821,0.2686518726240643,0.3436027751239633,0.8310048571574229,0.1022375713357636,0.0589794161235452,0.1775496394065924,0.3757927712723888,0.6367800467480886,10_sp_aij_5,9275155,0.1,10,9152,31,30,even
701,11.212121212121213,0.1122394399295835,0.4700021447871558,0.3355797005754184,0.3629555058986068,0.740321406205718,0.1178376052782241,0.0480879472773686,0.1775420021650865,0.2698460460278638,0.645480654109693,10_sp_aij_5,9275155,0.1,10,9152,31,30,even
702,12.12121212121212,0.1104106157786273,0.5022629505484772,0.335553773273301,0.3666652067898539,0.780556179423942,0.1071637527115585,0.0630651349979645,0.2488486763557001,0.3002911210100166,0.7128430584592509,10_sp_aij_5,9275155,0.1,10,9152,31,30,even
703,13.333333333333334,0.1047804564830006,0.5099672881388848,0.4643718020633647,0.4304460644379935,0.7684887573094364,0.0933862860628499,0.1118862896423748,0.2640903213243564,0.3990971510003724,0.6449571138359096,10_sp_aij_5,9275155,0.1,10,9152,31,30,even
704,14.242424242424242,0.1068122565548466,0.5343308788603645,0.4165846947094443,0.4649456470632613,0.729723546589625,0.0893701060096811,0.137754308653415,0.3030209320552929,0.4094155444119573,0.5975092341334847,10_sp_aij_5,9275155,0.1,10,9152,31,30,even
705,15.454545454545457,0.1009058070977886,0.5521733769401733,0.3949263050966797,0.3601736552999705,1.0366237727839736,0.053545097038709,0.1292189236192704,0.2745655830174132,0.4271090087905932,0.9295063495786754,10_sp_aij_5,9275155,0.1,10,9152,31,30,even
706,16.363636363636363,0.0967563552894921,0.4506577102487524,0.3327046032148367,0.376042734966809,0.8426812020798453,0.0456549821160496,0.1192701084609062,0.3103644089517698,0.3893468760882427,0.5776923882066889,10_sp_aij_5,9275155,0.1,10,9152,31,30,even
707,17.575757575757578,0.1226397192234743,0.4404401721250229,0.3278321993037572,0.3608140811820586,0.6209358876451015,0.0506046125223986,0.1332050646193293,0.304101339542531,0.3126524865757177,0.6255380330292275,10_sp_aij_5,9275155,0.1,10,9152,31,30,even
708,18.484848484848484,0.0928047448488352,0.4830265803121137,0.3477543713765887,0.296515344018202,0.8674992917372182,0.0399811332664677,0.1809280329866947,0.2562183041124692,0.3211563265453048,0.5783483447958584,10_sp_aij_5,9275155,0.1,10,9152,31,30,even
709,19.393939393939394,0.0776849123924796,0.4510615682940502,0.2647898275670699,0.311903188526476,0.8130713543301176,0.0409296613446385,0.2494016279663473,0.327627020072144,0.4215542155932457,0.6733993856676409,10_sp_aij_5,9275155,0.1,10,9152,31,30,even
710,20.60606060606061,0.0452495345286514,0.4161346263788069,0.3281120963872659,0.3679679626228191,0.9059044669884828,0.0424285332398907,0.1928608292636403,0.3342975731579763,0.3800233811277219,0.5300363672019882,10_sp_aij_5,9275155,0.1,10,9152,31,30,even
711,21.51515151515152,0.0439077069345595,0.4759574317017518,0.3298197280070915,0.34251248486273,0.651579575312768,0.0422651919348018,0.3189221256891769,0.2748020801306281,0.538784948158509,0.6464837651691346,10_sp_aij_5,9275155,0.1,10,9152,31,30,even
712,22.727272727272727,0.0485150251748163,0.5113266887578798,0.3053521079414955,0.3786628936058004,0.7710574326083934,0.0312048758011935,0.2024624091517161,0.2392020902563555,0.4759969512909003,0.7101428071261786,10_sp_aij_5,9275155,0.1,10,9152,31,30,even
713,23.63636363636364,0.0481791512873005,0.5069828922259644,0.3531765038328391,0.3316653185324879,0.7833008048268789,0.0233676111242562,0.1236002368896431,0.2783483898081143,0.4314468651225612,0.6912644670353711,10_sp_aij_5,9275155,0.1,10,9152,31,30,even
714,24.545454545454547,0.0504229057020838,0.4589005411564413,0.3083329116461395,0.3669079077325828,1.0036170514291949,0.016019988007293,0.1412838435950316,0.2835741071163047,0.3546344386980776,0.5774741185903848,10_sp_aij_5,9275155,0.1,10,9152,31,30,even
715,25.75757575757576,0.0542092778149168,0.5459063791780109,0.4289738881502548,0.4173411971363536,0.8654867125866678,0.0163252542615273,0.179769956756438,0.2503267540706408,0.4651095970159148,0.5145096736111183,10_sp_aij_5,9275155,0.1,10,9152,31,30,even
716,26.666666666666668,0.0629161447714272,0.537406270044083,0.3081429410431174,0.476345061163556,0.6577222749834497,0.0128132952733567,0.2198702658611727,0.2593781124954566,0.5428104465715329,0.7063574007404438,10_sp_aij_5,9275155,0.1,10,9152,31,30,even
717,27.87878787878788,0.061083984411385,0.4218666812382937,0.2690867544339624,0.3028149362099683,0.7905111147301392,0.0118219925665571,0.13067288663812,0.2639237226363654,0.3892661652493002,0.5644500116770113,10_sp_aij_5,9275155,0.1,10,9152,31,30,even
718,28.78787878787879,0.0553159939114109,0.5443787683224948,0.2954697878895182,0.3465085411000956,0.8670473364393482,0.0122722058006328,0.1714699283569174,0.3224823330600753,0.400038927265864,0.5750579749088689,10_sp_aij_5,9275155,0.1,10,9152,31,30,even
719,30.0,0.0457535613625598,0.54252290543193,0.3295319529904342,0.3748982773879495,0.9140785734385276,0.0122677697776971,0.1245324696046603,0.2935637584273616,0.4613766503579692,0.7340845075209433,10_sp_aij_5,9275155,0.1,10,9152,31,30,even
720,0.0,0.06,0.06,0.01,0.01,0.01,0.08,0.08,0.04,0.04,0.05,10_sp_aij_5,9845126,0.1,10,9152,31,30,even
721,0.9090909090909092,0.0775861402832551,0.1383017194799054,0.0087501792926582,0.0209949240518058,0.0239764458664251,0.0922020564373433,0.084855088666388,0.041748509566147,0.0423648937885412,0.0632226981728207,10_sp_aij_5,9845126,0.1,10,9152,31,30,even
722,1.8181818181818183,0.0756522578440465,0.1855684132541865,0.0110617596964138,0.0443467428674146,0.0511978166526785,0.1309612323925999,0.1005814493752845,0.0441526220871204,0.0456161220693593,0.0816076837648351,10_sp_aij_5,9845126,0.1,10,9152,31,30,even
723,3.0303030303030303,0.0793946493582335,0.3781117822882226,0.0112991768483152,0.1218879169651111,0.184697772863227,0.1711965989665915,0.0836327104717108,0.0456263022791719,0.0876796533286226,0.1507460890277708,10_sp_aij_5,9845126,0.1,10,9152,31,30,even
724,3.939393939393939,0.0941799568068834,0.363192409828576,0.0092997522508182,0.158469804039193,0.3306227818789421,0.2025175541782648,0.0736554665089069,0.0364716325151288,0.1089915128955722,0.3085890430536692,10_sp_aij_5,9845126,0.1,10,9152,31,30,even
725,5.151515151515151,0.088634819496051,0.4244651563998748,0.0151727105196676,0.246750183579021,0.5034590606042371,0.1696641010366038,0.0883612424805005,0.0305986295204825,0.1703202869836227,0.333675699401549,10_sp_aij_5,9845126,0.1,10,9152,31,30,even
726,6.0606060606060606,0.0783987875020818,0.473966582406327,0.0208382430699993,0.2451213952925514,0.5197527983068468,0.2053581351028943,0.0787361666845085,0.0345680262500372,0.2273975706205705,0.5216189659271322,10_sp_aij_5,9845126,0.1,10,9152,31,30,even
727,6.96969696969697,0.0798132320455667,0.4989909943776173,0.0353456331272659,0.2719460661832468,0.6035039731931606,0.1671147874116872,0.0665488194638753,0.0558941108769927,0.2508434059625445,0.5611221437175834,10_sp_aij_5,9845126,0.1,10,9152,31,30,even
728,8.181818181818182,0.0764007323790747,0.4843041587352383,0.0810593687624322,0.2742826125410162,0.5969925781453748,0.2264637007232714,0.0584659787877161,0.1043268848483044,0.2013541128956736,0.5837442279638989,10_sp_aij_5,9845126,0.1,10,9152,31,30,even
729,9.090909090909092,0.1068086547872833,0.5426418020136289,0.1407754436587198,0.3801826894641704,0.6561703216823218,0.2187125911935117,0.0596723520161076,0.1517653499749308,0.3283696343523704,0.6294594877646231,10_sp_aij_5,9845126,0.1,10,9152,31,30,even
730,10.303030303030305,0.0951935716918433,0.5582926368834358,0.227825069999369,0.3657048648166124,0.8582909791396185,0.155342012250966,0.0538473179636037,0.1790580994974183,0.3980889569197031,0.7002127064106027,10_sp_aij_5,9845126,0.1,10,9152,31,30,even
731,11.212121212121213,0.0834318860245714,0.7501092175153695,0.3496794006523863,0.3693909058399158,0.8966811427884358,0.1114878466776665,0.0502087391496734,0.2234487566998775,0.3961566486741552,0.759333062429927,10_sp_aij_5,9845126,0.1,10,9152,31,30,even
732,12.12121212121212,0.0896965542748763,0.6801075469389749,0.4067037062719844,0.2877156062823868,0.9000700261838681,0.113457587321836,0.0579417143308599,0.2751759080054924,0.3788603613392013,0.7114208785023615,10_sp_aij_5,9845126,0.1,10,9152,31,30,even
733,13.333333333333334,0.111143034916055,0.5485179177481047,0.3938832283678203,0.3903717292335661,0.9711086238886888,0.0752543499443581,0.0708177649286571,0.323756536897032,0.516791327745077,0.7333416058025345,10_sp_aij_5,9845126,0.1,10,9152,31,30,even
734,14.242424242424242,0.1039572846982707,0.5313861629544454,0.4404802493180858,0.3688982740627423,1.171479493100596,0.0443375428437583,0.0877331254408564,0.3466341726946679,0.39366934284537,0.7483562225615832,10_sp_aij_5,9845126,0.1,10,9152,31,30,even
735,15.454545454545457,0.139564846335868,0.4443770133016894,0.332813001342824,0.4668533482646846,0.9105743921140276,0.0315152626264075,0.1323037939898855,0.3718257210572724,0.4267237701353996,0.6273896309565385,10_sp_aij_5,9845126,0.1,10,9152,31,30,even
736,16.363636363636363,0.1332801184878464,0.4187993808478559,0.4736163370921996,0.442696687273208,0.8203501544623119,0.0280845336369693,0.2066475467597214,0.3171763342736506,0.4817389691218094,0.7181337601750035,10_sp_aij_5,9845126,0.1,10,9152,31,30,even
737,17.575757575757578,0.099718175720649,0.3464717934060184,0.442860439054331,0.3730528787538263,0.980710576645038,0.0299384353859639,0.1689456371886145,0.3275427842266616,0.3795694130581805,0.7493622033343252,10_sp_aij_5,9845126,0.1,10,9152,31,30,even
738,18.484848484848484,0.0984377450167269,0.4373751318969103,0.4909638934110591,0.4916426369084702,0.8848166061661432,0.0281749929412649,0.1826960718590834,0.3210625988543543,0.4194497756463621,0.5369071622008857,10_sp_aij_5,9845126,0.1,10,9152,31,30,even
739,19.393939393939394,0.0904965852010612,0.391940768884413,0.4055540602352862,0.3621456849693329,0.871776657783232,0.0278687663392444,0.186564058605074,0.3129608386361131,0.4290251007909998,0.7607429387021792,10_sp_aij_5,9845126,0.1,10,9152,31,30,even
740,20.60606060606061,0.0659626687854977,0.4608895270224193,0.2837793189171238,0.3987019108847703,1.0162723375721574,0.0300756658250473,0.1764573809295551,0.3302099632646164,0.3542212821595512,0.8018420869260856,10_sp_aij_5,9845126,0.1,10,9152,31,30,even
741,21.51515151515152,0.0512555685223359,0.5636913353836659,0.3328090294111937,0.450916143698601,1.0037609147479778,0.0347700091133861,0.1878685845822371,0.2494669220595504,0.4484903565589976,0.6520083904509826,10_sp_aij_5,9845126,0.1,10,9152,31,30,even
742,22.727272727272727,0.048955128481272,0.5324573722304402,0.2972071239468922,0.2889511274101439,0.7343260963452347,0.0386449786603714,0.1486221745571912,0.2156405066132412,0.3798509267091839,0.6839755923014035,10_sp_aij_5,9845126,0.1,10,9152,31,30,even
743,23.63636363636364,0.060515725932069,0.5624751910883345,0.3060169936450304,0.3397114738374325,0.7306073044687,0.0340375510761584,0.1334817232814231,0.241169896136602,0.3333947611492686,0.6661495975661053,10_sp_aij_5,9845126,0.1,10,9152,31,30,even
744,24.545454545454547,0.0642618829401005,0.5056069889063045,0.3122763345515348,0.3082763265580673,0.9925037279841288,0.033474428930158,0.1214771489116301,0.231687221847078,0.4125155662936233,0.6540720970268588,10_sp_aij_5,9845126,0.1,10,9152,31,30,even
745,25.75757575757576,0.0618640279511173,0.4663710723327939,0.261047172876411,0.409478067648619,0.7531319015999491,0.020973251891336,0.1209610728913901,0.3432871020537188,0.4551914260191646,0.6018411893815342,10_sp_aij_5,9845126,0.1,10,9152,31,30,even
746,26.666666666666668,0.0524872489754531,0.3974928550650869,0.2392479249566531,0.3365804967076334,0.9089333186358884,0.0312555302478847,0.1347876712023727,0.2776523875841732,0.4737233621360726,0.6822743459690439,10_sp_aij_5,9845126,0.1,10,9152,31,30,even
747,27.87878787878788,0.0476544513047911,0.3580778662541669,0.4122558294355308,0.2958979222798921,0.8345492486861866,0.042567370281242,0.1489847586250341,0.3246098965497438,0.3897098965050227,0.5835814799916635,10_sp_aij_5,9845126,0.1,10,9152,31,30,even
748,28.78787878787879,0.0500797581238735,0.4177950740639918,0.3282924007954594,0.3347645704951227,0.9084369318904224,0.049791378370636,0.1955607612672345,0.312936944238966,0.4025459881366555,0.6304565846612039,10_sp_aij_5,9845126,0.1,10,9152,31,30,even
749,30.0,0.0520322846153951,0.4654193663197282,0.352954439106191,0.4029164468587322,0.7680336336726029,0.0445674282026197,0.165379865090931,0.3044716870243615,0.4095178285471141,0.535250831822054,10_sp_aij_5,9845126,0.1,10,9152,31,30,even
750,0.0,0.07,0.06,0.07,0.04,0.06,0.08,0.06,0.06,0.06,0.08,10_sp_aij_5,10011807,0.1,10,9152,31,30,even
751,0.9090909090909092,0.0702696422941664,0.1324726830740466,0.0761890978892013,0.096933762569427,0.1110745741505798,0.1021046530579978,0.0792270910038752,0.0682644147672091,0.0705908664611144,0.1014283524325339,10_sp_aij_5,10011807,0.1,10,9152,31,30,even
752,1.8181818181818183,0.0701989120479742,0.2699457344427902,0.0516806672061013,0.142736973850333,0.1728100151451747,0.1256339739723076,0.1040440329236908,0.079997089065404,0.1083564836023405,0.182832752781628,10_sp_aij_5,10011807,0.1,10,9152,31,30,even
753,3.0303030303030303,0.0644293646540532,0.4150398692619642,0.0293092322466991,0.2031644898096109,0.2957432130647655,0.1771046030849689,0.0830488737866517,0.0974240956588652,0.1507448462498215,0.3752444796850763,10_sp_aij_5,10011807,0.1,10,9152,31,30,even
754,3.939393939393939,0.0655239438347412,0.4496062910855697,0.0331838125359855,0.298366223176955,0.531997722298504,0.171394113841669,0.0846870777595213,0.1016735462258758,0.1796188400607172,0.3534041587388851,10_sp_aij_5,10011807,0.1,10,9152,31,30,even
755,5.151515151515151,0.0676474528146224,0.6462718597870447,0.0673282730841321,0.3408047109983392,0.6542898048114731,0.2019359929654093,0.1100748528123139,0.082736829477079,0.1942009169029308,0.581147090529145,10_sp_aij_5,10011807,0.1,10,9152,31,30,even
756,6.0606060606060606,0.0678415333074881,0.5628091925166367,0.093862620705268,0.3485365742298026,0.7561640793788721,0.1660110453993235,0.1085613784525224,0.0876032108578123,0.2363881108558814,0.6226636251787325,10_sp_aij_5,10011807,0.1,10,9152,31,30,even
757,6.96969696969697,0.0603231621116063,0.4040063804284801,0.1487402288441385,0.2998048377071639,0.7419772965286706,0.1953094475296384,0.1063143609158483,0.1050515272455587,0.3346839694683687,0.6853668007714961,10_sp_aij_5,10011807,0.1,10,9152,31,30,even
758,8.181818181818182,0.0635420014476628,0.5368768358101186,0.2577865569993499,0.317540384957206,0.7950869559668917,0.1270768814812089,0.1082436227192526,0.1603022513647213,0.4604588119469158,0.7750499074194075,10_sp_aij_5,10011807,0.1,10,9152,31,30,even
759,9.090909090909092,0.0585159588483853,0.6121338035958479,0.3282435839859458,0.3746429335371978,1.0031663119146084,0.0866706601333009,0.0913961707825416,0.3366789152275941,0.4919651344117488,0.5670729182433171,10_sp_aij_5,10011807,0.1,10,9152,31,30,even
760,10.303030303030305,0.0559434059539043,0.4082031594491661,0.315181336008021,0.3039215506997634,0.8582136541611195,0.0810207578200721,0.1385873281094366,0.2967593946511947,0.3880930183933528,0.5971779120035381,10_sp_aij_5,10011807,0.1,10,9152,31,30,even
761,11.212121212121213,0.038070512035218,0.4488200399651473,0.3876963082048623,0.2721080742415114,0.8358803022207933,0.076204378520033,0.1900410651483865,0.3279782508010174,0.4291286169780429,0.7163306906104226,10_sp_aij_5,10011807,0.1,10,9152,31,30,even
762,12.12121212121212,0.0376225099931914,0.4825582976645722,0.3080697933295493,0.3321136631433661,0.874986503093517,0.0728483483913562,0.1697538065259449,0.285972079249301,0.4284499044285709,0.6547837351632894,10_sp_aij_5,10011807,0.1,10,9152,31,30,even
763,13.333333333333334,0.0431053362273524,0.6495005931935719,0.264289590505988,0.330866021996438,0.7614063198517403,0.0403913552363801,0.1188694599743745,0.289420598737636,0.3883946737466138,0.7149068705968287,10_sp_aij_5,10011807,0.1,10,9152,31,30,even
764,14.242424242424242,0.0353254658419049,0.4370070391043058,0.3117193537777974,0.4005877939616864,0.8219770398337869,0.0322813270582086,0.1144943902686574,0.2867482977651968,0.4033305641406125,0.6323340606458661,10_sp_aij_5,10011807,0.1,10,9152,31,30,even
765,15.454545454545457,0.0370665186411694,0.4418353295101704,0.2623119740913955,0.3592088546705048,0.7382662836625912,0.0288682878152244,0.2255332107822912,0.311348636033012,0.3853804438637803,0.5542246748213748,10_sp_aij_5,10011807,0.1,10,9152,31,30,even
766,16.363636363636363,0.0367630632118333,0.5123455859629548,0.2872684761790859,0.3063448318049457,0.8500020158534759,0.0285536818436609,0.2723329689800005,0.2394021243564889,0.4439665243332514,0.6937436419805062,10_sp_aij_5,10011807,0.1,10,9152,31,30,even
767,17.575757575757578,0.0296594266311284,0.4795034483494898,0.338103491892529,0.2708947759485487,0.8554753536067605,0.0281899462154172,0.2110237330680549,0.2551089563936198,0.342381425398634,0.6676958536324875,10_sp_aij_5,10011807,0.1,10,9152,31,30,even
768,18.484848484848484,0.0341758239055641,0.446334864628151,0.2665668855083611,0.3386676750164075,0.8346950744289787,0.0299053570236275,0.1842131779855282,0.2403771541276076,0.3610421940013599,0.7639119277540709,10_sp_aij_5,10011807,0.1,10,9152,31,30,even
769,19.393939393939394,0.0306168330594467,0.4235037989966969,0.2806870342039752,0.3341168520106565,0.6988440642386925,0.0424635443926518,0.197181672655594,0.2169077554059194,0.4556026744685086,0.5965556758795741,10_sp_aij_5,10011807,0.1,10,9152,31,30,even
770,20.60606060606061,0.031867878955009,0.4330543986064743,0.3210738272847699,0.3880478866318073,0.9218019181448556,0.0472933098493855,0.1760912420886789,0.2480551436691412,0.4370344994878948,0.6705379600670212,10_sp_aij_5,10011807,0.1,10,9152,31,30,even
771,21.51515151515152,0.0304825890894394,0.5431191024166109,0.3895348749366203,0.4524489555224318,0.941005957255554,0.0347515978537498,0.1959751167045796,0.3118841681969271,0.5367841343728835,0.6755884046105537,10_sp_aij_5,10011807,0.1,10,9152,31,30,even
772,22.727272727272727,0.0278233182006553,0.5523933365840032,0.3031842837572647,0.3500081315848834,0.7198789324966544,0.0220979130828575,0.2262581614454905,0.3832099934969211,0.4591194698139458,0.5957854501620495,10_sp_aij_5,10011807,0.1,10,9152,31,30,even
773,23.63636363636364,0.027631870076244,0.4234045519172333,0.3214312880518877,0.3613563298541782,0.8357451189426135,0.0186754812957473,0.1912953276216234,0.2735071319988644,0.4854817278763808,0.7338558916521589,10_sp_aij_5,10011807,0.1,10,9152,31,30,even
774,24.545454545454547,0.0272784188953257,0.6108678492941784,0.3102311652929508,0.4199833986893698,0.8509395734705627,0.0140277948089976,0.1862148277237962,0.2596679192773176,0.6129040360165545,0.7310139271273067,10_sp_aij_5,10011807,0.1,10,9152,31,30,even
775,25.75757575757576,0.0332581986081307,0.5120833993407802,0.2626378831459347,0.3987915746463192,0.7982974903560635,0.0122794646046391,0.2376871355963277,0.3329291117237417,0.5104551866912695,0.7306890333097169,10_sp_aij_5,10011807,0.1,10,9152,31,30,even
776,26.666666666666668,0.030466930884447,0.5167370898537872,0.298864841361291,0.3657303243898446,1.05309308683357,0.0126106727964444,0.2459266070088827,0.271736914896609,0.5221134900985828,0.6533254243237905,10_sp_aij_5,10011807,0.1,10,9152,31,30,even
777,27.87878787878788,0.0396032882646873,0.4433974227156951,0.3183044160665614,0.3564354634158663,0.9011291844294564,0.0131579375690045,0.2270118182688416,0.2592333121066533,0.498969393585627,0.5325002368636064,10_sp_aij_5,10011807,0.1,10,9152,31,30,even
778,28.78787878787879,0.0342565661055014,0.3833344129284234,0.3678697313812401,0.4008180194760355,0.750361392014889,0.0124768857849235,0.2485077355771182,0.2177722923652239,0.3844681941028262,0.6591139497576183,10_sp_aij_5,10011807,0.1,10,9152,31,30,even
779,30.0,0.0367099386120338,0.4277921495375961,0.31090772132924,0.3867354272018469,0.5930843565281286,0.0144488544871206,0.2199557879485136,0.2565482166031377,0.36743615190418,0.5592385228955634,10_sp_aij_5,10011807,0.1,10,9152,31,30,even
780,0.0,0.03,0.04,0.07,0.08,0.06,0.09,0.06,0.05,0.01,0.03,10_sp_aij_5,10488077,0.1,10,9152,31,30,even
781,0.9090909090909092,0.0327710733369214,0.1249086611976883,0.0685659500217929,0.1630386474043987,0.0603540693976277,0.1068543770679675,0.0865790629305605,0.0647618188037741,0.0148097023831316,0.0477512710241856,10_sp_aij_5,10488077,0.1,10,9152,31,30,even
782,1.8181818181818183,0.0427857387366696,0.304624593369625,0.0618226006842565,0.2088193024118858,0.0868575424885587,0.1840097136798398,0.163347924688099,0.0747852333707521,0.0270736018061342,0.0996355786931937,10_sp_aij_5,10488077,0.1,10,9152,31,30,even
783,3.0303030303030303,0.0538265500758057,0.5557607346285087,0.0350639655677866,0.2389706713102467,0.1977955408321071,0.2990463094201075,0.1629960766998646,0.069257014101682,0.0691966473102971,0.2761025159376817,10_sp_aij_5,10488077,0.1,10,9152,31,30,even
784,3.939393939393939,0.0826425012692427,0.56161189676855,0.0328357368550851,0.3333064359517121,0.4058638684287206,0.3221141990418396,0.1317310805160197,0.0615281264373875,0.104836332038839,0.4964965286842362,10_sp_aij_5,10488077,0.1,10,9152,31,30,even
785,5.151515151515151,0.0900459257326376,0.6221206272159614,0.0489994765720547,0.2981024444430754,0.7359532863297737,0.3137567781873619,0.0840715291662421,0.0758390695813039,0.2258169725739942,0.6226240755318578,10_sp_aij_5,10488077,0.1,10,9152,31,30,even
786,6.0606060606060606,0.0956317176369259,0.5074582669842842,0.0858953281043159,0.2777957154199259,0.661554478921704,0.3178899297948008,0.0815066669632877,0.093985931321655,0.2361960611663456,0.6675993718796336,10_sp_aij_5,10488077,0.1,10,9152,31,30,even
787,6.96969696969697,0.1021606007977242,0.5503052957319402,0.1095277362313194,0.2195491074540883,0.6239777345836297,0.2186272176837526,0.047738501267457,0.1407955718531018,0.2251972403417919,0.6612873771715505,10_sp_aij_5,10488077,0.1,10,9152,31,30,even
788,8.181818181818182,0.0783185735834522,0.4357163499008215,0.1596508811307135,0.2444267535835612,0.6524617259398686,0.1626058885854619,0.0611036857135636,0.1558670361741821,0.3883353346545013,0.6684636237148277,10_sp_aij_5,10488077,0.1,10,9152,31,30,even
789,9.090909090909092,0.0819169349543605,0.5785629065300067,0.1900854830552998,0.3282136950968732,0.7832639012268359,0.1503718916663093,0.0510056102091506,0.1819682414872942,0.3035899220667968,0.6381354966776256,10_sp_aij_5,10488077,0.1,10,9152,31,30,even
790,10.303030303030305,0.0981687246179713,0.559257943674061,0.3173501885993768,0.3734496338060513,0.7879303560008596,0.1023341273228027,0.049663221861543,0.2412571608675321,0.3956969660952745,0.6132194749451763,10_sp_aij_5,10488077,0.1,10,9152,31,30,even
791,11.212121212121213,0.1026977922763194,0.5717965697272068,0.3054090918693929,0.4380595510472297,0.8721030998513469,0.1108295668242511,0.06625726557865,0.3140152368979603,0.3075852863004504,0.7103578071080323,10_sp_aij_5,10488077,0.1,10,9152,31,30,even
792,12.12121212121212,0.0922229721219709,0.6163876977716372,0.3296892845458717,0.3770828066091697,0.8623936596126511,0.1190627857037419,0.0802062034538455,0.2558447096149131,0.4108133736505129,0.6846143718441805,10_sp_aij_5,10488077,0.1,10,9152,31,30,even
793,13.333333333333334,0.0842795246801613,0.5739619748989332,0.4069421588230421,0.4399071812199453,1.1896042078616331,0.0718840921611803,0.0983065128464114,0.3263168705175007,0.4976560962037986,0.71350511949382,10_sp_aij_5,10488077,0.1,10,9152,31,30,even
794,14.242424242424242,0.0923599346216547,0.4057925974784008,0.4842085731932012,0.5475451794390946,1.0979990582876622,0.0485391785996541,0.149957835954504,0.3938772560128336,0.6366219311658332,0.781302205144515,10_sp_aij_5,10488077,0.1,10,9152,31,30,even
795,15.454545454545457,0.1053304227740014,0.7904654567164413,0.4874938628780333,0.3678526832846949,1.2688983602474322,0.0280583143850118,0.1255446417872015,0.3477272121836022,0.4870556068742035,0.9735942267160383,10_sp_aij_5,10488077,0.1,10,9152,31,30,even
796,16.363636363636363,0.1139446263479152,0.6105560158962954,0.5786872823547118,0.4785403507543472,0.8966988770279378,0.0201895575357973,0.1631426476651181,0.3666473802891945,0.6979002971590317,0.9624308137729766,10_sp_aij_5,10488077,0.1,10,9152,31,30,even
797,17.575757575757578,0.0947266153102196,0.4206217003816708,0.3747121266798131,0.4587193252622173,1.0395174607147115,0.013095311559409,0.1775891403197554,0.3703638744084493,0.5727064969971182,0.6883296332330016,10_sp_aij_5,10488077,0.1,10,9152,31,30,even
798,18.484848484848484,0.1142925294888691,0.4589289543649677,0.4296111948360103,0.4218083121035971,0.8700063003895835,0.0087715184145324,0.2167959394766075,0.377082021654888,0.4877429301742257,0.6430328327641326,10_sp_aij_5,10488077,0.1,10,9152,31,30,even
799,19.393939393939394,0.0829353860592467,0.5072309894244835,0.3804659814258868,0.4337779515225695,0.8157145939423716,0.0067449873466041,0.2311692094713877,0.2137975720491204,0.5795549462587029,0.6490681489947931,10_sp_aij_5,10488077,0.1,10,9152,31,30,even
800,20.60606060606061,0.0596073055198324,0.4781083652392633,0.3117124525736747,0.3496550003061596,0.8086742380946749,0.0065877123794766,0.2394924569267747,0.249467270409131,0.4598092595170133,0.5990776669193963,10_sp_aij_5,10488077,0.1,10,9152,31,30,even
801,21.51515151515152,0.0592241746789548,0.4582753273015512,0.2848341077875766,0.3428614812681216,0.7739133466680191,0.0080661688276825,0.2068318998488109,0.265149491419937,0.5481685364147274,0.6424498980004707,10_sp_aij_5,10488077,0.1,10,9152,31,30,even
802,22.727272727272727,0.0691675205288746,0.5416419016213595,0.3288022987029184,0.2740963129473854,0.8058674067751693,0.0100957645695097,0.1906220066766565,0.3777549776089984,0.4936451824426102,0.6445305155745557,10_sp_aij_5,10488077,0.1,10,9152,31,30,even
803,23.63636363636364,0.0711032805665134,0.5590880323248201,0.2850213993226952,0.359809985800081,0.7715143493579512,0.0105346127079934,0.1878731811386005,0.3080274836539938,0.5362423217199013,0.6708463902591504,10_sp_aij_5,10488077,0.1,10,9152,31,30,even
804,24.545454545454547,0.056002432369767,0.408421134248962,0.2943146916805001,0.4423316801037561,0.844300993857342,0.0126834002555435,0.1988815395896703,0.2201233906229773,0.4530376452065456,0.625162861648806,10_sp_aij_5,10488077,0.1,10,9152,31,30,even
805,25.75757575757576,0.0436337101448884,0.4806189098127137,0.3485235385514638,0.3241724212605507,0.8776324542120651,0.0103318028598861,0.1813477116812479,0.2872139179534808,0.3813610287754009,0.6474518934823509,10_sp_aij_5,10488077,0.1,10,9152,31,30,even
806,26.666666666666668,0.0410856368721068,0.3833910579326166,0.32647318633554,0.4020633662520758,0.8947542322293016,0.0103245520044287,0.1778781162272042,0.2968662394389816,0.4081036836283558,0.6011899610076035,10_sp_aij_5,10488077,0.1,10,9152,31,30,even
807,27.87878787878788,0.0421197592510032,0.4381100410735875,0.3353188944976101,0.4000781049154469,0.8453525586263437,0.0104140847446022,0.2186411915725062,0.336179008533682,0.481584575283262,0.5753745680685285,10_sp_aij_5,10488077,0.1,10,9152,31,30,even
808,28.78787878787879,0.0403349411247369,0.4261790155940389,0.3032837834112771,0.3801826983356937,0.8266435145085487,0.0086563561820127,0.183860239543543,0.3077770400993206,0.4785655560446264,0.6249077250396994,10_sp_aij_5,10488077,0.1,10,9152,31,30,even
809,30.0,0.0463855121605796,0.4535673075533022,0.3091223522189298,0.3833331831748856,0.9749742136424808,0.0101825610313279,0.2306782025158726,0.3776911225107294,0.4629025756248128,0.6451209231569862,10_sp_aij_5,10488077,0.1,10,9152,31,30,even
810,0.0,0.04,0.08,0.06,0.07,0.06,0.01,0.06,0.01,0.06,0.08,10_sp_aij_5,10793741,0.1,10,9152,31,30,even
811,0.9090909090909092,0.0436391359089486,0.1737625399491669,0.0700142410216079,0.1336501436323997,0.1001920410547077,0.0144171666329799,0.1216680664665774,0.0153802749394165,0.0742999574025692,0.1283260835287592,10_sp_aij_5,10793741,0.1,10,9152,31,30,even
812,1.8181818181818183,0.0451619482742419,0.2212115601441177,0.062573104717601,0.1739878950113713,0.136072594498964,0.0274992256768361,0.1247071118848252,0.0230880110436182,0.1285372641975758,0.2567877656608161,10_sp_aij_5,10793741,0.1,10,9152,31,30,even
813,3.0303030303030303,0.0370854513698411,0.2106812995557981,0.0574405801762215,0.1908658551202993,0.2020119416456982,0.0513930898852428,0.1383228947019116,0.0511870040436208,0.1688852385498935,0.2440393436809759,10_sp_aij_5,10793741,0.1,10,9152,31,30,even
814,3.939393939393939,0.0372030250167736,0.3783109174903748,0.0772199454417572,0.1969386500587033,0.3489595651984281,0.0855922244817662,0.1465573397766232,0.0514932818150273,0.177225814145935,0.3165437152400226,10_sp_aij_5,10793741,0.1,10,9152,31,30,even
815,5.151515151515151,0.0323855572573281,0.4003587041123959,0.0957004867186154,0.2184070691822333,0.3422991806715467,0.1192118767061079,0.1385872276748584,0.0797266726317642,0.1998086551527804,0.4763166677934619,10_sp_aij_5,10793741,0.1,10,9152,31,30,even
816,6.0606060606060606,0.035123538203049,0.4552480754647137,0.0906235704942796,0.2307294633947896,0.6282307988045338,0.1201498573398666,0.1367379479748976,0.1161893138618837,0.2425650810828749,0.4520510743624869,10_sp_aij_5,10793741,0.1,10,9152,31,30,even
817,6.96969696969697,0.033561523723697,0.601625368704705,0.0966621930929544,0.333272818521455,0.6959566420631885,0.1127081120167948,0.1175597219501842,0.1472501844173558,0.3845187141806412,0.564041354366155,10_sp_aij_5,10793741,0.1,10,9152,31,30,even
818,8.181818181818182,0.027284340606738,0.5484573051314872,0.1219857091796447,0.2414509526529803,0.8009093277118422,0.1219154574563058,0.1018511532099613,0.2156964747331302,0.4429231339036345,0.6797501060518799,10_sp_aij_5,10793741,0.1,10,9152,31,30,even
819,9.090909090909092,0.034993950665277,0.6168294509033898,0.1786677800078071,0.3811910473769949,0.9237425113013092,0.1159276320480197,0.0933977559001034,0.2305419913656114,0.4041341776888641,0.7278572235101082,10_sp_aij_5,10793741,0.1,10,9152,31,30,even
820,10.303030303030305,0.0335876471713877,0.6323578741900301,0.2763640644322117,0.2815333163163557,1.0354070077264537,0.0884743883724427,0.1089206331818986,0.238874546061777,0.5061380043792099,0.6970367296847152,10_sp_aij_5,10793741,0.1,10,9152,31,30,even
821,11.212121212121213,0.0365611384105095,0.5929813966112545,0.3304368512734615,0.4026729748100033,0.8776593418041445,0.0587562311485037,0.0955248888332664,0.3662609212722691,0.4539977837630882,0.7478361919850351,10_sp_aij_5,10793741,0.1,10,9152,31,30,even
822,12.12121212121212,0.0485114990415218,0.5010205322947924,0.3924743156649837,0.4115635634703113,0.8543100281815849,0.0509980419020565,0.130405711408364,0.3656522075113839,0.4406580234168171,0.5940238145172253,10_sp_aij_5,10793741,0.1,10,9152,31,30,even
823,13.333333333333334,0.0717759077958775,0.6378827543947053,0.347225228720385,0.4758101537495692,0.9575228176204076,0.039121102013709,0.1767608113964517,0.349799202135985,0.5123793683559673,0.7664191477354038,10_sp_aij_5,10793741,0.1,10,9152,31,30,even
824,14.242424242424242,0.0777383504739199,0.4149261766848209,0.3895868483685572,0.4878169381546741,0.7615483689136264,0.0298373160811152,0.1814960914419248,0.3683847278429469,0.4926005976355941,0.8781691148930505,10_sp_aij_5,10793741,0.1,10,9152,31,30,even
825,15.454545454545457,0.0631409254512254,0.4768116728788178,0.4275907776436874,0.3753986500333189,0.7977611694405664,0.0202000998671206,0.2154952904752228,0.2418652981303956,0.4372163914381693,0.6859543245357114,10_sp_aij_5,10793741,0.1,10,9152,31,30,even
826,16.363636363636363,0.042729792475614,0.466411994220859,0.3400915706081228,0.3335704996542824,0.8959418651797606,0.0163038901234154,0.1798196802049434,0.2561244140875975,0.5121449888306563,0.5223694495993488,10_sp_aij_5,10793741,0.1,10,9152,31,30,even
827,17.575757575757578,0.0336802563208725,0.5282064628069706,0.3375964291689454,0.4300068512148264,0.914631300353496,0.0117175218205569,0.1956693889372144,0.2768004606574213,0.4170575640316074,0.6980856897683672,10_sp_aij_5,10793741,0.1,10,9152,31,30,even
828,18.484848484848484,0.0381072302070998,0.4774155528713579,0.4175159956760604,0.4327381857009716,1.1121378782480793,0.01768178722735,0.2247216911637005,0.3653741559898403,0.471792604157972,0.7590062122040976,10_sp_aij_5,10793741,0.1,10,9152,31,30,even
829,19.393939393939394,0.0425096821765084,0.4876236859947008,0.4954252682002948,0.5409252624308343,0.9050293028203036,0.0157135536978635,0.2092771998399657,0.3876860626371445,0.5393453960484348,0.7652338191499746,10_sp_aij_5,10793741,0.1,10,9152,31,30,even
830,20.60606060606061,0.0416275247672273,0.5670175851277848,0.4352008361521007,0.3229659685965653,1.0394097076565825,0.007919667131742,0.1856537093855178,0.3662894292639476,0.5167029765898133,0.8733023301176053,10_sp_aij_5,10793741,0.1,10,9152,31,30,even
831,21.51515151515152,0.0532805492914532,0.5698230446394409,0.3205142126390569,0.3122612272396132,1.01707562779593,0.0084154837734862,0.1754659461337531,0.3511940080680531,0.4778384571861305,0.8620472901561009,10_sp_aij_5,10793741,0.1,10,9152,31,30,even
832,22.727272727272727,0.0521450235206719,0.447524131530188,0.4719225656073536,0.4976900097955783,1.0673967788676952,0.0080170358593919,0.1753815124582287,0.3807199773018829,0.4653277432864917,0.6358138953282844,10_sp_aij_5,10793741,0.1,10,9152,31,30,even
833,23.63636363636364,0.0661962022816197,0.5555711283780078,0.4777294940693576,0.4005283179720567,0.8551052212273328,0.0090937688697095,0.2012998673694471,0.4241584536838235,0.5530715159108477,0.6515402522938134,10_sp_aij_5,10793741,0.1,10,9152,31,30,even
834,24.545454545454547,0.063867647116666,0.4691290842196023,0.4112535507686997,0.4471098243452444,0.9532175246248942,0.0083073616433611,0.1686072129851097,0.2724140624026749,0.4690902013914386,0.5591786098397006,10_sp_aij_5,10793741,0.1,10,9152,31,30,even
835,25.75757575757576,0.0555137899985429,0.4212226256273305,0.4336256956859172,0.4418698070188452,0.8179065183154449,0.0108550347811964,0.2233604859032553,0.4195305165008341,0.4911013834451063,0.678395388399547,10_sp_aij_5,10793741,0.1,10,9152,31,30,even
836,26.666666666666668,0.0325799518296136,0.4998780847491481,0.2965142321870693,0.4525209752051047,0.8343687451520465,0.0104040950620967,0.2105735956332497,0.3723088089345407,0.4523032525240026,0.7231045520085739,10_sp_aij_5,10793741,0.1,10,9152,31,30,even
837,27.87878787878788,0.030554146937711,0.3749464811588982,0.4132432500020045,0.4721919818057169,0.8707887881393441,0.0155014694223006,0.2567457995185597,0.3248953186559266,0.5375809913418681,0.601078094022653,10_sp_aij_5,10793741,0.1,10,9152,31,30,even
838,28.78787878787879,0.0275471034367428,0.4960056983045791,0.3261684653524858,0.4173974259901702,0.8203086733453185,0.0124640823453236,0.2265873144139598,0.402484991524799,0.4324696504542093,0.7322638063944041,10_sp_aij_5,10793741,0.1,10,9152,31,30,even
839,30.0,0.0305062513824663,0.5143188615279937,0.3019773710353183,0.3157148296137778,0.8788677050952661,0.0117697252578506,0.2649733177557128,0.3599749956315272,0.4049544230972653,0.656958396303725,10_sp_aij_5,10793741,0.1,10,9152,31,30,even
840,0.0,0.09,0.05,0.08,0.02,0.07,0.04,0.01,0.05,0.05,0.01,10_sp_aij_5,11563241,0.1,10,9152,31,30,even
841,0.9090909090909092,0.1112393423968231,0.1213762690482305,0.1054868803852594,0.0361456793967524,0.1013154418479611,0.0329653279251363,0.0202951285203383,0.0689089476353988,0.0579629044922895,0.0212627135142612,10_sp_aij_5,11563241,0.1,10,9152,31,30,even
842,1.8181818181818183,0.114665758973837,0.1840535279550674,0.0900942198006294,0.1044976298908987,0.1376110371554578,0.0406824715007285,0.0405991106931383,0.0698310306489561,0.0663441654008394,0.0311508530368168,10_sp_aij_5,11563241,0.1,10,9152,31,30,even
843,3.0303030303030303,0.1215653913460207,0.2331955926278549,0.0966100645131083,0.2335027092314657,0.2100961390869074,0.0552307898445865,0.0633729782876221,0.0671972731979283,0.1062153230019368,0.0859375302297614,10_sp_aij_5,11563241,0.1,10,9152,31,30,even
844,3.939393939393939,0.1257103505569382,0.2640289597456923,0.0917399331834058,0.3129437083048887,0.2271744273406935,0.0998655628381361,0.1018183877678765,0.103026448605554,0.12842628061996,0.1997866185206314,10_sp_aij_5,11563241,0.1,10,9152,31,30,even
845,5.151515151515151,0.1204581556692512,0.4713280930805792,0.0843592413833763,0.2505407616531649,0.3272744037106243,0.1779121246745452,0.1223272467130699,0.1016500259079093,0.2015309189673668,0.38535060317836,10_sp_aij_5,11563241,0.1,10,9152,31,30,even
846,6.0606060606060606,0.1278550318431772,0.4419546809716155,0.0732771948953368,0.2887041708146237,0.5015622493194293,0.190326028498256,0.1412566160605885,0.1102023385015025,0.2529686383866654,0.611580039985543,10_sp_aij_5,11563241,0.1,10,9152,31,30,even
847,6.96969696969697,0.1574455676858767,0.5263346865812084,0.1095237246879596,0.3488389711348434,0.5575115298868951,0.1783200045220143,0.1090049581785687,0.1231356846223854,0.3206234557107318,0.5801446066094148,10_sp_aij_5,11563241,0.1,10,9152,31,30,even
848,8.181818181818182,0.1192734557030593,0.5512556517991644,0.1893820845710076,0.3569295175371101,0.8189321784543334,0.1776526436768105,0.1120777051139019,0.1329780021960464,0.2651273452266406,0.7582664870117216,10_sp_aij_5,11563241,0.1,10,9152,31,30,even
849,9.090909090909092,0.1341507226792322,0.452540495975009,0.2905907073030827,0.3807074675884271,0.9388925839115048,0.1526236163783742,0.1119718705875678,0.2163106159913204,0.4007772471899302,0.7859239896932314,10_sp_aij_5,11563241,0.1,10,9152,31,30,even
850,10.303030303030305,0.0836888342277077,0.4780079555957665,0.4024341654021025,0.3372239193062317,0.7555524001038837,0.0855664925665511,0.1020223934510906,0.2282885711366812,0.4206876636561769,0.6557858838562052,10_sp_aij_5,11563241,0.1,10,9152,31,30,even
851,11.212121212121213,0.0968342095288894,0.5107549394732321,0.4173781928560196,0.3431880743602474,0.8653194083771056,0.063535189312924,0.1059293107104253,0.2589551099830453,0.4641271021306872,0.645824907510301,10_sp_aij_5,11563241,0.1,10,9152,31,30,even
852,12.12121212121212,0.0767353891047041,0.4954004437026955,0.4850907383430256,0.459204945318316,0.9280569762609076,0.0413791452692468,0.1082017944723525,0.3627222880623396,0.500689092838683,0.6056008739221315,10_sp_aij_5,11563241,0.1,10,9152,31,30,even
853,13.333333333333334,0.0818844694246735,0.5748422306213823,0.4001860714153651,0.4330519853443567,0.9086676085405704,0.0303863579441107,0.1799578751602133,0.4000587704967987,0.4943977554952839,0.783432256686308,10_sp_aij_5,11563241,0.1,10,9152,31,30,even
854,14.242424242424242,0.0875756770789295,0.4300471355671155,0.3435439736524461,0.4560267614414028,0.8733896784112255,0.0289546581352419,0.185586471257942,0.323063855171691,0.5283618223347515,0.6101121498409979,10_sp_aij_5,11563241,0.1,10,9152,31,30,even
855,15.454545454545457,0.0822129057677078,0.523690190395074,0.3762054207047077,0.4720453405647004,0.8821028925270938,0.0310357477940311,0.2055381192498883,0.2757944196590634,0.5600265294174649,0.6181954541815787,10_sp_aij_5,11563241,0.1,10,9152,31,30,even
856,16.363636363636363,0.0549150428518397,0.5214749296184285,0.358787640674537,0.3570244874865485,0.8428653127645199,0.0290139849801909,0.1664222711795917,0.3117920483558212,0.4578482838339426,0.8116265152364593,10_sp_aij_5,11563241,0.1,10,9152,31,30,even
857,17.575757575757578,0.0586690307553748,0.3935756961449687,0.3488857720634289,0.3468803472018841,0.8676064476819095,0.0333354525086519,0.1892011152753488,0.4268323265182018,0.4693950045864411,0.703506028240639,10_sp_aij_5,11563241,0.1,10,9152,31,30,even
858,18.484848484848484,0.0627571560085736,0.407396905315104,0.3483726950555385,0.4805154199135364,0.9209232339924036,0.0343455447806416,0.2202477681305792,0.3939944462261163,0.5660501054311345,0.69408232939918,10_sp_aij_5,11563241,0.1,10,9152,31,30,even
859,19.393939393939394,0.0571257627837873,0.528827114669343,0.2878964962609657,0.3120106633803466,0.9562991424572534,0.0346746210415511,0.2254243755612351,0.3763935249314741,0.5011368757549348,0.6660000528158182,10_sp_aij_5,11563241,0.1,10,9152,31,30,even
860,20.60606060606061,0.0328662400280552,0.5545507569532551,0.3004670337100999,0.3258899274992679,1.0093217594530317,0.0344286052995868,0.2198353483899139,0.2979929309705961,0.462455128342625,0.7447687838083991,10_sp_aij_5,11563241,0.1,10,9152,31,30,even
861,21.51515151515152,0.0233592034954629,0.5021559627228158,0.3309838923437907,0.396090658736692,0.954306346742596,0.03046941977099,0.205298457130262,0.3413385707838609,0.4467794421152704,0.7889371354018744,10_sp_aij_5,11563241,0.1,10,9152,31,30,even
862,22.727272727272727,0.0248336474157535,0.533401714241078,0.2979217476476135,0.3080657755943102,0.8434383796472043,0.02341808756541,0.2207537942899763,0.3305096761838839,0.396804831172799,0.6268011815931362,10_sp_aij_5,11563241,0.1,10,9152,31,30,even
863,23.63636363636364,0.031902582415146,0.5226857104828635,0.2878600306687036,0.4160261683820643,0.8485181141687904,0.0202503785264625,0.2426930528023096,0.2626897823777193,0.5674567500025066,0.6615673493842625,10_sp_aij_5,11563241,0.1,10,9152,31,30,even
864,24.545454545454547,0.0478331839377425,0.5077821372619525,0.3206260020436822,0.3360665021898104,1.0667751168916306,0.0142596128131321,0.1961269952594499,0.2250480450233457,0.3304658233335292,0.6304458997241784,10_sp_aij_5,11563241,0.1,10,9152,31,30,even
865,25.75757575757576,0.0448509661462839,0.4887361682879659,0.2840923568488155,0.2887026667943163,0.753267710481021,0.0127867426467468,0.2397076603330521,0.2320229773310331,0.4511480229796169,0.6617523232938983,10_sp_aij_5,11563241,0.1,10,9152,31,30,even
866,26.666666666666668,0.0419623246335605,0.5283666470871062,0.2489926620292244,0.375931827683205,0.765254360044773,0.0131826258757741,0.1832010683634074,0.250063508372905,0.4996877951242625,0.5624277454188265,10_sp_aij_5,11563241,0.1,10,9152,31,30,even
867,27.87878787878788,0.0516212297774054,0.4500272989756158,0.3356673041177024,0.4266678270306311,0.9331545384806468,0.0135203069124992,0.1782411476668348,0.2095009087972738,0.4535317441308408,0.602828280786825,10_sp_aij_5,11563241,0.1,10,9152,31,30,even
868,28.78787878787879,0.0483884908482201,0.5847971856312938,0.323331494424402,0.4021161698342015,0.8889027387908358,0.0141137177954624,0.251888993018394,0.2672072826716936,0.4975849442832301,0.6615139665749854,10_sp_aij_5,11563241,0.1,10,9152,31,30,even
869,30.0,0.0399356076786073,0.485542643076977,0.2369742595322037,0.4114866994639717,0.938251772415978,0.0131313595486527,0.254269343474289,0.2197547060607165,0.4772883373635299,0.6014713914817054,10_sp_aij_5,11563241,0.1,10,9152,31,30,even
870,0.0,0.02,0.06,0.04,0.05,0.01,0.02,0.02,0.07,0.08,0.03,10_sp_aij_5,12305126,0.1,10,9152,31,30,even
871,0.9090909090909092,0.0255791788124701,0.138203705529629,0.0406479566713932,0.0498370530587353,0.0245789699989901,0.0384842655810387,0.0350521991128187,0.1012404312081392,0.0796837479810677,0.0404080453085262,10_sp_aij_5,12305126,0.1,10,9152,31,30,even
872,1.8181818181818183,0.0277629803473275,0.1840854804161311,0.040871794477494,0.0896958647191997,0.0583225323311087,0.0778046674275622,0.0628539317755679,0.1635266147837048,0.0826948317508342,0.1000182916764966,10_sp_aij_5,12305126,0.1,10,9152,31,30,even
873,3.0303030303030303,0.0279001407319778,0.2967221644121929,0.0438691195732824,0.1382940076234338,0.198205172813521,0.1298287504814773,0.1268238399684531,0.155058246294535,0.1123934771529935,0.2007018135296933,10_sp_aij_5,12305126,0.1,10,9152,31,30,even
874,3.939393939393939,0.0277015645811532,0.3510881829708388,0.0535406993106087,0.2003579106293702,0.353271481061653,0.1160083433276962,0.1695735285310535,0.1194165428143056,0.1749840025577289,0.2573434559734079,10_sp_aij_5,12305126,0.1,10,9152,31,30,even
875,5.151515151515151,0.0308014546005617,0.5548894348339242,0.072124221706009,0.2462037648772514,0.5902595086017749,0.1649879908913303,0.1856950718471552,0.1368286666936998,0.2595257147608394,0.4888126755234511,10_sp_aij_5,12305126,0.1,10,9152,31,30,even
876,6.0606060606060606,0.0337994371398327,0.6124639914142607,0.0956445954697689,0.3730133788840885,0.8042754501215236,0.1956975088170868,0.1237647835069078,0.1824054669204644,0.3702410179550348,0.7274519047323893,10_sp_aij_5,12305126,0.1,10,9152,31,30,even
877,6.96969696969697,0.0306145977689315,0.6494751699100162,0.142337060785847,0.350226139347834,0.9235286101243704,0.1486437703400127,0.1176689021980682,0.1835914505088715,0.3717885363597996,0.7530912303485624,10_sp_aij_5,12305126,0.1,10,9152,31,30,even
878,8.181818181818182,0.0360276989461704,0.5374037130930969,0.2092005839386553,0.280158300834118,0.9375400233435354,0.1378107494729389,0.0995153460360717,0.1697017434950035,0.3401182951462417,0.857739313569539,10_sp_aij_5,12305126,0.1,10,9152,31,30,even
879,9.090909090909092,0.0452762004952731,0.4411646365274638,0.2510323087708503,0.3535072480293665,0.9321272457775236,0.1215230043822444,0.0955986843935669,0.2140033188276855,0.3474995341220496,0.6085868958173448,10_sp_aij_5,12305126,0.1,10,9152,31,30,even
880,10.303030303030305,0.0514109762451793,0.5075916124062082,0.2921874908441819,0.3478563615086877,0.8151667627750462,0.0991374100023582,0.1232975666820223,0.1931559914955729,0.3571305215877212,0.5484603020170102,10_sp_aij_5,12305126,0.1,10,9152,31,30,even
881,11.212121212121213,0.0504323322739411,0.4391863735707734,0.2646983727634537,0.3648580493636862,0.8052338128786517,0.1096163400403547,0.1272708783320064,0.2020058971572778,0.4053056634410918,0.6738641450469908,10_sp_aij_5,12305126,0.1,10,9152,31,30,even
882,12.12121212121212,0.0588042146857268,0.5077717879901369,0.3247106899063197,0.4137280403206703,0.9075412474555408,0.1055726636179574,0.1358106769075722,0.2142762163182755,0.3667077730291842,0.5786677268616282,10_sp_aij_5,12305126,0.1,10,9152,31,30,even
883,13.333333333333334,0.0664411538090367,0.4703624127974085,0.4284911781898287,0.3219344575516689,0.8726535353413394,0.0772528983015303,0.0796886044130945,0.280134661358648,0.5047981804278481,0.6569475154979936,10_sp_aij_5,12305126,0.1,10,9152,31,30,even
884,14.242424242424242,0.0633369869759883,0.5929615467749166,0.4118598799127507,0.4007132046936991,0.8519506085979068,0.054969019730113,0.1002393284101308,0.307073849935742,0.5290921323017901,0.7148749051171611,10_sp_aij_5,12305126,0.1,10,9152,31,30,even
885,15.454545454545457,0.0664195960815633,0.5646596977952386,0.3729300907923132,0.2917481837729867,1.0041624833495917,0.0340680909023835,0.1052143497423233,0.3455369634823178,0.4714923793470013,0.8548985746492733,10_sp_aij_5,12305126,0.1,10,9152,31,30,even
886,16.363636363636363,0.0821211809678921,0.4581216563811196,0.3706423762545932,0.4285575377531404,0.8138579306628008,0.033627714535463,0.1170503250991736,0.3043892104297446,0.3359230592686628,0.7151332959381933,10_sp_aij_5,12305126,0.1,10,9152,31,30,even
887,17.575757575757578,0.0739446200003516,0.494315046648623,0.3324554454386865,0.32767944691108,0.9329826979719056,0.0312035389539013,0.1847913959809483,0.3296465806369189,0.3986198257947088,0.6417382747102501,10_sp_aij_5,12305126,0.1,10,9152,31,30,even
888,18.484848484848484,0.0704591911646812,0.5514068294955503,0.3976099869845557,0.3254601368419937,0.8569722061631655,0.0286818866942368,0.190467023572563,0.2920163443006002,0.5081599907279825,0.7730610856508284,10_sp_aij_5,12305126,0.1,10,9152,31,30,even
889,19.393939393939394,0.0889740929163448,0.5436185499809909,0.2985121681151536,0.3287452614218201,1.1662377037431009,0.0185080744202266,0.1619223012408735,0.2606684193981992,0.4867073944527074,0.702925599957742,10_sp_aij_5,12305126,0.1,10,9152,31,30,even
890,20.60606060606061,0.0782232715193488,0.4813218350962752,0.3091929961586361,0.4386574610670965,0.7306407253165433,0.0178669187846587,0.1817737023030822,0.2538822065170034,0.4802441019324918,0.7611175026745235,10_sp_aij_5,12305126,0.1,10,9152,31,30,even
891,21.51515151515152,0.0792783301337929,0.5171064268935194,0.4025803379609717,0.339781564083349,0.8868511909306243,0.0176947656708518,0.1700228962183212,0.3010911275701351,0.4514252817119747,0.8449889662706974,10_sp_aij_5,12305126,0.1,10,9152,31,30,even
892,22.727272727272727,0.0660653525323897,0.4227888983427617,0.3824467306609165,0.4268982218210902,0.921710382782751,0.0191249466026783,0.1943432763676082,0.3618554217262916,0.4872640210672565,0.6386509009627979,10_sp_aij_5,12305126,0.1,10,9152,31,30,even
893,23.63636363636364,0.0770763423321128,0.4922087534469329,0.4135181309342863,0.4401937120062987,0.7841390412450772,0.0163684522188183,0.2170471911863431,0.3332651125770161,0.5184859552424715,0.62468061101365,10_sp_aij_5,12305126,0.1,10,9152,31,30,even
894,24.545454545454547,0.0600375741687904,0.4868849958338832,0.4444435677205615,0.5414376465275121,0.8629042004449762,0.0170011210739208,0.1856607284614078,0.402515071524842,0.507570068519077,0.6202336520540326,10_sp_aij_5,12305126,0.1,10,9152,31,30,even
895,25.75757575757576,0.0516532033501486,0.4776978346260481,0.3781450088504374,0.3432139565262892,0.7891618735568802,0.019723869456604,0.2243501530674323,0.3517881172873573,0.3811490885079587,0.6902811702760815,10_sp_aij_5,12305126,0.1,10,9152,31,30,even
896,26.666666666666668,0.046736352576823,0.3946397266140005,0.4106377301833772,0.3154542102451133,0.945027082186283,0.0282802356006191,0.173423812824471,0.379575953631192,0.3611217322429801,0.6461569450721345,10_sp_aij_5,12305126,0.1,10,9152,31,30,even
897,27.87878787878788,0.0723482539906309,0.5043845328608716,0.3528301788608708,0.3055449508621636,0.8898941916931277,0.0171832158717027,0.1751912229323072,0.4080345369020582,0.5148349597010636,0.705798749493115,10_sp_aij_5,12305126,0.1,10,9152,31,30,even
898,28.78787878787879,0.0777553042963153,0.4730124569231024,0.4034568010642375,0.3271343819454579,0.7597726593608537,0.0147226760790692,0.1544810320153758,0.3800988045478268,0.4119331306074126,0.7532195716954561,10_sp_aij_5,12305126,0.1,10,9152,31,30,even
899,30.0,0.0933269151545397,0.493288721766071,0.38617610014832,0.3366185724194724,0.782566245289619,0.0107766093720224,0.2017596634310449,0.3130725841730104,0.4827768980262381,0.5470213397717189,10_sp_aij_5,12305126,0.1,10,9152,31,30,even
900,0.0,0.09,0.09,0.01,0.03,0.06,0.06,0.03,0.08,0.07,0.05,10_sp_aij_5,12733201,0.1,10,9152,31,30,even
901,0.9090909090909092,0.0663966474664886,0.1550961736830476,0.0130704385235524,0.0752432221633807,0.1399122902543133,0.0737710819301727,0.0458923505227573,0.0961467430730873,0.07332669961053,0.0729180369613868,10_sp_aij_5,12733201,0.1,10,9152,31,30,even
902,1.8181818181818183,0.1119337642102822,0.2924185672370283,0.0161757775589943,0.2021182630333589,0.2372916804926716,0.0838269423423912,0.079390014459079,0.1156647799809259,0.1156777773912905,0.1087078406447892,10_sp_aij_5,12733201,0.1,10,9152,31,30,even
903,3.0303030303030303,0.1219249497948938,0.3815550259391492,0.0207927394449077,0.2646609192711492,0.4261991592155746,0.1482278320471224,0.1230471905763007,0.1421818533026712,0.2010016390169972,0.3982486821415745,10_sp_aij_5,12733201,0.1,10,9152,31,30,even
904,3.939393939393939,0.1134399153736196,0.4818014762001267,0.0382815259594085,0.2527038772397492,0.5753048013764167,0.1688726170926747,0.1363791092679476,0.1259991644915754,0.295064866650738,0.543004179932996,10_sp_aij_5,12733201,0.1,10,9152,31,30,even
905,5.151515151515151,0.0946561136213378,0.4921576109682047,0.0650626422172026,0.2912141639646897,0.6495931817937008,0.1360172431189174,0.1418235796213907,0.1325348770157962,0.2909431326288125,0.6235676747319014,10_sp_aij_5,12733201,0.1,10,9152,31,30,even
906,6.0606060606060606,0.0848551103507704,0.4844313528903892,0.1646855552531336,0.2999205244181198,0.8677343901611293,0.1542742998565184,0.1207183433950163,0.1831616000925423,0.3412129004236974,0.6485186281988372,10_sp_aij_5,12733201,0.1,10,9152,31,30,even
907,6.96969696969697,0.1017499851187002,0.6804352703532618,0.2229780189475486,0.3992443736506788,0.865305962657825,0.1302085805184837,0.1365383098074536,0.2250582752594038,0.4813222589967161,0.7750163653549308,10_sp_aij_5,12733201,0.1,10,9152,31,30,even
908,8.181818181818182,0.1176670007679459,0.5658401290388367,0.2299882678627553,0.3158156256211785,0.7935034697509652,0.0824780248529954,0.1068007560800295,0.2474062672534459,0.4564854349584863,0.8472584695358846,10_sp_aij_5,12733201,0.1,10,9152,31,30,even
909,9.090909090909092,0.0882725382579932,0.5089687333244753,0.3776974979481381,0.4671154953357608,0.943831698618734,0.0661627379501991,0.1285341508943009,0.2989615357745366,0.4266856842578487,0.6711589262133847,10_sp_aij_5,12733201,0.1,10,9152,31,30,even
910,10.303030303030305,0.0562820649544408,0.4624377765417963,0.3793642333392222,0.3136990724388108,0.9757393702457068,0.0589581316228063,0.1300396781804101,0.3375413605066914,0.4260530304383336,0.6199989924516014,10_sp_aij_5,12733201,0.1,10,9152,31,30,even
911,11.212121212121213,0.0697540843847616,0.5099146100204089,0.4257651731787436,0.4437873555923864,1.1081580648968592,0.050011482841656,0.1969656165796912,0.4419894598473989,0.4899393404097895,0.6394415125068739,10_sp_aij_5,12733201,0.1,10,9152,31,30,even
912,12.12121212121212,0.0637055999548843,0.5492792065921965,0.4722294702560407,0.3765701227462426,1.053337558774625,0.0376702275875756,0.1632793161128091,0.3985996902457201,0.5014464133358911,0.7262573306718482,10_sp_aij_5,12733201,0.1,10,9152,31,30,even
913,13.333333333333334,0.0710937796498901,0.4339572592164648,0.4185658933693951,0.3503319384066728,0.8961240499599594,0.0329012586668451,0.1737237701763376,0.360841909882744,0.5441576121008401,0.7664205762066575,10_sp_aij_5,12733201,0.1,10,9152,31,30,even
914,14.242424242424242,0.0862290891263289,0.4183962311895542,0.2598220463873847,0.4063876351145764,0.9218876719703792,0.0381291001497296,0.1980523671555127,0.2635992624670497,0.4488408050835196,0.7285941132894629,10_sp_aij_5,12733201,0.1,10,9152,31,30,even
915,15.454545454545457,0.0867249790950395,0.5145847795828615,0.2999916108347876,0.344283244173975,0.8438849034810794,0.0371864180004798,0.2467622971067067,0.2599993526137359,0.3989787256133263,0.6374255929982533,10_sp_aij_5,12733201,0.1,10,9152,31,30,even
916,16.363636363636363,0.0691796078573705,0.4806098191978375,0.223783277054478,0.3794566380891945,0.7183987368918835,0.0345466224928738,0.2463744889214702,0.2052690007917227,0.3819111934948224,0.679638388703643,10_sp_aij_5,12733201,0.1,10,9152,31,30,even
917,17.575757575757578,0.0598347143582467,0.4690841834762621,0.297466261263507,0.2753261705226597,0.7288254897338035,0.0273982924885122,0.1559411292957066,0.2596249103705408,0.4530209988695945,0.6883606575666892,10_sp_aij_5,12733201,0.1,10,9152,31,30,even
918,18.484848484848484,0.0462921058231465,0.4529790071013917,0.301642815412115,0.3932621436784503,0.7708874462721956,0.0225773259689276,0.1798687044930751,0.341342646948105,0.518786533237758,0.5716561550782842,10_sp_aij_5,12733201,0.1,10,9152,31,30,even
919,19.393939393939394,0.0394786607919994,0.4733181630050415,0.3234265311942396,0.2692454437948859,0.8751908914762001,0.0221464337877741,0.1558874731804173,0.2012078463619362,0.4445593410252119,0.599338768961854,10_sp_aij_5,12733201,0.1,10,9152,31,30,even
920,20.60606060606061,0.0383295971416343,0.4923751160633309,0.3655598032288074,0.4807126910852171,0.7994261753351212,0.0151895098169926,0.2281283790219821,0.293032963570852,0.4048693833074958,0.4610430954129741,10_sp_aij_5,12733201,0.1,10,9152,31,30,even
921,21.51515151515152,0.030046776565963,0.3846467283309956,0.446178026676586,0.3670506072894762,0.8022816837176475,0.0203524634572041,0.2323068833397476,0.3544489839138952,0.4575531539163355,0.6105368252739266,10_sp_aij_5,12733201,0.1,10,9152,31,30,even
922,22.727272727272727,0.0367399582788199,0.4393646214614321,0.4174593560898977,0.3725305010511451,0.7913286840622308,0.0204009958854874,0.287397904844865,0.2800774367992146,0.4843569742867648,0.5380959741558,10_sp_aij_5,12733201,0.1,10,9152,31,30,even
923,23.63636363636364,0.0320559145385714,0.4212922788608029,0.3572104438364119,0.4065672223207099,0.8358364937345601,0.0221664703024871,0.3163678482940797,0.2945957704339956,0.4222230741488772,0.773542630728338,10_sp_aij_5,12733201,0.1,10,9152,31,30,even
924,24.545454545454547,0.0245464654152581,0.5281906189068583,0.4003062132612691,0.3952171406154918,0.9301605772138268,0.0196661052191455,0.2363351078389995,0.2885227634086752,0.5504728108018384,0.5955213942735198,10_sp_aij_5,12733201,0.1,10,9152,31,30,even
925,25.75757575757576,0.0293511192146814,0.6164494088708541,0.2477658877744654,0.3951044583616511,0.974375826243428,0.0215888963961585,0.1798442235742295,0.311229100071455,0.5152000068493886,0.7395733619335663,10_sp_aij_5,12733201,0.1,10,9152,31,30,even
926,26.666666666666668,0.028068031431028,0.5515604262124912,0.3258847537715139,0.3079659140821944,0.9974049123867932,0.0188663115672935,0.1606316085674865,0.2697629624851708,0.4395205656971526,0.7610957466280853,10_sp_aij_5,12733201,0.1,10,9152,31,30,even
927,27.87878787878788,0.0219842840013877,0.5273733850304425,0.283716412566919,0.3988890906924403,0.8123161176467983,0.0202342787053756,0.1688809014697026,0.3006163491828694,0.4204136336117055,0.6590730891062654,10_sp_aij_5,12733201,0.1,10,9152,31,30,even
928,28.78787878787879,0.0281783782353211,0.5710874534935566,0.2432265492791469,0.382172619540196,0.81078807403375,0.0194791763407961,0.1567492882933032,0.3068231080193269,0.4526734626748116,0.6301580513412828,10_sp_aij_5,12733201,0.1,10,9152,31,30,even
929,30.0,0.0308801454569765,0.452398724037377,0.3960312321383743,0.2986525530623163,0.971141896757334,0.0160053448325544,0.1690947928823279,0.3022234488277813,0.4369801751506241,0.6974323327057157,10_sp_aij_5,12733201,0.1,10,9152,31,30,even
