,time,species_0,species_1,species_2,species_3,species_4,species_5,species_6,species_7,species_8,species_9,ground_truth,timeseries_id,noise,n_species,did,n_timeseries,n_timepoints,sampling_scheme
0,0.0,0.04,0.05,0.01,0.02,0.02,0.07,0.01,0.09,0.07,0.03,10_sp_aij_17,36656,0.1,10,1988,38,40,even
1,0.6060606060606061,0.0402624961889581,0.0671646316853792,0.0087527458651647,0.0226991468673137,0.0301821215655683,0.0665742716728303,0.0125048339558088,0.0765284055002144,0.0636808260722353,0.0291878240342499,10_sp_aij_17,36656,0.1,10,1988,38,40,even
2,1.5151515151515151,0.0503790366522627,0.0851588624911053,0.0084732369553442,0.019219916241278,0.0451976304328274,0.0790247418968591,0.0189767894235755,0.0958695530235394,0.0746751361879853,0.0386911516653653,10_sp_aij_17,36656,0.1,10,1988,38,40,even
3,2.121212121212121,0.0482291616417009,0.1167358796041199,0.0077996241492243,0.0256295426036158,0.0567717106692496,0.0812755613312084,0.0233998178438892,0.0976334063823759,0.0789134453146401,0.0442108309801434,10_sp_aij_17,36656,0.1,10,1988,38,40,even
4,3.0303030303030303,0.0485677324253886,0.1549886915230732,0.0064306320625701,0.0323473074712572,0.0662416090995128,0.0830415540710847,0.0470729272827107,0.1063196583496846,0.0685683308864462,0.0399123027941517,10_sp_aij_17,36656,0.1,10,1988,38,40,even
5,3.6363636363636367,0.0509853225718206,0.1645879791497432,0.0061078066053218,0.0308738837619568,0.0684839929486921,0.0641372851695629,0.0706717512145199,0.1256038167916742,0.0594645286117468,0.0329497819309348,10_sp_aij_17,36656,0.1,10,1988,38,40,even
6,4.545454545454546,0.0464927224670725,0.1897464690847525,0.005809473150309,0.0317958413463547,0.0893789382032135,0.0828822560848741,0.0893654968559387,0.1469030280913499,0.0618715113544895,0.0444180187730096,10_sp_aij_17,36656,0.1,10,1988,38,40,even
7,5.151515151515151,0.0464451084231977,0.1667498991993457,0.0067281785148041,0.0358932935673853,0.1010174458782052,0.0878297119086128,0.0939609169388731,0.1376217395083967,0.0708985441852864,0.041652309452379,10_sp_aij_17,36656,0.1,10,1988,38,40,even
8,6.0606060606060606,0.0413976550095794,0.1808532743784959,0.0068759501022561,0.047588793712896,0.1130710637667244,0.0926290673514145,0.1287206839450123,0.1520924034465108,0.0737832553424579,0.0557504094137225,10_sp_aij_17,36656,0.1,10,1988,38,40,even
9,6.666666666666667,0.047809836282108,0.1775969384789436,0.0062715547882223,0.0443584262302314,0.1042343488129395,0.0814127465062858,0.1496571123228626,0.1386855918895096,0.0783353004785302,0.0539925462481429,10_sp_aij_17,36656,0.1,10,1988,38,40,even
10,7.575757575757576,0.0464017442370646,0.1340912887106049,0.0094285059606854,0.064472687540426,0.0877262937731751,0.075272103569151,0.1601481484730166,0.1298377209377191,0.0566964005536544,0.0479073383141829,10_sp_aij_17,36656,0.1,10,1988,38,40,even
11,8.181818181818182,0.0450192557997504,0.1406035051342367,0.0094735515175345,0.0513167225482613,0.0936746422342509,0.0672190827147151,0.2079550502850441,0.1528816114922592,0.0647505304778491,0.0514275010402483,10_sp_aij_17,36656,0.1,10,1988,38,40,even
12,9.090909090909092,0.0247898737327551,0.1279538886984917,0.0088197570394434,0.0413721497993045,0.1154780811844896,0.0718155502928184,0.1754153578553988,0.16784676508761,0.0528485174974672,0.0458409249955044,10_sp_aij_17,36656,0.1,10,1988,38,40,even
13,10.0,0.0194713623535934,0.1328243555081369,0.0087225633703431,0.0423148877826474,0.153808628667318,0.0660002291577799,0.1927578955063547,0.2004550837109008,0.0455239641509895,0.0274405158073595,10_sp_aij_17,36656,0.1,10,1988,38,40,even
14,10.606060606060606,0.0162864215181663,0.1192565405999914,0.0090883666183227,0.0283367217338615,0.1453690794861317,0.0642257373362163,0.2317359792680774,0.2368602994899002,0.0361941120596387,0.0250436889556656,10_sp_aij_17,36656,0.1,10,1988,38,40,even
15,11.515151515151516,0.0120156929196728,0.0979728161186642,0.012949912661858,0.0224866903736056,0.1730925165217187,0.0892852274167196,0.2129539375178735,0.2344342362244809,0.0277339075048304,0.0319421753625506,10_sp_aij_17,36656,0.1,10,1988,38,40,even
16,12.12121212121212,0.0117150169238077,0.1048616933921127,0.0135106251995855,0.0236374810553869,0.1929831205789842,0.1035532427804531,0.2587870731122338,0.2256694069167441,0.0219832085875913,0.0357521180413882,10_sp_aij_17,36656,0.1,10,1988,38,40,even
17,13.030303030303031,0.0099216382124458,0.080678939817159,0.0192746787292655,0.0279260901465939,0.1745392550057437,0.1054490248316054,0.2624281371603581,0.2237660437517619,0.0236912610593814,0.0389016396187021,10_sp_aij_17,36656,0.1,10,1988,38,40,even
18,13.636363636363637,0.0095867180599096,0.0817576381693146,0.0230549632552463,0.0224324148150802,0.1471484531251624,0.129226431536709,0.3138926124667816,0.238682892255375,0.0231760197794993,0.0402783001041842,10_sp_aij_17,36656,0.1,10,1988,38,40,even
19,14.545454545454549,0.0112051350980717,0.0823620616310845,0.0196655393210255,0.0205707344275482,0.1339886659305891,0.1072061222968154,0.3594182929404002,0.2575864323533899,0.0190075563817228,0.0351848220517174,10_sp_aij_17,36656,0.1,10,1988,38,40,even
20,15.151515151515152,0.0134516490397464,0.0805889251968927,0.0167036063953663,0.0188586667038891,0.1244271527782225,0.1027836790602908,0.2849623798651451,0.2528678552913521,0.0205900739346607,0.038632537842623,10_sp_aij_17,36656,0.1,10,1988,38,40,even
21,16.060606060606062,0.0114488922870374,0.0531072355252181,0.0170067107186038,0.0167763834319391,0.1253558515458288,0.0995797098587554,0.2208218589537651,0.2592412523126428,0.0198406487443487,0.0469894517691436,10_sp_aij_17,36656,0.1,10,1988,38,40,even
22,16.666666666666668,0.0178421719557051,0.0500300626836533,0.0169137635121099,0.0161785533527647,0.1534318519172302,0.0910661231535787,0.2213082206857423,0.2614964434306332,0.0187817104892198,0.0550034905035097,10_sp_aij_17,36656,0.1,10,1988,38,40,even
23,17.575757575757578,0.021602899426304,0.0864701809460098,0.0176436345817347,0.0154349175714531,0.1219395548021663,0.1181117192784047,0.3032555410863346,0.2486088589860603,0.0179622678412881,0.0621184334791986,10_sp_aij_17,36656,0.1,10,1988,38,40,even
24,18.181818181818183,0.0202414198228702,0.0712775620663026,0.0158196909644122,0.0150384558533751,0.143635030708477,0.1349152447204702,0.2784510065182655,0.2987216527948966,0.0152592370359057,0.0577982735149257,10_sp_aij_17,36656,0.1,10,1988,38,40,even
25,19.09090909090909,0.0286722493483177,0.0879658151817734,0.0157708428903776,0.0152146415459362,0.1290002456984691,0.1239784750645679,0.3383936165117155,0.2840588539589186,0.0129098051815861,0.0467444528891593,10_sp_aij_17,36656,0.1,10,1988,38,40,even
26,20.0,0.0302672968280805,0.087477136284378,0.0154132914613948,0.0137000703095889,0.1104103549783684,0.109037385973649,0.3430038775043652,0.2563220135269185,0.0113071744169256,0.0365454910130854,10_sp_aij_17,36656,0.1,10,1988,38,40,even
27,20.60606060606061,0.0309227111997619,0.09631540170294,0.0181453148928633,0.012453975352606,0.134218743654303,0.1068943164406961,0.3527410796545227,0.2601138656186958,0.0097862885032243,0.039407326638631,10_sp_aij_17,36656,0.1,10,1988,38,40,even
28,21.51515151515152,0.0415470218798269,0.0857349761251065,0.0188085135899818,0.0106611900733148,0.134800585299931,0.0981747143946541,0.2704511943767648,0.2376260706343199,0.0088268918221446,0.0288061495546999,10_sp_aij_17,36656,0.1,10,1988,38,40,even
29,22.12121212121212,0.0435084398299297,0.0682614136498879,0.0227500943385602,0.0114986106301117,0.1309318635545973,0.089390043081224,0.2396463425614843,0.2338450571025822,0.0096259270679837,0.0373663716038914,10_sp_aij_17,36656,0.1,10,1988,38,40,even
30,23.03030303030303,0.0318902375897843,0.0863146463396107,0.0248502719306161,0.0101158358140043,0.1187887845281236,0.0825253218760651,0.2491128842843595,0.2003579870734014,0.0074690274689103,0.0393937095884451,10_sp_aij_17,36656,0.1,10,1988,38,40,even
31,23.63636363636364,0.0366585112541216,0.1229778716454233,0.0283621330846414,0.0115591827221512,0.1357147180278415,0.0676993586325002,0.290337450344415,0.2609382289310726,0.0073178996081583,0.0442184881374082,10_sp_aij_17,36656,0.1,10,1988,38,40,even
32,24.545454545454547,0.0355333176053447,0.094620732331196,0.0312479607860878,0.0083417792887617,0.1525929459776832,0.085394386026065,0.2714291608522375,0.2189599032335564,0.0072207043176003,0.0390175366639581,10_sp_aij_17,36656,0.1,10,1988,38,40,even
33,25.151515151515152,0.0451821053588487,0.0740899566700914,0.0393082115800504,0.008595763181319,0.1702834006403615,0.0797474908550199,0.296543799523762,0.2054493849449675,0.0056761964780981,0.0408495399153806,10_sp_aij_17,36656,0.1,10,1988,38,40,even
34,26.060606060606062,0.0440746175710212,0.0803772573515403,0.0338900324556807,0.0093385762430707,0.1917915360479805,0.0935728387294568,0.2330161578005535,0.1998568431785588,0.0080451776573912,0.0693709862080343,10_sp_aij_17,36656,0.1,10,1988,38,40,even
35,26.666666666666668,0.0451003616042276,0.0756856107083482,0.0353118191370376,0.0086024919962092,0.2111787643806719,0.1122313623457081,0.2329572131481105,0.180085955377152,0.0078861314074976,0.0743962892135015,10_sp_aij_17,36656,0.1,10,1988,38,40,even
36,27.575757575757574,0.0488594806038646,0.0702783869034359,0.0470974137135293,0.0094286217460252,0.1746093988937251,0.1284846500010892,0.2468572790373872,0.1828466466267231,0.0082736040129815,0.0770417055614034,10_sp_aij_17,36656,0.1,10,1988,38,40,even
37,28.181818181818183,0.0376075931491507,0.0796824031716994,0.0483709094454161,0.013513536409007,0.160132249774306,0.1328077534893297,0.2455846298898641,0.1583886387036183,0.008245877794273,0.0720635898597075,10_sp_aij_17,36656,0.1,10,1988,38,40,even
38,29.090909090909093,0.0392102828834893,0.0805231702301207,0.0399273931860837,0.0158630609192109,0.1131825804917002,0.1264550142302151,0.2324241522904197,0.2041120309449989,0.0062399179259598,0.0998934263017187,10_sp_aij_17,36656,0.1,10,1988,38,40,even
39,30.0,0.0350787747460927,0.0888745107743599,0.0451534681771384,0.0233359795419543,0.1060440619248523,0.133083212147675,0.1914043259618741,0.1855064286145518,0.0067084667672451,0.0882109438201628,10_sp_aij_17,36656,0.1,10,1988,38,40,even
40,0.0,0.07,0.09,0.06,0.08,0.05,0.07,0.01,0.02,0.03,0.06,10_sp_aij_17,41300,0.1,10,1988,38,40,even
41,0.6060606060606061,0.0798313819023143,0.100990795921676,0.0647465700958163,0.0948396115732384,0.066811638317997,0.0757740624019452,0.0138426174950539,0.0195097931090061,0.0360405724897364,0.0631248124263399,10_sp_aij_17,41300,0.1,10,1988,38,40,even
42,1.5151515151515151,0.0689196770068382,0.132002502122955,0.0564794796655166,0.0920417381038325,0.1056354778918641,0.0644429506910266,0.0296680337535588,0.02188628343121,0.0413422038992497,0.0893921047578375,10_sp_aij_17,41300,0.1,10,1988,38,40,even
43,2.121212121212121,0.072315520886992,0.1425889057357133,0.0577660140832402,0.0995635887395005,0.1198157913484355,0.0626409434771058,0.0477118959550241,0.0256040007603835,0.0593959534169069,0.0949385583186644,10_sp_aij_17,41300,0.1,10,1988,38,40,even
44,3.0303030303030303,0.0497672538681793,0.1287396312481747,0.0596318086235246,0.08978645267731,0.1069959842672999,0.066287309043025,0.0734641330179013,0.0298190582499249,0.0819227786979779,0.0885733922292324,10_sp_aij_17,41300,0.1,10,1988,38,40,even
45,3.6363636363636367,0.058526778193824,0.1701602882287572,0.0606152927742431,0.0862234546754634,0.1569387665281894,0.0617125197412658,0.0640091048731064,0.0363661296086397,0.1055403481811561,0.070785295336875,10_sp_aij_17,41300,0.1,10,1988,38,40,even
46,4.545454545454546,0.0490837529019426,0.2072725168915931,0.0593801056508118,0.1084325885876999,0.1104662897917169,0.0463640201441173,0.0934577408840817,0.0422232039913382,0.1479731713682516,0.0876071773706158,10_sp_aij_17,41300,0.1,10,1988,38,40,even
47,5.151515151515151,0.0440692036780966,0.1972670442490611,0.0530178272362109,0.1069095739171779,0.1197102842993436,0.0429945778010695,0.1285739760069186,0.0590864870586557,0.1580483167967923,0.0783683004605317,10_sp_aij_17,41300,0.1,10,1988,38,40,even
48,6.0606060606060606,0.0445423635183669,0.2031876696579639,0.0469665781733985,0.0915888106053346,0.1076897070373508,0.042323242353383,0.1386021738502711,0.0809458473861751,0.1569326454357128,0.0791433027081672,10_sp_aij_17,41300,0.1,10,1988,38,40,even
49,6.666666666666667,0.0422535050386622,0.1764416198713255,0.0384481025844906,0.1060508459869741,0.1135973247214741,0.0378531266988857,0.1586911122273718,0.1087589795019937,0.1555069359256139,0.0846676373717568,10_sp_aij_17,41300,0.1,10,1988,38,40,even
50,7.575757575757576,0.0543526845375226,0.1648238032881169,0.0350946464961474,0.092073279259319,0.1005744653793156,0.0485799522612812,0.1769004981477939,0.1471288829468392,0.1324705786458257,0.070439205657774,10_sp_aij_17,41300,0.1,10,1988,38,40,even
51,8.181818181818182,0.0451431884513788,0.1723353522237099,0.034176538974947,0.0817279363640831,0.0889402253391738,0.0425485387893714,0.1732407274678301,0.1610569520002771,0.1261895877975485,0.0777175240488962,10_sp_aij_17,41300,0.1,10,1988,38,40,even
52,9.090909090909092,0.0455491950444728,0.1835139498550431,0.0276028693361856,0.0889249502769615,0.0790669562782672,0.0383467421227216,0.241339258802925,0.1769849444602435,0.0993459949667137,0.0729269277308038,10_sp_aij_17,41300,0.1,10,1988,38,40,even
53,10.0,0.0560447093069134,0.1494083825514311,0.0225921013833067,0.0664042123982193,0.0846963553417627,0.0544091138269357,0.1697215280056143,0.2377866698527607,0.0748528521214183,0.0722022890562327,10_sp_aij_17,41300,0.1,10,1988,38,40,even
54,10.606060606060606,0.0620063584870529,0.1631789712341116,0.0241577846913073,0.0621427396253996,0.0823742761216939,0.0514795393187185,0.2012926700978511,0.1947180323858224,0.0601844824680401,0.0687233900588808,10_sp_aij_17,41300,0.1,10,1988,38,40,even
55,11.515151515151516,0.0654216706937779,0.1586020444284164,0.0299261007144619,0.0483687126742884,0.0972157106739989,0.0529048104477137,0.2460033026390598,0.2004596339009692,0.0597411264271109,0.0745339033852261,10_sp_aij_17,41300,0.1,10,1988,38,40,even
56,12.12121212121212,0.0832927368976928,0.153184573719132,0.0333363623618175,0.0444594195489699,0.1024431013564341,0.0726385111963892,0.2255713344087421,0.2435993626856063,0.0566905629202826,0.1008306044677709,10_sp_aij_17,41300,0.1,10,1988,38,40,even
57,13.030303030303031,0.0751568061023311,0.1674840075415387,0.0255446560635101,0.046430981919081,0.1010296139581705,0.0719831329518125,0.2243416671127665,0.205466691304639,0.0503688175269888,0.0952814820878039,10_sp_aij_17,41300,0.1,10,1988,38,40,even
58,13.636363636363637,0.0665335701559321,0.1386706438445712,0.0260380557239683,0.039047396102431,0.1244835629664004,0.0726772597020826,0.2030653270464021,0.229821282592234,0.0432206552011534,0.0987276939806378,10_sp_aij_17,41300,0.1,10,1988,38,40,even
59,14.545454545454549,0.0719126639275763,0.142529196715594,0.0275046491809049,0.0317356125912942,0.1263465469947509,0.0946737728044692,0.1837105181122579,0.1805466650468877,0.0462322433778266,0.0914680412286233,10_sp_aij_17,41300,0.1,10,1988,38,40,even
60,15.151515151515152,0.0737663536586396,0.1843690305709703,0.03135401428494,0.0363950448751013,0.1720960022252193,0.110350954979304,0.2302525199883391,0.1692140343827124,0.0560533103460308,0.0903550436495514,10_sp_aij_17,41300,0.1,10,1988,38,40,even
61,16.060606060606062,0.0650413858354377,0.1456088037819131,0.0383997817307369,0.0355824856133307,0.142319611698362,0.1105398182418261,0.2362256445200452,0.2067405730509739,0.0680522086572517,0.0917227062878701,10_sp_aij_17,41300,0.1,10,1988,38,40,even
62,16.666666666666668,0.0666812956396409,0.1648085922537152,0.0367047873544221,0.0338823133000466,0.1720314976551982,0.1149376001002876,0.2722485366614946,0.1876660093380251,0.0576076308736791,0.0972330491940551,10_sp_aij_17,41300,0.1,10,1988,38,40,even
63,17.575757575757578,0.0626153434851166,0.1729539267016301,0.027147343046298,0.0376889536827493,0.1210659101925103,0.0876101073524287,0.343260205608963,0.2354814066432181,0.0534894974754652,0.0893758950614658,10_sp_aij_17,41300,0.1,10,1988,38,40,even
64,18.181818181818183,0.0548202011919978,0.122509518036358,0.0279822801900246,0.0384733629700891,0.1067653604125057,0.0923969356287948,0.3086267852448612,0.2731395505134613,0.0655995305169376,0.0635644722962278,10_sp_aij_17,41300,0.1,10,1988,38,40,even
65,19.09090909090909,0.0596883561666227,0.1193103121373562,0.0282119687614316,0.0280634969123961,0.1075139944424792,0.0753997711704629,0.2311436427902483,0.2977195763669212,0.0557951860906375,0.0650791277037928,10_sp_aij_17,41300,0.1,10,1988,38,40,even
66,20.0,0.0616533201348841,0.1029374147366836,0.0232179786517743,0.0262990170377461,0.0944972762984144,0.0595356885093637,0.2871772646623431,0.3187928571232689,0.0483889022204836,0.0567467925790506,10_sp_aij_17,41300,0.1,10,1988,38,40,even
67,20.60606060606061,0.0750311963161161,0.1399160735858939,0.0215417338113843,0.0253277279775056,0.1275084437017203,0.0680729144905899,0.3053762433506441,0.2368339430146283,0.0479359699356354,0.0620939683615556,10_sp_aij_17,41300,0.1,10,1988,38,40,even
68,21.51515151515152,0.0572546106021023,0.104505895507589,0.020112853008027,0.019646460449777,0.122188628998997,0.0535790166824101,0.3031110825313778,0.2044292510133907,0.0345452547523179,0.0481004416698315,10_sp_aij_17,41300,0.1,10,1988,38,40,even
69,22.12121212121212,0.0506728206055368,0.1134318451108039,0.0218957586495907,0.0160046911902098,0.1491260632442084,0.0574513032381499,0.2549590631945871,0.2588525523032262,0.0314680138933423,0.0544145686472243,10_sp_aij_17,41300,0.1,10,1988,38,40,even
70,23.03030303030303,0.0501073911839446,0.1397693605081812,0.0221525275987211,0.0166350172761502,0.1758684055153196,0.0683718463435911,0.2513290186578483,0.2585606998234358,0.0308785411510464,0.067781114645332,10_sp_aij_17,41300,0.1,10,1988,38,40,even
71,23.63636363636364,0.0496129492153607,0.1318485470198468,0.0259537074250039,0.0151628764420104,0.1966163222563224,0.0705734424827108,0.2314161536224184,0.2814739551209948,0.0393522623540093,0.063973614225532,10_sp_aij_17,41300,0.1,10,1988,38,40,even
72,24.545454545454547,0.0530509143068301,0.1495090425953592,0.028159760778066,0.0125495283582967,0.1975018128996515,0.0640580606940905,0.2911610729937072,0.2211184926010223,0.040267069145347,0.0677325714600286,10_sp_aij_17,41300,0.1,10,1988,38,40,even
73,25.151515151515152,0.0408844655557942,0.1403642116959388,0.027230780951296,0.0095470166053452,0.1653728824489635,0.0682741485240958,0.2242790460535679,0.2192882981485719,0.0303127990887076,0.0771307046174823,10_sp_aij_17,41300,0.1,10,1988,38,40,even
74,26.060606060606062,0.0404631645434373,0.1368712023095362,0.0319598014268953,0.0078050787246762,0.1414233804432878,0.0851440873432905,0.2974339730053376,0.2360820385133555,0.0327106215311826,0.0576961545961426,10_sp_aij_17,41300,0.1,10,1988,38,40,even
75,26.666666666666668,0.0380595243011696,0.1076322309072072,0.0285420074739462,0.0100748663332365,0.1463789099791964,0.086830489354849,0.2577188486576914,0.1961467475782858,0.0316031469936923,0.0673900500960008,10_sp_aij_17,41300,0.1,10,1988,38,40,even
76,27.575757575757574,0.0311518268699975,0.0978465534523198,0.032968398918135,0.0120268134200723,0.1409774052255994,0.0935471238892378,0.2124351772048446,0.2068040799486006,0.025538606773803,0.0583539162887577,10_sp_aij_17,41300,0.1,10,1988,38,40,even
77,28.181818181818183,0.0334049747972799,0.1078092048138404,0.0315361939119019,0.0130031689554849,0.1245762375214049,0.1005990081173061,0.189166980283241,0.1748243349251815,0.032410455559474,0.0571238726009088,10_sp_aij_17,41300,0.1,10,1988,38,40,even
78,29.090909090909093,0.0338276342786697,0.1183691334357668,0.0332859431814911,0.0133724415287794,0.1329437996185167,0.1111360203137006,0.1983073171491044,0.2166908449067048,0.0220969099178119,0.0467953420716637,10_sp_aij_17,41300,0.1,10,1988,38,40,even
79,30.0,0.0432024616003444,0.0989806071010107,0.0337494343620559,0.0160358623013654,0.1345674078341346,0.0922654424731549,0.2304885910215642,0.2558364390009528,0.0173887294917424,0.0485002529865336,10_sp_aij_17,41300,0.1,10,1988,38,40,even
80,0.0,0.03,0.03,0.06,0.01,0.01,0.02,0.05,0.06,0.04,0.01,10_sp_aij_17,115475,0.1,10,1988,38,40,even
81,0.6060606060606061,0.0340779869798258,0.0395364728289391,0.056943726848097,0.0113092754954201,0.0168429698584574,0.0231292815177723,0.0634009380365418,0.1090555130989606,0.0362458062013541,0.0131386022528347,10_sp_aij_17,115475,0.1,10,1988,38,40,even
82,1.5151515151515151,0.042193365931935,0.0528974019774544,0.0430535609258689,0.0084073920452201,0.0321364867688609,0.0215123254798837,0.1267773819763008,0.1332460693522786,0.0362074383098703,0.0187903077407806,10_sp_aij_17,115475,0.1,10,1988,38,40,even
83,2.121212121212121,0.0428710820186479,0.0623826478254173,0.0451342100060649,0.0094121334002476,0.0373687899269325,0.0246462876078532,0.1601674250785033,0.1511918098609577,0.031282999007776,0.0295386183621202,10_sp_aij_17,115475,0.1,10,1988,38,40,even
84,3.0303030303030303,0.0571849979749839,0.0706581930783256,0.0464252558382172,0.0079932188707607,0.0482487377647466,0.0312864954934011,0.2383499294538917,0.1692695359890297,0.0267169622118381,0.0430344133472398,10_sp_aij_17,115475,0.1,10,1988,38,40,even
85,3.6363636363636367,0.0572802101100588,0.0837536806809088,0.0562272786196649,0.0062896366513858,0.0629556316361667,0.0375793601973659,0.225268030348852,0.2180578164338127,0.0200158264041997,0.0465218660132279,10_sp_aij_17,115475,0.1,10,1988,38,40,even
86,4.545454545454546,0.066690730289676,0.1309856657547467,0.0485829636285479,0.0055400800738865,0.0873018307883361,0.0268960282562426,0.2312816135407266,0.1903105390437834,0.0199237975193364,0.057347809694427,10_sp_aij_17,115475,0.1,10,1988,38,40,even
87,5.151515151515151,0.0554030945409047,0.1269882679160807,0.0511426589086587,0.0055594658725204,0.105960912475031,0.0319524614892987,0.2252011724307643,0.1803003101483713,0.0210680149946945,0.0669766586728289,10_sp_aij_17,115475,0.1,10,1988,38,40,even
88,6.0606060606060606,0.0553318052873118,0.1182320171261967,0.0583372627252032,0.0048121263844498,0.1221644945910189,0.043937270852075,0.2625510232209696,0.1912082655810494,0.01823633001351,0.0773296095841644,10_sp_aij_17,115475,0.1,10,1988,38,40,even
89,6.666666666666667,0.038403651618377,0.1303588110472596,0.0529193697513427,0.005239439950557,0.1049936872359586,0.0530787352993805,0.2226286751644585,0.1714686001355911,0.0177914072753658,0.0614055070116229,10_sp_aij_17,115475,0.1,10,1988,38,40,even
90,7.575757575757576,0.0301665943473895,0.1193026752371866,0.0637752186593435,0.0053306727827071,0.1220330707640205,0.0363768246273493,0.2033593011486683,0.2486275493037224,0.0195758369388851,0.0833560167268627,10_sp_aij_17,115475,0.1,10,1988,38,40,even
91,8.181818181818182,0.0327628630712928,0.1220983640221672,0.0572940103841274,0.0058139341829628,0.1204651835455223,0.0500963735646096,0.2158268676365521,0.2256011073872169,0.0204416727651324,0.0784071784058445,10_sp_aij_17,115475,0.1,10,1988,38,40,even
92,9.090909090909092,0.044769358678858,0.0911398462465204,0.0651784889512654,0.0046966118118438,0.0960205686063914,0.0631920789698712,0.1680192392905738,0.2225351946542295,0.0229097503394728,0.086774268244557,10_sp_aij_17,115475,0.1,10,1988,38,40,even
93,10.0,0.0545501665390721,0.1057989548626985,0.0810795507760899,0.0047704438664159,0.1002220846112121,0.0781585044427335,0.129197781855652,0.1642417390316831,0.022251847680187,0.0821903893128956,10_sp_aij_17,115475,0.1,10,1988,38,40,even
94,10.606060606060606,0.0530918769775409,0.0853785294228797,0.0785871156776068,0.0055822770912349,0.076652596449796,0.0792485291652316,0.1397749744744552,0.1603406660684784,0.0204283334854239,0.0913390926886218,10_sp_aij_17,115475,0.1,10,1988,38,40,even
95,11.515151515151516,0.053746287342839,0.0820790013600305,0.0783236983129874,0.0070494768439922,0.0884610801454696,0.0965224484514821,0.1756555347910207,0.2565923213202684,0.0195248761017798,0.0911895542134624,10_sp_aij_17,115475,0.1,10,1988,38,40,even
96,12.12121212121212,0.0558878706493555,0.0973322211291896,0.0403757524069511,0.0078313809243632,0.1065345965917518,0.0942328923763478,0.1827934807823361,0.213592175928638,0.0220511228754311,0.0793148477038021,10_sp_aij_17,115475,0.1,10,1988,38,40,even
97,13.030303030303031,0.0656590340180455,0.1092775669247727,0.0447392922695448,0.0108200367949465,0.1160452875279889,0.0876526827580169,0.2326240168749784,0.2079535406782633,0.0232420569589387,0.0867584924428145,10_sp_aij_17,115475,0.1,10,1988,38,40,even
98,13.636363636363637,0.0586448629941717,0.123729923514333,0.0371780247485028,0.0128982051084802,0.1251534894199309,0.073837097414555,0.1848084071475405,0.2237669751848675,0.0177018698185807,0.086659878880637,10_sp_aij_17,115475,0.1,10,1988,38,40,even
99,14.545454545454549,0.0579640532731482,0.0837154727352858,0.0442110220872962,0.0103877089811795,0.1301266494418616,0.0678490676185336,0.2300050094828532,0.2356373340090414,0.0167460020556633,0.1079968607415601,10_sp_aij_17,115475,0.1,10,1988,38,40,even
100,15.151515151515152,0.0538654401518457,0.1098546188400177,0.0481967050755547,0.0108529271505299,0.1190171016575693,0.0719279374633759,0.2403854490227008,0.2595131162476065,0.0206820205733457,0.1356339170616264,10_sp_aij_17,115475,0.1,10,1988,38,40,even
101,16.060606060606062,0.0641204476929749,0.0981714160907244,0.0389413753040574,0.0124713058995522,0.1264114314740389,0.0848160767186865,0.2579108101168653,0.2704767496442861,0.0208166049595886,0.1101888791884089,10_sp_aij_17,115475,0.1,10,1988,38,40,even
102,16.666666666666668,0.0701785533473972,0.1075254448942437,0.0423505783318364,0.0104916231179732,0.1445530510204546,0.0903859075174183,0.2182233972862208,0.3111332456681451,0.021483713778516,0.1247761782207596,10_sp_aij_17,115475,0.1,10,1988,38,40,even
103,17.575757575757578,0.0800121449511432,0.120208166338534,0.0457528700947934,0.0099794671585111,0.1525977979903686,0.0920139868689919,0.2007663413840202,0.2508912653036874,0.0189309527855501,0.112712489430715,10_sp_aij_17,115475,0.1,10,1988,38,40,even
104,18.181818181818183,0.0691866874917361,0.130756779194462,0.0543625737879573,0.0102753032181889,0.14599912092687,0.1176684515654831,0.2488626885057668,0.2329182623810131,0.0237717819405739,0.1110738184720268,10_sp_aij_17,115475,0.1,10,1988,38,40,even
105,19.09090909090909,0.0658962398582339,0.1069073251221744,0.061102283943397,0.010849848370965,0.1441540176789212,0.0969290028422915,0.2664770541203306,0.2676104747063561,0.0198758037107423,0.1038708436190358,10_sp_aij_17,115475,0.1,10,1988,38,40,even
106,20.0,0.0570570453548916,0.0991684363873652,0.0622706999778985,0.0096779831989621,0.1523088012494244,0.0824266437554417,0.2092072915543301,0.2262810643113257,0.0171983103312435,0.0890843423246212,10_sp_aij_17,115475,0.1,10,1988,38,40,even
107,20.60606060606061,0.0597857829156345,0.1186793542239156,0.0722678928718445,0.0112098581750979,0.1538067670351206,0.0881855118492502,0.1594690835420835,0.2261892752766022,0.018951677142845,0.0768443803325663,10_sp_aij_17,115475,0.1,10,1988,38,40,even
108,21.51515151515152,0.0598428845861552,0.1321449722823276,0.0764704742420885,0.0149606210917775,0.1579789617949197,0.1219428162227178,0.2377643998487436,0.2100811929320296,0.0198919780986139,0.0782109126213194,10_sp_aij_17,115475,0.1,10,1988,38,40,even
109,22.12121212121212,0.0401311623190754,0.1131679001306616,0.0849928128202503,0.0189227989283152,0.1292348833395993,0.0958855435065391,0.2907953785812585,0.2515323129763102,0.0236123444833521,0.0879394778290083,10_sp_aij_17,115475,0.1,10,1988,38,40,even
110,23.03030303030303,0.031538033065127,0.1228579032365185,0.0642930750938427,0.0245977754311806,0.1477498667296153,0.0886653887616682,0.2866123454749024,0.2032323534456022,0.024826123128562,0.1008410440171356,10_sp_aij_17,115475,0.1,10,1988,38,40,even
111,23.63636363636364,0.0292945955295155,0.1254727499616057,0.068177269598027,0.0281217821798263,0.1652925846943032,0.0670313606107186,0.2226594901801579,0.2044823618055957,0.0207143295914692,0.0880312731873591,10_sp_aij_17,115475,0.1,10,1988,38,40,even
112,24.545454545454547,0.0179615267311327,0.113280096906882,0.062082119917568,0.0247003721855992,0.1887034579660086,0.0989058159814462,0.3010249367725942,0.2927269268894393,0.022592902065737,0.1020523526221142,10_sp_aij_17,115475,0.1,10,1988,38,40,even
113,25.151515151515152,0.0187058310204737,0.0915058864966071,0.0577550834856673,0.0211300931478302,0.1506711963242637,0.0845051907826536,0.3046150933496948,0.299387382501647,0.0207801093633254,0.0959309765559177,10_sp_aij_17,115475,0.1,10,1988,38,40,even
114,26.060606060606062,0.0284131499315637,0.0986772946223523,0.0717184009311217,0.0188859908040089,0.1132526281619782,0.1140294171506377,0.375584601110376,0.3054289854928466,0.0194670611824648,0.1003598177344557,10_sp_aij_17,115475,0.1,10,1988,38,40,even
115,26.666666666666668,0.0426791974701535,0.0991588379227777,0.0551759630048816,0.0185521149065634,0.0978821806487228,0.1144475463674519,0.3553590475967322,0.3216460180563595,0.0185702767759158,0.0897310800421827,10_sp_aij_17,115475,0.1,10,1988,38,40,even
116,27.575757575757574,0.0497490701039113,0.1575263774201945,0.0510787210162169,0.0171928544941841,0.1071287030122695,0.0879511842814349,0.2773940234531393,0.3014480090726861,0.021815351828928,0.0616756978064535,10_sp_aij_17,115475,0.1,10,1988,38,40,even
117,28.181818181818183,0.0530674507472494,0.0942211753083479,0.0385864581490368,0.0124304944138502,0.1229955685463154,0.1076430935102817,0.2555114641751996,0.2788282318624934,0.0202364329838353,0.0577331234129279,10_sp_aij_17,115475,0.1,10,1988,38,40,even
118,29.090909090909093,0.0560224541946025,0.0943901477867007,0.0369971916277456,0.0115361990364723,0.1459598242012748,0.1028026383955737,0.2395213118445858,0.2818536568422281,0.0173116837621597,0.06480736704867,10_sp_aij_17,115475,0.1,10,1988,38,40,even
119,30.0,0.0434940054886702,0.1016614946489545,0.0405714979147158,0.0106444388146896,0.0995446861223185,0.0993908644049886,0.2586848447307574,0.2849786080958621,0.0166356136900636,0.0708616505302444,10_sp_aij_17,115475,0.1,10,1988,38,40,even
120,0.0,0.06,0.09,0.02,0.06,0.03,0.03,0.04,0.03,0.02,0.03,10_sp_aij_17,416304,0.1,10,1988,38,40,even
121,0.6060606060606061,0.0537100708141638,0.0918197252899961,0.0275144847970113,0.0493322659060992,0.0362758890833979,0.0292068336032504,0.0520797890796424,0.0325321888164714,0.0227233749003883,0.0208243505456245,10_sp_aij_17,416304,0.1,10,1988,38,40,even
122,1.5151515151515151,0.0580787028116054,0.1150929283726842,0.0323269716183188,0.0762281833361029,0.0408719835682702,0.0384681250957432,0.0777579608090515,0.0386567930164588,0.0302135900509072,0.0208352495477898,10_sp_aij_17,416304,0.1,10,1988,38,40,even
123,2.121212121212121,0.0637964741132469,0.0949458877063105,0.0251723917827988,0.0926461365776901,0.0529401271469083,0.0342537031079439,0.1110618830804965,0.0447293377851518,0.0282078039991427,0.0276923596396467,10_sp_aij_17,416304,0.1,10,1988,38,40,even
124,3.0303030303030303,0.0772596752324123,0.1054587322658977,0.033675162144874,0.0924723546662752,0.0798068603400654,0.0510507083718058,0.1526795702400537,0.059646486005176,0.0397896393330191,0.0334723784736054,10_sp_aij_17,416304,0.1,10,1988,38,40,even
125,3.6363636363636367,0.0679649248121993,0.0908985320109604,0.0325406039584776,0.0873729807211675,0.0830816817990886,0.0486559406001166,0.1756598989751101,0.0825184871607133,0.0421702604448737,0.0265162117108505,10_sp_aij_17,416304,0.1,10,1988,38,40,even
126,4.545454545454546,0.0742540399531086,0.1220291931454324,0.0260069180944472,0.0794469492776361,0.0757781038822287,0.0468008489454873,0.2334312539295925,0.1039042121355773,0.0462261859199457,0.0374974140968974,10_sp_aij_17,416304,0.1,10,1988,38,40,even
127,5.151515151515151,0.083238280970606,0.115091381810707,0.0255215560360489,0.0817776640787448,0.0810769162663502,0.0538783632867839,0.2393816998205044,0.1726721752381621,0.0440444640446597,0.0361678912661057,10_sp_aij_17,416304,0.1,10,1988,38,40,even
128,6.0606060606060606,0.0732089555206512,0.1161851019727766,0.0224255959704399,0.0635977237870557,0.0906377103939885,0.0415903142434145,0.2211199107737711,0.1697030217555782,0.0347807516226772,0.0402375362722523,10_sp_aij_17,416304,0.1,10,1988,38,40,even
129,6.666666666666667,0.0663139321212865,0.1250040479884217,0.025261808139762,0.061508727058928,0.087391268990728,0.0461902967540623,0.2728805809586941,0.2387248272185616,0.0373294916140393,0.0392546850528891,10_sp_aij_17,416304,0.1,10,1988,38,40,even
130,7.575757575757576,0.0711954223830702,0.0870496279338541,0.0224927526753479,0.0425534013915326,0.0822967796961395,0.0634975250140434,0.2780534598050741,0.268751633626916,0.0387607997594483,0.0338702555065934,10_sp_aij_17,416304,0.1,10,1988,38,40,even
131,8.181818181818182,0.0628705226813938,0.1045470128079102,0.0192831782834247,0.0367047155428426,0.0859088715344896,0.0586470997716915,0.3072577211574835,0.3407628152273079,0.0402077508447741,0.0413207782901702,10_sp_aij_17,416304,0.1,10,1988,38,40,even
132,9.090909090909092,0.0630130964245092,0.1097066571278077,0.0175713622838118,0.0265021278717287,0.1036606207216264,0.0469593903967307,0.3081508229325092,0.2641713582459504,0.040997559056616,0.0446001087735358,10_sp_aij_17,416304,0.1,10,1988,38,40,even
133,10.0,0.0661435256415789,0.1331182351570605,0.0167133408387601,0.0225605701276635,0.1126891602285443,0.0404751445924034,0.2530981216663691,0.2836516831949198,0.033527450646701,0.0358868607997392,10_sp_aij_17,416304,0.1,10,1988,38,40,even
134,10.606060606060606,0.0600206681845368,0.1295815986747722,0.0153918050331137,0.0151084842174473,0.1107793290763006,0.0432231905813227,0.2602658931843923,0.2876098328856482,0.0264929179963422,0.0377737245636374,10_sp_aij_17,416304,0.1,10,1988,38,40,even
135,11.515151515151516,0.0472668781384674,0.1244299388560607,0.0102975863792846,0.0122104197537044,0.1271465107039142,0.0401842002861275,0.2010273216835233,0.295149158849721,0.0292234014259563,0.0436791302974595,10_sp_aij_17,416304,0.1,10,1988,38,40,even
136,12.12121212121212,0.0433454169013661,0.1147855827182636,0.0126419737868746,0.0092541259517497,0.1491546781422092,0.0447784990281375,0.178556664100089,0.2106734841461147,0.0310259642210631,0.0435047850209056,10_sp_aij_17,416304,0.1,10,1988,38,40,even
137,13.030303030303031,0.0421900200073611,0.0870030741208928,0.0144497083635732,0.0065530258849447,0.1658890799208722,0.0455485625806697,0.2119685805797131,0.2233125369993719,0.0349909068393141,0.0445408610886078,10_sp_aij_17,416304,0.1,10,1988,38,40,even
138,13.636363636363637,0.0376277838910361,0.0774403208194386,0.020018201614258,0.0060996584714822,0.1486325059994465,0.059244889134769,0.1956186977017684,0.2092390479843017,0.0336195592607567,0.055239664664729,10_sp_aij_17,416304,0.1,10,1988,38,40,even
139,14.545454545454549,0.0316425674685848,0.1188303777043789,0.0263707572043746,0.0071971907766644,0.1553723568967094,0.0530319573559306,0.2626927506705523,0.1965312574502827,0.0296469932113683,0.0567532185012266,10_sp_aij_17,416304,0.1,10,1988,38,40,even
140,15.151515151515152,0.0254819221123099,0.1028124099904351,0.024822610060934,0.0061623509787952,0.1478699707364812,0.0544740920102184,0.1710995349837344,0.2072367023598615,0.0339788113360777,0.0527755051228793,10_sp_aij_17,416304,0.1,10,1988,38,40,even
141,16.060606060606062,0.028370912463602,0.1009471900513755,0.0267114894078637,0.0056703664027909,0.1536469264787293,0.0630333079617973,0.1556062156319265,0.1766550399485762,0.0333021262073001,0.071014381294549,10_sp_aij_17,416304,0.1,10,1988,38,40,even
142,16.666666666666668,0.0268624948611816,0.0906256567786943,0.0306077571997821,0.0056840760809236,0.2065849897721837,0.0738825301619743,0.1200714134288597,0.2207648699069188,0.0335833133004569,0.0681639867924512,10_sp_aij_17,416304,0.1,10,1988,38,40,even
143,17.575757575757578,0.0279261184287617,0.0942395765777766,0.0351186692947797,0.0056112025116349,0.1665383157115061,0.0769348983775751,0.1500466781850409,0.2155775863687684,0.0334156421072603,0.0737170233511447,10_sp_aij_17,416304,0.1,10,1988,38,40,even
144,18.181818181818183,0.0303135860101331,0.105185869715646,0.0324347820492508,0.0054460441405559,0.1537026508493656,0.0892447249232213,0.1991377267102004,0.2312680704815704,0.0295485686486216,0.0720595170388249,10_sp_aij_17,416304,0.1,10,1988,38,40,even
145,19.09090909090909,0.0392225807148871,0.0973829925416994,0.0314062720701652,0.0047676704173123,0.1922547173096226,0.0910526882643292,0.2519531916093547,0.1878883583242238,0.0331361932141426,0.0455966731423788,10_sp_aij_17,416304,0.1,10,1988,38,40,even
146,20.0,0.043830254043176,0.1302184913486799,0.0360254671620557,0.0060691169836787,0.1585745514361685,0.06931259566925,0.1550910918428862,0.2310205847182021,0.0249079823260057,0.0474000650439194,10_sp_aij_17,416304,0.1,10,1988,38,40,even
147,20.60606060606061,0.0305882064474928,0.1523776344550175,0.0321003859107826,0.0065296254077791,0.1821281707169837,0.0768077675595257,0.1634993004166515,0.2217025437418527,0.0256254438033035,0.0488059921166452,10_sp_aij_17,416304,0.1,10,1988,38,40,even
148,21.51515151515152,0.0223264643310696,0.1117081187028315,0.0396874094023513,0.0048280654661578,0.1977655101969205,0.0989907489230663,0.156435323994136,0.1999386799248921,0.029002361401264,0.0402734758714092,10_sp_aij_17,416304,0.1,10,1988,38,40,even
149,22.12121212121212,0.0219861298972406,0.1368967503351945,0.0422038029151407,0.0051543305693117,0.1620362952511004,0.1020039289430001,0.209402517252161,0.1847567679370066,0.0404798071209747,0.0430178363621658,10_sp_aij_17,416304,0.1,10,1988,38,40,even
150,23.03030303030303,0.0270701993582952,0.1399446340395356,0.0416379730122365,0.0051551984470308,0.1506243487077643,0.1231740842897688,0.2486784728884243,0.2001512742920344,0.035797162131582,0.0406386259623551,10_sp_aij_17,416304,0.1,10,1988,38,40,even
151,23.63636363636364,0.0324061097629139,0.1304975711713423,0.0514004627107045,0.0075114919945578,0.1775017631089733,0.1006568337271782,0.1832106348232242,0.1870440500908502,0.0305610594812059,0.0375439665115319,10_sp_aij_17,416304,0.1,10,1988,38,40,even
152,24.545454545454547,0.0371423013923186,0.1133858127474956,0.0616277682142194,0.0081249402621633,0.1286821940644685,0.0973213617576523,0.3030427235502347,0.2119917904301144,0.0359234826946858,0.0344653203263583,10_sp_aij_17,416304,0.1,10,1988,38,40,even
153,25.151515151515152,0.0450135074896108,0.1225229263404053,0.0543701472937029,0.0101168541070788,0.1259084235590079,0.0908499475854524,0.337258543576356,0.2461465845670703,0.0330328913747163,0.0404903535306415,10_sp_aij_17,416304,0.1,10,1988,38,40,even
154,26.060606060606062,0.0520905489765801,0.1040425985936032,0.0423781460924748,0.0129751203645534,0.1304294624923587,0.0796595619611607,0.311492208228686,0.223695021365961,0.0299157901838546,0.0423300391976194,10_sp_aij_17,416304,0.1,10,1988,38,40,even
155,26.666666666666668,0.0642694464420594,0.0939220415125759,0.0416316859467043,0.0120562805462295,0.1076129318502706,0.0757658116165988,0.2890559309416952,0.2108259197308976,0.0270566025583129,0.0514009749145448,10_sp_aij_17,416304,0.1,10,1988,38,40,even
156,27.575757575757574,0.0603348363618398,0.0970664356970291,0.0485982746196922,0.0136841171670384,0.1228453878579417,0.0854003144601297,0.3339523023995365,0.2931665138418852,0.021049241721515,0.0473973750645617,10_sp_aij_17,416304,0.1,10,1988,38,40,even
157,28.181818181818183,0.0622012761732623,0.1021277876698138,0.049824743865486,0.0138730289952184,0.1060784942228351,0.0842339455561521,0.303323838976396,0.258608011718955,0.0235298345696532,0.0408541846173776,10_sp_aij_17,416304,0.1,10,1988,38,40,even
158,29.090909090909093,0.0733550840004227,0.1211247720722478,0.0523880252641604,0.0146688041987603,0.1143936429310656,0.0937077514557747,0.251729899125634,0.247622608910714,0.0246817516555055,0.038395520488378,10_sp_aij_17,416304,0.1,10,1988,38,40,even
159,30.0,0.0623339177100353,0.1330485274426049,0.0638605530651478,0.0137068963132054,0.1342252288994247,0.0663110719451873,0.1866086664451398,0.2386316491244167,0.0272068502759654,0.0465540650927163,10_sp_aij_17,416304,0.1,10,1988,38,40,even
160,0.0,0.08,0.01,0.03,0.07,0.01,0.07,0.06,0.09,0.07,0.03,10_sp_aij_17,591973,0.1,10,1988,38,40,even
161,0.6060606060606061,0.0749668031229977,0.0153505226387993,0.0257528464322555,0.065096865405902,0.014437230284309,0.0641936328274101,0.0703428827474237,0.0895005555284208,0.0691054219190531,0.0340083306696004,10_sp_aij_17,591973,0.1,10,1988,38,40,even
162,1.5151515151515151,0.0769276342375543,0.0205622337316934,0.0231446871045209,0.0666527989887679,0.0208284317265907,0.058432689459657,0.0719061616650304,0.0998333105709858,0.0522077189240462,0.0513954579292714,10_sp_aij_17,591973,0.1,10,1988,38,40,even
163,2.121212121212121,0.1025297721378799,0.0251855469160771,0.0275188164369152,0.0626552733852484,0.0275648804050032,0.0512831562936299,0.0900579344870357,0.128497386741002,0.054171504809937,0.0507070600912704,10_sp_aij_17,591973,0.1,10,1988,38,40,even
164,3.0303030303030303,0.1050177356247825,0.0360681160789629,0.029064798867127,0.0625176848284698,0.0332783647714743,0.0540086659451295,0.1399771523576847,0.134740067966917,0.057443653023633,0.053487870388983,10_sp_aij_17,591973,0.1,10,1988,38,40,even
165,3.6363636363636367,0.1227197590196705,0.0465888732701765,0.0299268150663098,0.0502740448900165,0.0353831742074748,0.0409298380758925,0.1511790913266582,0.1409532055409625,0.0537465538846109,0.0583406418783956,10_sp_aij_17,591973,0.1,10,1988,38,40,even
166,4.545454545454546,0.1341428918091192,0.0623639671703621,0.0337051085079285,0.0536614682168204,0.0433181571956315,0.0413163842552589,0.1257312119772685,0.1359112370199647,0.042154941172725,0.0605388139050037,10_sp_aij_17,591973,0.1,10,1988,38,40,even
167,5.151515151515151,0.1634047064163656,0.0655315593182168,0.0478454712241796,0.0464530593409745,0.0625345696932176,0.0332066528298507,0.1708130986053682,0.1548705263788238,0.0402725118835,0.076967658979618,10_sp_aij_17,591973,0.1,10,1988,38,40,even
168,6.0606060606060606,0.1167158298403075,0.0842948307450406,0.0503250069503946,0.0459444498657783,0.0672744834124948,0.0362459808622122,0.1873519028686968,0.1597440417937117,0.0335664431770337,0.0803995475493071,10_sp_aij_17,591973,0.1,10,1988,38,40,even
169,6.666666666666667,0.1270369753564316,0.0905363652804205,0.0635362172867023,0.0413770866164606,0.0786369490401558,0.0347312483375834,0.2111061561273524,0.1594166944445646,0.0362029857447907,0.0785224784957912,10_sp_aij_17,591973,0.1,10,1988,38,40,even
170,7.575757575757576,0.1169261388924714,0.114243155470776,0.076546017948057,0.039261247452776,0.0857607993038046,0.0374985675049067,0.2324967232473131,0.1807030042461107,0.045267792142589,0.0730069725861855,10_sp_aij_17,591973,0.1,10,1988,38,40,even
171,8.181818181818182,0.1141056848434585,0.1357421516828849,0.0807880141871168,0.0397743274194744,0.0984797610260916,0.0401200368976061,0.3103022385816411,0.1676738046804019,0.0365830706375261,0.093717982351684,10_sp_aij_17,591973,0.1,10,1988,38,40,even
172,9.090909090909092,0.0846403289718067,0.1266245461156476,0.0727910652141658,0.0439940574795669,0.1099611536707647,0.0612395268080064,0.2514531295466713,0.2074201797881228,0.0311591596597615,0.1234586940141318,10_sp_aij_17,591973,0.1,10,1988,38,40,even
173,10.0,0.0751588860747583,0.1590603275681185,0.0810947224203482,0.0472723179769117,0.1270435172531289,0.0700203898647144,0.2401394998179827,0.1934556346338698,0.0324716147400474,0.1062791012430379,10_sp_aij_17,591973,0.1,10,1988,38,40,even
174,10.606060606060606,0.0805155612835817,0.1773921093533958,0.0838752565399935,0.0398288069562529,0.101231759410602,0.0797249924151706,0.2044930429218955,0.1903561424010556,0.0392908480477556,0.1140820822591174,10_sp_aij_17,591973,0.1,10,1988,38,40,even
175,11.515151515151516,0.092263481628682,0.1933734042006166,0.0569820953070659,0.0554302401664936,0.0915980405968628,0.0843475024505953,0.1735790759554857,0.1967037322734117,0.0609806365554717,0.0919399284418949,10_sp_aij_17,591973,0.1,10,1988,38,40,even
176,12.12121212121212,0.0864838670875773,0.1925588974471832,0.0552392555852192,0.0648903114430546,0.0981988947255687,0.079192389344332,0.20148348207465,0.1973780029589791,0.0732282164570986,0.0997255041876844,10_sp_aij_17,591973,0.1,10,1988,38,40,even
177,13.030303030303031,0.077450611936798,0.1971338239699598,0.0560196265919383,0.0733325299761866,0.1064523677287162,0.0678032468796267,0.2112718514897671,0.1474698548577008,0.0880275236858592,0.0817027700865987,10_sp_aij_17,591973,0.1,10,1988,38,40,even
178,13.636363636363637,0.0719017331854759,0.1805065535806367,0.0488216505221689,0.0823326074717382,0.1198176325184187,0.0619084759426868,0.2095714091578955,0.1762179708142172,0.0727684959975417,0.0929127719549972,10_sp_aij_17,591973,0.1,10,1988,38,40,even
179,14.545454545454549,0.0406516282942795,0.1360820993686509,0.0504531092241177,0.0716786259432998,0.1344833978320134,0.0589323012431411,0.2433397509514245,0.1865598842665769,0.0747885188671147,0.0913982020059516,10_sp_aij_17,591973,0.1,10,1988,38,40,even
180,15.151515151515152,0.0337505916999859,0.1129065868264898,0.0518697488077721,0.0725861040554071,0.1348009235897607,0.0591879114166309,0.2761048181531454,0.2542187866315604,0.0754394298279998,0.0814623785787315,10_sp_aij_17,591973,0.1,10,1988,38,40,even
181,16.060606060606062,0.0413960576418414,0.1015985094046171,0.0585652986644049,0.0602126505534113,0.1389132938003754,0.0602100993467245,0.2972416883467051,0.220248375343118,0.0564562683102052,0.0752479002439943,10_sp_aij_17,591973,0.1,10,1988,38,40,even
182,16.666666666666668,0.0411878525238934,0.1151068224595811,0.0664726947057568,0.0520572762519386,0.1461441932454724,0.0604990495818071,0.2615360165087216,0.2104344774423099,0.0510836009199694,0.0781014427213595,10_sp_aij_17,591973,0.1,10,1988,38,40,even
183,17.575757575757578,0.0485980713677783,0.1170139356011421,0.0523822641805688,0.0452660683533217,0.1034702149634782,0.0618151043355847,0.1831033467487883,0.2797374852114089,0.0458747796304226,0.0712784864876765,10_sp_aij_17,591973,0.1,10,1988,38,40,even
184,18.181818181818183,0.0518225090154697,0.1177192703312627,0.034905141332373,0.0538549212843761,0.1191401862004341,0.0721272661566849,0.1905898399041021,0.2710670139408343,0.0496604860931843,0.068538810849184,10_sp_aij_17,591973,0.1,10,1988,38,40,even
185,19.09090909090909,0.0409057671405774,0.124058650036459,0.0355327144715382,0.0468053828805407,0.1430855823725848,0.0682676646192576,0.257310599854982,0.2470815823747227,0.0607703338255554,0.0487673270282913,10_sp_aij_17,591973,0.1,10,1988,38,40,even
186,20.0,0.0406975172242566,0.1251611251028253,0.0257444568750348,0.0490023731297481,0.1543855590614623,0.0755282597501937,0.2640750684820835,0.2512958852945121,0.0485896978612936,0.0546228560822591,10_sp_aij_17,591973,0.1,10,1988,38,40,even
187,20.60606060606061,0.0391979876214222,0.1635177506163344,0.0248335494651993,0.037748720404396,0.1307849440169876,0.0755848341930362,0.3176886398682335,0.2486298864366823,0.0450126520368336,0.0466331916931962,10_sp_aij_17,591973,0.1,10,1988,38,40,even
188,21.51515151515152,0.0476217601484024,0.1409431940216212,0.0170501925276401,0.049907944007622,0.1723258966110328,0.071633114234306,0.3381361429928169,0.2421603488763037,0.0588749146353072,0.0398803369023866,10_sp_aij_17,591973,0.1,10,1988,38,40,even
189,22.12121212121212,0.0485920752215641,0.1502868521514827,0.0161325763105381,0.045230821878457,0.1412081091403645,0.0748523117644763,0.3286575941378034,0.2986723795955778,0.0539269772759666,0.0435173593380237,10_sp_aij_17,591973,0.1,10,1988,38,40,even
190,23.03030303030303,0.0603623218276922,0.1458775263755836,0.0204928065659238,0.0358439732889099,0.1505857972876344,0.0668181271293581,0.2332991760484953,0.284057602178839,0.0554441855527046,0.0357972916024878,10_sp_aij_17,591973,0.1,10,1988,38,40,even
191,23.63636363636364,0.0396339898599118,0.1040831363484067,0.0236281052893366,0.0287576054498584,0.1162684250292236,0.0675109630163302,0.2266326995927139,0.2701305111337798,0.0458701246204358,0.0423967084767589,10_sp_aij_17,591973,0.1,10,1988,38,40,even
192,24.545454545454547,0.0352817976541202,0.1115054074926142,0.0231296626997083,0.0255491623893371,0.1051837059087591,0.070334603407482,0.213566621170875,0.2086067247963642,0.0495416125258263,0.0317130288141937,10_sp_aij_17,591973,0.1,10,1988,38,40,even
193,25.151515151515152,0.0390102920308697,0.1354481270215344,0.0261780642908557,0.0210196672917661,0.1236890011585904,0.0695490635852793,0.2280692519265521,0.2190262257714381,0.0516508433065669,0.0382358866720051,10_sp_aij_17,591973,0.1,10,1988,38,40,even
194,26.060606060606062,0.0473157489899584,0.1488407777221125,0.0181513002072212,0.0236301624071512,0.1124536413658697,0.0600660238490797,0.2433361305908144,0.2841337307745387,0.055827885683847,0.0521440989262934,10_sp_aij_17,591973,0.1,10,1988,38,40,even
195,26.666666666666668,0.0577458000011819,0.1351453756338146,0.0229349753289286,0.0221045767278839,0.1193430984554294,0.070038698022354,0.217358000211472,0.2889369675185053,0.0404257344364324,0.0503235937927356,10_sp_aij_17,591973,0.1,10,1988,38,40,even
196,27.575757575757574,0.0752952442758868,0.1587775018486882,0.0227546453098424,0.0182936990825167,0.109658843457421,0.0792736974315323,0.3147195863688723,0.2616347624013794,0.0263720461864593,0.05443582594021,10_sp_aij_17,591973,0.1,10,1988,38,40,even
197,28.181818181818183,0.0646304114252933,0.1767246576945461,0.0194767386420412,0.0138618260708962,0.0936964558004333,0.0620837023920056,0.2779044768207994,0.2744264549683133,0.0266641340938703,0.0659653450343269,10_sp_aij_17,591973,0.1,10,1988,38,40,even
198,29.090909090909093,0.0475955219196791,0.1636030979606451,0.0213254749053577,0.0126961391791664,0.1233853733501329,0.0643750211175841,0.2477421976387619,0.2741748138049625,0.0253114516612556,0.0587066942403095,10_sp_aij_17,591973,0.1,10,1988,38,40,even
199,30.0,0.044789991789224,0.1013896310408283,0.0225326357252653,0.0166958115265916,0.134207080023323,0.0640832543036724,0.2785216457027187,0.2305564652992693,0.0279514363178164,0.0665257672021029,10_sp_aij_17,591973,0.1,10,1988,38,40,even
200,0.0,0.09,0.08,0.05,0.07,0.05,0.09,0.03,0.07,0.04,0.08,10_sp_aij_17,2091765,0.1,10,1988,38,40,even
201,0.6060606060606061,0.0989306441742398,0.0953450458030537,0.0497280701113577,0.0546815450590696,0.0595263419054588,0.077475803750106,0.0471832102770923,0.0789526498690731,0.0428045419171255,0.0950853384744233,10_sp_aij_17,2091765,0.1,10,1988,38,40,even
202,1.5151515151515151,0.0845458999246044,0.126371620272722,0.0765843324071539,0.0660983013052313,0.0597046955587386,0.0486971987786929,0.0513997918926813,0.0695881569987083,0.0385931170464961,0.098950670825612,10_sp_aij_17,2091765,0.1,10,1988,38,40,even
203,2.121212121212121,0.0861566638123164,0.1453553229103742,0.0806561754000955,0.095648552254203,0.0864339326682653,0.0630183564913868,0.068905688006113,0.0881670205340422,0.0594400474839668,0.1053430394653972,10_sp_aij_17,2091765,0.1,10,1988,38,40,even
204,3.0303030303030303,0.073527258378456,0.115577915274348,0.0763179006320231,0.0666841338248494,0.0974785361538217,0.0520064556976428,0.1055695810498976,0.0950701869159592,0.0807304100075829,0.1306945469337893,10_sp_aij_17,2091765,0.1,10,1988,38,40,even
205,3.6363636363636367,0.0792677248765557,0.0999306692947274,0.0753821378124643,0.0700168564202849,0.0955921816777582,0.0577925475078834,0.1387006952148787,0.1206405717930764,0.091895818612348,0.0985007628900579,10_sp_aij_17,2091765,0.1,10,1988,38,40,even
206,4.545454545454546,0.0690529927508516,0.1173950364591883,0.0566781099112774,0.0705681835174764,0.1034808249311602,0.0531043675158493,0.1491016179368738,0.1530540143106893,0.1020407558049976,0.1273143295912309,10_sp_aij_17,2091765,0.1,10,1988,38,40,even
207,5.151515151515151,0.0672217747180377,0.1159720633846115,0.0461465032784298,0.0723926007822945,0.1038744763098685,0.0556886794230664,0.1418804063400202,0.1567115643291041,0.1126881978018633,0.1149171684216226,10_sp_aij_17,2091765,0.1,10,1988,38,40,even
208,6.0606060606060606,0.0640260528643691,0.1444577382557174,0.0592368292751932,0.088026391706075,0.1713231423677095,0.0645613202034397,0.1891021193180584,0.2489210798296859,0.1041232098599762,0.1271599871623773,10_sp_aij_17,2091765,0.1,10,1988,38,40,even
209,6.666666666666667,0.0623783933494146,0.1791010131211498,0.0716399260401858,0.0694416324432145,0.1614583529537167,0.0519511513215861,0.2127386341526196,0.268549010645429,0.0895047675820907,0.0984752128939055,10_sp_aij_17,2091765,0.1,10,1988,38,40,even
210,7.575757575757576,0.072626701707288,0.1716933249978283,0.0777897223366709,0.0619747232351687,0.1321192418314701,0.0567977156244378,0.2294963984320337,0.235829036326205,0.096284529943811,0.0978618655283502,10_sp_aij_17,2091765,0.1,10,1988,38,40,even
211,8.181818181818182,0.0650988624959185,0.1418988380514634,0.0703785962186712,0.0498462564232081,0.1128865241056987,0.0426032886089854,0.2121715780227816,0.2546172631819489,0.1268295667040377,0.0828093694010272,10_sp_aij_17,2091765,0.1,10,1988,38,40,even
212,9.090909090909092,0.0730241957584799,0.1259126633440913,0.061533825543918,0.0441435111404367,0.1180489334389147,0.0395271425290523,0.2253509978473838,0.268101423982743,0.1183801371859643,0.1011039161998014,10_sp_aij_17,2091765,0.1,10,1988,38,40,even
213,10.0,0.0688587277305853,0.1466628573417117,0.0523690235016874,0.0270757786538026,0.1381729706554307,0.0453403477244793,0.2154925341751115,0.2955105245492205,0.1182566491584281,0.0861256159882978,10_sp_aij_17,2091765,0.1,10,1988,38,40,even
214,10.606060606060606,0.050368130450827,0.1712300388131508,0.0527912771623503,0.0203182294674299,0.1207123876852181,0.038812405516429,0.2287541869893705,0.253972542977242,0.099817705824993,0.0801709255477939,10_sp_aij_17,2091765,0.1,10,1988,38,40,even
215,11.515151515151516,0.0398536818346811,0.1370680685155736,0.0530267409927288,0.0178625182050862,0.0829000591696458,0.0593636858124646,0.2504375466928302,0.2232886573807495,0.0709965187862615,0.085333589045532,10_sp_aij_17,2091765,0.1,10,1988,38,40,even
216,12.12121212121212,0.0434767602028014,0.1196854119055393,0.0565070196043531,0.016830649387535,0.0929032903251875,0.0628469072079552,0.29358710547291,0.1916110852511396,0.0573268237920167,0.0843008120708825,10_sp_aij_17,2091765,0.1,10,1988,38,40,even
217,13.030303030303031,0.0520083765952505,0.0866229599583019,0.0418065998936977,0.0135599976671932,0.0943217248692438,0.0704836051682701,0.3103258636434611,0.2733632670917984,0.0564725711408271,0.0886309796560455,10_sp_aij_17,2091765,0.1,10,1988,38,40,even
218,13.636363636363637,0.041444905634986,0.0844711290814498,0.0355095927177672,0.0143076269381143,0.0954800675624426,0.0699516414918689,0.352880946801137,0.2725556033077785,0.0467990746571375,0.0982821554891103,10_sp_aij_17,2091765,0.1,10,1988,38,40,even
219,14.545454545454549,0.0375221153236619,0.0752179130068018,0.0317417604114297,0.0161715022896067,0.0970737854778272,0.0698417525813999,0.247574217488498,0.2510297215453822,0.0439955058549963,0.0858171030652353,10_sp_aij_17,2091765,0.1,10,1988,38,40,even
220,15.151515151515152,0.0291769613349251,0.0938148267763461,0.0319085921417802,0.0131224230115515,0.0970836784283997,0.0763870200953118,0.2895292237909783,0.2350569079596959,0.0393105007010127,0.0696277159420778,10_sp_aij_17,2091765,0.1,10,1988,38,40,even
221,16.060606060606062,0.0416570745409697,0.1060744242391492,0.0330731615277372,0.011749472326346,0.0962914938821117,0.0940291199573696,0.2618106925651314,0.2631407005049082,0.029233067326374,0.0787386400313889,10_sp_aij_17,2091765,0.1,10,1988,38,40,even
222,16.666666666666668,0.0426318107641897,0.099091705623534,0.0315367773916556,0.0133939913476886,0.096039870463336,0.1098192380604772,0.3044630369422474,0.229287041613336,0.0260871552544313,0.0823613492702845,10_sp_aij_17,2091765,0.1,10,1988,38,40,even
223,17.575757575757578,0.0376115371312645,0.1016731504390395,0.0322333261638392,0.0105208418275432,0.0636201983025497,0.1047389294476393,0.291050515743176,0.2716483663674599,0.0247600661248852,0.0751257491436391,10_sp_aij_17,2091765,0.1,10,1988,38,40,even
224,18.181818181818183,0.03646268872464,0.0954929913892727,0.0321760219760211,0.0090350397867457,0.0640855319958725,0.0937311589695084,0.2259903508357073,0.2978796432885451,0.0232337973994442,0.0722254043861054,10_sp_aij_17,2091765,0.1,10,1988,38,40,even
225,19.09090909090909,0.0445652436994966,0.0685560052185021,0.0170608847955888,0.0068256197010147,0.0747750667562169,0.0846589732565442,0.2702928744042424,0.2569728977416142,0.021427288532357,0.0670504693340977,10_sp_aij_17,2091765,0.1,10,1988,38,40,even
226,20.0,0.0399253534995033,0.0840786657163892,0.0219648705398908,0.0083137552278187,0.0888445524556305,0.0799610945077769,0.2653518640925859,0.2540300885792763,0.0203738118538183,0.077203948571034,10_sp_aij_17,2091765,0.1,10,1988,38,40,even
227,20.60606060606061,0.051532556033304,0.0756977836665103,0.0206181882369797,0.0072109378858654,0.0852195980060302,0.0817024847959469,0.2430377327630979,0.2516743352602377,0.0150989377594591,0.0861659290009021,10_sp_aij_17,2091765,0.1,10,1988,38,40,even
228,21.51515151515152,0.0634958312287271,0.0655160176429125,0.0217843048194997,0.006608879363954,0.0996347838761949,0.0806176570127187,0.256208318121804,0.1750417441817471,0.0195092066495007,0.07349628768301,10_sp_aij_17,2091765,0.1,10,1988,38,40,even
229,22.12121212121212,0.0723274514458874,0.0769646917666928,0.0321728141745459,0.0059075941324407,0.0947668275848166,0.0673542478455112,0.2658131601780399,0.20358559124691,0.022126080945179,0.0731204533207893,10_sp_aij_17,2091765,0.1,10,1988,38,40,even
230,23.03030303030303,0.0769820687530871,0.0839222309920117,0.0339335934969375,0.0052416430414327,0.0891752030440757,0.0696017562475161,0.2888715108139391,0.263484193266668,0.0173444178125152,0.0869249679247244,10_sp_aij_17,2091765,0.1,10,1988,38,40,even
231,23.63636363636364,0.1008922985218759,0.0771207783189165,0.0380746589340322,0.0047783280127715,0.0918759580249114,0.0566206904577202,0.2533337225214598,0.2477032177435245,0.0157995772636312,0.1165970918461012,10_sp_aij_17,2091765,0.1,10,1988,38,40,even
232,24.545454545454547,0.0753342671514206,0.1081492831775666,0.0378087844060186,0.0051350671625378,0.1238694645339232,0.0617187018396552,0.2664809143147099,0.2201839154226354,0.016991416312418,0.1073477725554475,10_sp_aij_17,2091765,0.1,10,1988,38,40,even
233,25.151515151515152,0.0837943867417741,0.0929981917543169,0.0522504573647196,0.0053898000807278,0.1652725264375618,0.0664067360692713,0.245977507412317,0.2392151835587178,0.0226944670444883,0.0842565768712468,10_sp_aij_17,2091765,0.1,10,1988,38,40,even
234,26.060606060606062,0.0885397339668945,0.1098315567812007,0.0770157367892643,0.0048540961661233,0.1057995579502709,0.0778152261840166,0.2992902783821861,0.2553048368459667,0.0279946311889652,0.1077998433969211,10_sp_aij_17,2091765,0.1,10,1988,38,40,even
235,26.666666666666668,0.0811792117441727,0.1162582806808064,0.0846589096629909,0.0045873355413809,0.0979216495511875,0.0754349745222358,0.3337144244662139,0.225460982007008,0.0277602263768472,0.0992164574030057,10_sp_aij_17,2091765,0.1,10,1988,38,40,even
236,27.575757575757574,0.0845669976870517,0.1143726954260351,0.0695419115405013,0.0043809310984162,0.1218299082979428,0.051527849082681,0.2771645080798113,0.2441110507988996,0.0286339835607186,0.0974065040780583,10_sp_aij_17,2091765,0.1,10,1988,38,40,even
237,28.181818181818183,0.0789491212215665,0.137532697246866,0.0705361644926431,0.0046687929564466,0.1095751251800397,0.0535066430783633,0.2168247885348125,0.2539104087103992,0.0318563274846806,0.0970782832393048,10_sp_aij_17,2091765,0.1,10,1988,38,40,even
238,29.090909090909093,0.0882386258626812,0.1464762736469562,0.0556006367630864,0.0041825104474098,0.1314082943991107,0.0541449796616826,0.1966074318915282,0.2209845432008299,0.0377826630209502,0.0690406208465899,10_sp_aij_17,2091765,0.1,10,1988,38,40,even
239,30.0,0.0932932096534836,0.1158960584914547,0.0584083213360997,0.002983468382041,0.1121886868249279,0.064240877091147,0.3055200759177041,0.1805146194530439,0.0409672600619888,0.0743356351419546,10_sp_aij_17,2091765,0.1,10,1988,38,40,even
240,0.0,0.02,0.02,0.02,0.02,0.04,0.09,0.05,0.04,0.02,0.04,10_sp_aij_17,2369231,0.1,10,1988,38,40,even
241,0.6060606060606061,0.0248095059307458,0.025125405940632,0.0235320220475355,0.0255170972658215,0.0572824678015058,0.0964991851762967,0.0684552653259007,0.0399210199784144,0.0195260453122584,0.041226508686135,10_sp_aij_17,2369231,0.1,10,1988,38,40,even
242,1.5151515151515151,0.0287950973054435,0.0328730351550614,0.0176462436046102,0.0268418550803429,0.0669778893591625,0.1070480700491104,0.0965180146833119,0.0549613813592067,0.0307499024762319,0.0392995934773544,10_sp_aij_17,2369231,0.1,10,1988,38,40,even
243,2.121212121212121,0.0432098854599494,0.03430892602064,0.0198959608713033,0.0273525254755547,0.0694040781088176,0.1198870215879257,0.1323099452701796,0.0646916971766361,0.0341527905489275,0.0396274292576063,10_sp_aij_17,2369231,0.1,10,1988,38,40,even
244,3.0303030303030303,0.0594114024436885,0.0472080642652018,0.025489459807179,0.0245224591784701,0.085193955432465,0.1281872114339998,0.1717605803211312,0.0917978965301917,0.0363197978588919,0.0406682935139105,10_sp_aij_17,2369231,0.1,10,1988,38,40,even
245,3.6363636363636367,0.082508239654764,0.0549759584353316,0.0240189439741563,0.0284492274945117,0.0999269624274321,0.125493088284502,0.1684046323114738,0.1231315520773445,0.0421564719226752,0.0537701899693446,10_sp_aij_17,2369231,0.1,10,1988,38,40,even
246,4.545454545454546,0.0850424078426984,0.0931455780364545,0.0302919557162376,0.0303476405065498,0.1078570277283747,0.1119459861749054,0.1699207435647764,0.1648947667130756,0.0360213230541583,0.0539392342656913,10_sp_aij_17,2369231,0.1,10,1988,38,40,even
247,5.151515151515151,0.1070583876328101,0.1096711921856653,0.0332249770588791,0.0403805576961183,0.1027765918556068,0.1091473616353073,0.1859007792280008,0.1667871687684397,0.0346813850826585,0.0510803533471854,10_sp_aij_17,2369231,0.1,10,1988,38,40,even
248,6.0606060606060606,0.0794795803959069,0.1326483058613782,0.0385011083937126,0.0384896524723841,0.1367976989614172,0.0717017863363362,0.1908818803858357,0.1376059949890875,0.0295889257192382,0.046860467865843,10_sp_aij_17,2369231,0.1,10,1988,38,40,even
249,6.666666666666667,0.0828319118355186,0.1491975280506676,0.0350035594854009,0.0400474765859941,0.1175480103851528,0.0792082702083476,0.1877641077684302,0.1946292277094802,0.0326099832347932,0.0474376289090528,10_sp_aij_17,2369231,0.1,10,1988,38,40,even
250,7.575757575757576,0.065829455907993,0.1765264052655414,0.0344078935223034,0.0337343642814207,0.1657416362809886,0.0707035244190407,0.188512625753839,0.2308198607450247,0.0386148141318618,0.0448918610524291,10_sp_aij_17,2369231,0.1,10,1988,38,40,even
251,8.181818181818182,0.0796455879344758,0.1500061120427292,0.037257133702274,0.0347480029689053,0.1926580229371646,0.0770717424333926,0.1919464439379911,0.2593797466715224,0.0331041199316765,0.0344462001613818,10_sp_aij_17,2369231,0.1,10,1988,38,40,even
252,9.090909090909092,0.069347563811861,0.1672050824185134,0.0396100762651303,0.0356387920643629,0.1675145484021929,0.0752962006483056,0.244474817162695,0.2637097516520924,0.0389971268063635,0.0334451428220946,10_sp_aij_17,2369231,0.1,10,1988,38,40,even
253,10.0,0.0484757665859673,0.1318436477523624,0.0282682179916535,0.0285048271278536,0.1490091911321656,0.0877073370597976,0.2216531087560106,0.2126183815886831,0.0354593571944562,0.0260105475426836,10_sp_aij_17,2369231,0.1,10,1988,38,40,even
254,10.606060606060606,0.0437777086836895,0.1002860658220239,0.032444442988011,0.0240329227025776,0.1167887156419857,0.0850864178296188,0.2364886718326907,0.2106457617223298,0.0353333145660983,0.030830331157691,10_sp_aij_17,2369231,0.1,10,1988,38,40,even
255,11.515151515151516,0.0452404217835435,0.1403977145412306,0.0294917761133346,0.0333877093749942,0.1164790197118648,0.090018436290237,0.2625480302246804,0.226142148745035,0.0358573328532343,0.0432415213984728,10_sp_aij_17,2369231,0.1,10,1988,38,40,even
256,12.12121212121212,0.0497085350134442,0.1282516195370612,0.0283095799251882,0.0348797821465484,0.1092002840255574,0.0893796834217384,0.2561296300001112,0.1784423693255527,0.031715698626195,0.0404316173201685,10_sp_aij_17,2369231,0.1,10,1988,38,40,even
257,13.030303030303031,0.0640951567120491,0.1099388647789821,0.0252660763976688,0.026948901950659,0.074876420314319,0.081266528879678,0.2045357025747222,0.2284819049939627,0.0306042463789742,0.0352272942764054,10_sp_aij_17,2369231,0.1,10,1988,38,40,even
258,13.636363636363637,0.05789648757187,0.1020756041756704,0.0244628691067064,0.0302409170945469,0.0881121679941126,0.0744871414329894,0.2483220692982053,0.195567821644103,0.0301135475889686,0.0455306893752772,10_sp_aij_17,2369231,0.1,10,1988,38,40,even
259,14.545454545454549,0.0557103305641308,0.1147319315587743,0.0287717845127587,0.025911889711128,0.1119000774448486,0.0936980737988788,0.2492248373902746,0.2433228007467978,0.031060283915605,0.0626198522000937,10_sp_aij_17,2369231,0.1,10,1988,38,40,even
260,15.151515151515152,0.0713992668931641,0.0814116901067776,0.0300617338147423,0.0277207250241978,0.1093069470898334,0.088455770168884,0.2947962602865629,0.2645657044461851,0.0300832126210946,0.0638187331017401,10_sp_aij_17,2369231,0.1,10,1988,38,40,even
261,16.060606060606062,0.0682139220502251,0.0773242234104679,0.0261652593587922,0.0201964414606483,0.0870818604211435,0.0880697187878203,0.2676465023534952,0.2961095344864116,0.0282514139334769,0.0588976302221839,10_sp_aij_17,2369231,0.1,10,1988,38,40,even
262,16.666666666666668,0.0554062500092211,0.0705538665169701,0.0232739067137307,0.0144611621165208,0.0980707034656136,0.0828353342034881,0.2313067874363575,0.258635629695136,0.02047481127275,0.0670290058382683,10_sp_aij_17,2369231,0.1,10,1988,38,40,even
263,17.575757575757578,0.0462914365306167,0.0556218681784546,0.0193156015707178,0.0147461778349241,0.135923559674441,0.0885051539422343,0.2650592324655147,0.2332447792417921,0.0176443830884188,0.0642731487440967,10_sp_aij_17,2369231,0.1,10,1988,38,40,even
264,18.181818181818183,0.0518350256933463,0.0693509446787874,0.0152047008458484,0.0117599181250846,0.1178639675411165,0.0804433449039299,0.2406052819039742,0.2239270988832548,0.0114507921958125,0.0700603429771085,10_sp_aij_17,2369231,0.1,10,1988,38,40,even
265,19.09090909090909,0.0623000212387682,0.1035835098423004,0.0231354747625971,0.0129555030502594,0.1243768548139607,0.108942937578581,0.2389482749546535,0.1732541829515154,0.0087798767649075,0.0947097172785557,10_sp_aij_17,2369231,0.1,10,1988,38,40,even
266,20.0,0.0758214901814846,0.0951719190407225,0.022082699085044,0.011402786189392,0.1416052178144556,0.1080716907993066,0.2031541152523276,0.1800446505206812,0.0094609640668625,0.0887242652666513,10_sp_aij_17,2369231,0.1,10,1988,38,40,even
267,20.60606060606061,0.0748309927649672,0.1304564653400332,0.0251971520391548,0.0112989539641903,0.1589719273319879,0.1154684758394114,0.2575270164557355,0.1730786227782802,0.0107195078419886,0.0888196049914608,10_sp_aij_17,2369231,0.1,10,1988,38,40,even
268,21.51515151515152,0.0561538107728493,0.1112198936775336,0.0366681596210175,0.0106656702530407,0.1250581367226626,0.1063922701367478,0.2249046599190491,0.2114138999122385,0.0101866062726617,0.0761108576755636,10_sp_aij_17,2369231,0.1,10,1988,38,40,even
269,22.12121212121212,0.0467972229951937,0.133874065263311,0.0394311724964823,0.016434116780388,0.1403803224607525,0.1036165863977264,0.245188850918861,0.2174663401748822,0.0095840734863955,0.0716812050561925,10_sp_aij_17,2369231,0.1,10,1988,38,40,even
270,23.03030303030303,0.0437681530916981,0.1440501583302082,0.0359045987253431,0.0223179861467497,0.1867252049110682,0.1001852096285231,0.2367098796630442,0.2185402694325622,0.0136339797320091,0.0559982430779148,10_sp_aij_17,2369231,0.1,10,1988,38,40,even
271,23.63636363636364,0.0468339434915335,0.1463168140133869,0.046174678927707,0.0231577254575659,0.1857899375213972,0.0979966639408937,0.2330020338712899,0.1949302694901787,0.0178241683916698,0.0497105785479174,10_sp_aij_17,2369231,0.1,10,1988,38,40,even
272,24.545454545454547,0.0439877540504786,0.1161424531062737,0.0360120343626514,0.0204922627799987,0.1740984596242146,0.1119157744670049,0.246240886706408,0.1979889418582341,0.0204817529993115,0.0641997167759517,10_sp_aij_17,2369231,0.1,10,1988,38,40,even
273,25.151515151515152,0.0370214829969142,0.1107957865917228,0.0270035524446998,0.0241781950708133,0.1745477950352945,0.1020294310826431,0.2023927738829045,0.2114328497414252,0.0164828864833066,0.0652473382206745,10_sp_aij_17,2369231,0.1,10,1988,38,40,even
274,26.060606060606062,0.0275118041806889,0.1009385518577654,0.0291936700635185,0.018637759783095,0.1528252825694865,0.0855509768586668,0.2118232187719365,0.2072013240407161,0.0200098961745758,0.0619878199413378,10_sp_aij_17,2369231,0.1,10,1988,38,40,even
275,26.666666666666668,0.0357685067702957,0.0898877614088715,0.0369017872323097,0.0155918482943599,0.1423945083930796,0.0892018187220692,0.2669349496008591,0.2104362984926796,0.0194923358336226,0.0826777359213454,10_sp_aij_17,2369231,0.1,10,1988,38,40,even
276,27.575757575757574,0.0305646803712126,0.0932572774123271,0.0359082233309554,0.0148722316886679,0.1420147244149291,0.0703066268410498,0.277262277478445,0.2262944394642443,0.01999180626778,0.1023259773850739,10_sp_aij_17,2369231,0.1,10,1988,38,40,even
277,28.181818181818183,0.038789551859491,0.0766796888704159,0.0401675420572031,0.0134349953425292,0.1344124027717807,0.0714357043386766,0.2563280113725622,0.2543939685209725,0.0138955216615801,0.0822063198005388,10_sp_aij_17,2369231,0.1,10,1988,38,40,even
278,29.090909090909093,0.0416908320788519,0.1074287971601339,0.0438236962049561,0.0137717293083557,0.1574388975667968,0.0698949199653059,0.2027624911064315,0.194688428049408,0.010551083479836,0.0724868616984088,10_sp_aij_17,2369231,0.1,10,1988,38,40,even
279,30.0,0.0533700134554825,0.0661674278350403,0.0394660497683049,0.0142955215106508,0.156410489837901,0.075317619432695,0.2140625842807085,0.1998171738629543,0.0105500730194762,0.104170091690966,10_sp_aij_17,2369231,0.1,10,1988,38,40,even
280,0.0,0.04,0.02,0.01,0.02,0.01,0.03,0.05,0.08,0.03,0.09,10_sp_aij_17,2721265,0.1,10,1988,38,40,even
281,0.6060606060606061,0.0437057208106566,0.0211555426351808,0.0138355551353235,0.0210144713191082,0.0126314551291167,0.0327998229652138,0.0575816762021661,0.0760274821105665,0.0264080742408791,0.0936565308589799,10_sp_aij_17,2721265,0.1,10,1988,38,40,even
282,1.5151515151515151,0.0591179686303249,0.0261171688085088,0.0172688232762303,0.0267135749007491,0.0186799770497683,0.0465091494844422,0.1034599734659953,0.0926957972784139,0.0271671726678376,0.070547831303519,10_sp_aij_17,2721265,0.1,10,1988,38,40,even
283,2.121212121212121,0.078761840953736,0.0446644902793528,0.0163378874117862,0.0294152680657227,0.0217666917380879,0.0528424249481289,0.1262204856170264,0.1029757404749172,0.0205870965169926,0.0594774334611593,10_sp_aij_17,2721265,0.1,10,1988,38,40,even
284,3.0303030303030303,0.0618212077764831,0.0616742790614551,0.0163169926231369,0.0222630738609458,0.0251560393772999,0.0501606939501091,0.1248994922985814,0.1194269213365986,0.0151186556093591,0.0462161122733574,10_sp_aij_17,2721265,0.1,10,1988,38,40,even
285,3.6363636363636367,0.0656580319046087,0.0777822087039772,0.0145100132022211,0.0210563213606571,0.0351000345102955,0.0633363674362767,0.1766593763534763,0.1370160381428632,0.0134364763289568,0.0587893360983438,10_sp_aij_17,2721265,0.1,10,1988,38,40,even
286,4.545454545454546,0.0803578671797868,0.0966625808857876,0.0134823171222406,0.0143319575042193,0.0530275989612566,0.0685097019625795,0.2120108872571641,0.1364244889997228,0.0158625904266488,0.0721095271710178,10_sp_aij_17,2721265,0.1,10,1988,38,40,even
287,5.151515151515151,0.0637875707964705,0.1031940248379251,0.0135078326640776,0.0156305537562297,0.0760730063819685,0.0740389519945405,0.2326878289797848,0.1615114643594818,0.0110508527038054,0.0673666412649391,10_sp_aij_17,2721265,0.1,10,1988,38,40,even
288,6.0606060606060606,0.0709803209120706,0.1020060328819678,0.013936474812439,0.0163997271059976,0.0935994577700742,0.0888169222249709,0.258195426665633,0.1987795965108213,0.0116394264777879,0.0695008114068979,10_sp_aij_17,2721265,0.1,10,1988,38,40,even
289,6.666666666666667,0.0701041929419728,0.1309183574699323,0.0146301597539515,0.017304738669861,0.1121649994259603,0.085010516437048,0.2448553955802173,0.2518761363334967,0.0095662651676596,0.0629126767396184,10_sp_aij_17,2721265,0.1,10,1988,38,40,even
290,7.575757575757576,0.0592425032531188,0.1147368286537532,0.0152636361740444,0.014061338482054,0.1264938958942993,0.074008396740527,0.2647310062173539,0.219381760317265,0.0075701149290676,0.0673012042386909,10_sp_aij_17,2721265,0.1,10,1988,38,40,even
291,8.181818181818182,0.0773738665234194,0.0869601670835833,0.013107092353935,0.0149048128691379,0.1467821355407055,0.084433090916648,0.2050605674555877,0.2030581596256665,0.0065991005816856,0.0774779068135975,10_sp_aij_17,2721265,0.1,10,1988,38,40,even
292,9.090909090909092,0.0725010244950632,0.1084721408484477,0.0141331731563728,0.019091085480025,0.1386841444893385,0.0875794573636755,0.255292432473927,0.2256869823101549,0.0045615644056716,0.0909613213126564,10_sp_aij_17,2721265,0.1,10,1988,38,40,even
293,10.0,0.0718869420972505,0.1060001862356569,0.0171039063413858,0.0176233999492499,0.1536873968831074,0.0914215681147431,0.2346859993913546,0.223042859264356,0.00450508329909,0.0786691660869477,10_sp_aij_17,2721265,0.1,10,1988,38,40,even
294,10.606060606060606,0.0728090188795457,0.1195017869193352,0.0218649919498721,0.0214877467489882,0.1659618453217235,0.1040311137651963,0.1780419271040707,0.1862211113722757,0.0044038337955622,0.0704800153741316,10_sp_aij_17,2721265,0.1,10,1988,38,40,even
295,11.515151515151516,0.0427290539682894,0.1098799854831004,0.0274315844054632,0.0287925458761483,0.1933477391713191,0.1012851671783698,0.1677320378927319,0.1699872128618481,0.0059779598718432,0.0705464188763387,10_sp_aij_17,2721265,0.1,10,1988,38,40,even
296,12.12121212121212,0.0375675100904448,0.1145355627105019,0.0272264020819808,0.0279914585133002,0.153361491123048,0.0938925122986575,0.2121570421308188,0.2229313400760477,0.0067070654503287,0.0719099558015522,10_sp_aij_17,2721265,0.1,10,1988,38,40,even
297,13.030303030303031,0.0276927210334804,0.1361913153377912,0.0245785570710134,0.0184400048265638,0.1096241829250917,0.081710876826025,0.2239910988132298,0.2050040187120881,0.0087675930071564,0.0810660476592247,10_sp_aij_17,2721265,0.1,10,1988,38,40,even
298,13.636363636363637,0.0250275440634502,0.1468332769470237,0.0233103064273267,0.0241739830515077,0.1221028734581054,0.0915986972659436,0.2526092097452877,0.2113029468817605,0.0083692956717413,0.071456578295754,10_sp_aij_17,2721265,0.1,10,1988,38,40,even
299,14.545454545454549,0.020476384399929,0.1398280572985884,0.0235786135195745,0.0197572893053985,0.0980582758658475,0.0836387101464146,0.2395954050110393,0.1878451466591178,0.0096550503645345,0.0656958932840081,10_sp_aij_17,2721265,0.1,10,1988,38,40,even
300,15.151515151515152,0.0185167611968019,0.1496022442523659,0.0215758917027774,0.0232457993908836,0.1456396205165883,0.0817101594743477,0.2571920417768519,0.1771771715572728,0.0095791663408589,0.0649592652484112,10_sp_aij_17,2721265,0.1,10,1988,38,40,even
301,16.060606060606062,0.0246191811384047,0.135260546564728,0.0202255322294298,0.0236318725671423,0.107017268339559,0.0788323838293988,0.2281951847030367,0.1991753414798306,0.0084203272728025,0.0619360156372246,10_sp_aij_17,2721265,0.1,10,1988,38,40,even
302,16.666666666666668,0.0316681033520342,0.1431313735873695,0.0179154224754536,0.0243466685647598,0.1219615280444636,0.0699366018830832,0.1787048472180449,0.1573752872760182,0.0066687724785631,0.0693386788027266,10_sp_aij_17,2721265,0.1,10,1988,38,40,even
303,17.575757575757578,0.0308822738621247,0.1274759434314474,0.0190650411519893,0.0209156839544575,0.1330916765165493,0.0644846267430244,0.2380371720137286,0.2095190816542085,0.0065881339442356,0.0737822375695017,10_sp_aij_17,2721265,0.1,10,1988,38,40,even
304,18.181818181818183,0.0304240280219658,0.1187355394877183,0.019487288026068,0.0218717800455071,0.1559004312430244,0.0854009799904929,0.239687308887047,0.1985336562820303,0.0081392691702254,0.0525846228568346,10_sp_aij_17,2721265,0.1,10,1988,38,40,even
305,19.09090909090909,0.0399512570075561,0.1072024403032183,0.0228118567921744,0.0193616967182189,0.1539711276712276,0.0957343470888145,0.2087590516511436,0.1791677426522532,0.0101392251120734,0.0502164776126297,10_sp_aij_17,2721265,0.1,10,1988,38,40,even
306,20.0,0.0467918482373148,0.0857434960884338,0.0258073367588193,0.0223156019055461,0.1442114963891219,0.0946072095447749,0.2319017032344409,0.1599284614434198,0.0155532271057933,0.0438762854762142,10_sp_aij_17,2721265,0.1,10,1988,38,40,even
307,20.60606060606061,0.0370916662060482,0.0854530787908725,0.030244215113167,0.0223895781855231,0.1577704133284258,0.088223483219652,0.2102357031675205,0.1626950535500731,0.0145540116327154,0.0412328631683355,10_sp_aij_17,2721265,0.1,10,1988,38,40,even
308,21.51515151515152,0.0289180502504708,0.0915222232359213,0.0416399532305165,0.0151778134728377,0.1272267832822537,0.0862828806244905,0.2299475596157474,0.1757217647919549,0.0135878296364055,0.0364012876806882,10_sp_aij_17,2721265,0.1,10,1988,38,40,even
309,22.12121212121212,0.0295584171890568,0.0994568122809829,0.0360178678608877,0.0159470562409422,0.1147672123185035,0.0801447592554993,0.2693510912308062,0.1766677728173915,0.0145201436603272,0.0436002536939588,10_sp_aij_17,2721265,0.1,10,1988,38,40,even
310,23.03030303030303,0.041347967617507,0.1009652069145239,0.0270432716805817,0.0150116506260764,0.1196705762930007,0.0914901878368259,0.2338436210772185,0.2445200317128164,0.0101518078496085,0.0429933819345898,10_sp_aij_17,2721265,0.1,10,1988,38,40,even
311,23.63636363636364,0.052923166434793,0.1085122932439054,0.0259102386284678,0.013917319006697,0.1338027090739819,0.0666031259892537,0.2637508273659407,0.2598151992358622,0.0092297766286831,0.0338512225359208,10_sp_aij_17,2721265,0.1,10,1988,38,40,even
312,24.545454545454547,0.0393198372724827,0.1198715136931371,0.0278032306492419,0.0122258434214456,0.1205999540648535,0.0906216817628997,0.3521135988799974,0.2356077091901026,0.0091827748232485,0.046882809027916,10_sp_aij_17,2721265,0.1,10,1988,38,40,even
313,25.151515151515152,0.0410081022217977,0.1081866295914719,0.0294003221130724,0.0128192912191265,0.0931947519458442,0.0843632210934145,0.3203393221670792,0.2470871561110488,0.0078916724631234,0.0475740076973985,10_sp_aij_17,2721265,0.1,10,1988,38,40,even
314,26.060606060606062,0.040537743004347,0.1041437858206334,0.0265604168106002,0.012164074919292,0.1075415097150041,0.0989986597408159,0.3202388558478319,0.2351913306113025,0.0076520243381651,0.0550004857331094,10_sp_aij_17,2721265,0.1,10,1988,38,40,even
315,26.666666666666668,0.0468329835153653,0.0858781549096156,0.0260469033451147,0.0129077062689792,0.1373712751843386,0.1085361112392571,0.2440582473911291,0.2621221594060196,0.0088265278979497,0.0585595291292606,10_sp_aij_17,2721265,0.1,10,1988,38,40,even
316,27.575757575757574,0.0516817071069429,0.0771936735225406,0.0297299350141312,0.0093033285144325,0.1267541018885072,0.0882265438916796,0.2987449286645813,0.2438101778593113,0.0098584378881402,0.051919539723996,10_sp_aij_17,2721265,0.1,10,1988,38,40,even
317,28.181818181818183,0.0469116480399315,0.0873624902942405,0.0261771573674725,0.0080045837238821,0.1331600824055084,0.0933847514593767,0.3145671898405439,0.3162643876859756,0.0095502313038078,0.0535843829533534,10_sp_aij_17,2721265,0.1,10,1988,38,40,even
318,29.090909090909093,0.0657716243677723,0.0670812971994106,0.0256156591419257,0.0061243902554459,0.147277070439423,0.0771805693730293,0.376008001426811,0.2127732434492607,0.0113833920346611,0.0499854157909132,10_sp_aij_17,2721265,0.1,10,1988,38,40,even
319,30.0,0.0854788954084937,0.0682547563731331,0.0208192378467651,0.006524968740736,0.1179987823307145,0.0972573580984107,0.3586676964112619,0.2036289738335921,0.0093065675759117,0.0576025596795861,10_sp_aij_17,2721265,0.1,10,1988,38,40,even
320,0.0,0.06,0.03,0.06,0.01,0.05,0.04,0.06,0.01,0.04,0.09,10_sp_aij_17,2753893,0.1,10,1988,38,40,even
321,0.6060606060606061,0.0796658618513055,0.0390659501792627,0.0752714824013249,0.0105208305733492,0.0636742686754785,0.0442650372315392,0.061629681274689,0.013919657372522,0.057443802855252,0.1194104796461618,10_sp_aij_17,2753893,0.1,10,1988,38,40,even
322,1.5151515151515151,0.0835317064200952,0.0589915558425623,0.0989889119036714,0.0131517897595808,0.0492414258857046,0.0542913110496042,0.0628234617071956,0.0161750028889439,0.0817830975079868,0.1037674041929906,10_sp_aij_17,2753893,0.1,10,1988,38,40,even
323,2.121212121212121,0.0919326410363833,0.0909642331276971,0.1381330603622122,0.0135807274372681,0.0691464383128497,0.0555095249544389,0.075241188617851,0.0183045023850286,0.0723796995603668,0.1008371756040507,10_sp_aij_17,2753893,0.1,10,1988,38,40,even
324,3.0303030303030303,0.1105571679095537,0.1240740179675722,0.160050609375242,0.0240526049961709,0.0557303708254827,0.0607921425943953,0.10274800202161,0.0209784295956795,0.0649521417455769,0.1098650509426988,10_sp_aij_17,2753893,0.1,10,1988,38,40,even
325,3.6363636363636367,0.0962012933899957,0.1373269639598514,0.1269095195300286,0.0280480627292841,0.0456803571613005,0.065577551796162,0.1450730226635283,0.0249272873244667,0.0603013362078489,0.1093400053365872,10_sp_aij_17,2753893,0.1,10,1988,38,40,even
326,4.545454545454546,0.0936090526790111,0.1603127356991709,0.1121247297864959,0.0324098035362119,0.0467524067425431,0.0852761985482005,0.1880336387097507,0.0404082208872777,0.0710111475315412,0.133747087753526,10_sp_aij_17,2753893,0.1,10,1988,38,40,even
327,5.151515151515151,0.0996145935843033,0.1594060360487396,0.1027439484687941,0.0417869519209691,0.0516706844359543,0.0958276480967351,0.1971616460171849,0.0509771447711454,0.0717604336045791,0.1046833576405598,10_sp_aij_17,2753893,0.1,10,1988,38,40,even
328,6.0606060606060606,0.0812816928622542,0.165667541648806,0.0810604198892372,0.053277251663241,0.0669036972818254,0.0714237704853265,0.1843659122133391,0.0686532119043145,0.0966590684510898,0.0912632686664801,10_sp_aij_17,2753893,0.1,10,1988,38,40,even
329,6.666666666666667,0.0688799188986566,0.1789382136333037,0.0782681384881789,0.0505642939392788,0.0767374243031943,0.0789347673819908,0.2200503432482788,0.0746011736715642,0.1095776697104217,0.1156245386810764,10_sp_aij_17,2753893,0.1,10,1988,38,40,even
330,7.575757575757576,0.0719405506013889,0.1552411747141363,0.0567712131221485,0.049971656124728,0.0849577510937755,0.0737861902633432,0.1956139835385523,0.105963091671616,0.1052690686156233,0.0988758534024774,10_sp_aij_17,2753893,0.1,10,1988,38,40,even
331,8.181818181818182,0.0710385492446268,0.1610703582361179,0.0404518687339969,0.0560088690856053,0.0925599287598752,0.0533989383836358,0.2036966016312585,0.1539882151758581,0.1218935412780792,0.0917240788722117,10_sp_aij_17,2753893,0.1,10,1988,38,40,even
332,9.090909090909092,0.0588822818052298,0.1764191204446648,0.0489015050547991,0.0520876528097486,0.1000433321927605,0.0459179507243821,0.2465275455690134,0.2426233089672272,0.132544575692875,0.0722744939258954,10_sp_aij_17,2753893,0.1,10,1988,38,40,even
333,10.0,0.0683637351611066,0.1714210817483877,0.0471742343982338,0.0371318962682524,0.0967244167874752,0.0528118041815936,0.2045994023417948,0.2963501801365504,0.0802931845330643,0.0809102359162515,10_sp_aij_17,2753893,0.1,10,1988,38,40,even
334,10.606060606060606,0.053274043709649,0.1463365380820747,0.045012035679519,0.0365312706949264,0.0913342420659749,0.0474202819859415,0.1733824493765651,0.3445062512687943,0.0844778432110442,0.0780830015259039,10_sp_aij_17,2753893,0.1,10,1988,38,40,even
335,11.515151515151516,0.0583001620067351,0.1650174603184069,0.0348346498729569,0.0350767524962721,0.1288079272632351,0.0475668045504767,0.1999899679490206,0.2931059748856728,0.0619087471120435,0.094059922402949,10_sp_aij_17,2753893,0.1,10,1988,38,40,even
336,12.12121212121212,0.0693733000238006,0.1417474411538692,0.0308370334978172,0.0307124038104086,0.1273572443127152,0.0489521938779078,0.1461072292862979,0.2457707031392726,0.0658725183066772,0.0821849718473694,10_sp_aij_17,2753893,0.1,10,1988,38,40,even
337,13.030303030303031,0.0533947120853721,0.1077595420480111,0.0394620651105286,0.0257414262191341,0.1617965429521499,0.0454903136035844,0.1066202902588578,0.2721242400138924,0.0643152361738521,0.0762709489898711,10_sp_aij_17,2753893,0.1,10,1988,38,40,even
338,13.636363636363637,0.0421422446462477,0.0948448356106335,0.040978372621226,0.0234077570918848,0.1576813438559634,0.0462581623191808,0.1221745235800405,0.2003664787940988,0.0470299436387353,0.0733372343951224,10_sp_aij_17,2753893,0.1,10,1988,38,40,even
339,14.545454545454549,0.0346272048269303,0.1082205317892015,0.0463140304135611,0.0265999611646571,0.1822614884483843,0.0560593937512144,0.1745473466630371,0.187294307984308,0.036787157932744,0.07178473239437,10_sp_aij_17,2753893,0.1,10,1988,38,40,even
340,15.151515151515152,0.0424720164734731,0.1143942594158939,0.0495357990745812,0.0203377744299869,0.1525867355157984,0.0544487509880126,0.2389996644792839,0.1580833709254534,0.042709059196534,0.0769833920254646,10_sp_aij_17,2753893,0.1,10,1988,38,40,even
341,16.060606060606062,0.0362466806409693,0.125354967812254,0.0559616567597629,0.0249734883525978,0.1276765118283185,0.0485942394039183,0.1841995467548446,0.1472583011244867,0.0430809277231037,0.0791821789071691,10_sp_aij_17,2753893,0.1,10,1988,38,40,even
342,16.666666666666668,0.0407158579055593,0.1238593970663349,0.0494743421931509,0.0278555539023488,0.1358398117306388,0.0588973599457897,0.2153805265102542,0.1240111791224591,0.0583517506280889,0.0841611703975945,10_sp_aij_17,2753893,0.1,10,1988,38,40,even
343,17.575757575757578,0.0447219869392747,0.1169835393856982,0.037709885858497,0.0295480065283106,0.1473663707379088,0.0526626516847656,0.2080784325108684,0.1353031729210213,0.0619233232740855,0.0791142680449637,10_sp_aij_17,2753893,0.1,10,1988,38,40,even
344,18.181818181818183,0.0535887818238835,0.1310922259521499,0.0522201604320272,0.0288781546823565,0.1541434378308715,0.0543913253458338,0.239503398479834,0.1439368650948396,0.0565777197499081,0.0846990116692072,10_sp_aij_17,2753893,0.1,10,1988,38,40,even
345,19.09090909090909,0.0476089412695019,0.1230900900966128,0.0602761111178534,0.0317330881006205,0.1444587848064036,0.0576529482548693,0.2032070787394559,0.1606512483181174,0.0646871088915711,0.0790751588693287,10_sp_aij_17,2753893,0.1,10,1988,38,40,even
346,20.0,0.0506597050894785,0.1117136142126926,0.0671086349154482,0.0281389863325798,0.1294195013665192,0.0714724206375268,0.2413567847267266,0.1644026308584906,0.0571993732414773,0.0870685492445226,10_sp_aij_17,2753893,0.1,10,1988,38,40,even
347,20.60606060606061,0.0433602558048592,0.1278500795475881,0.0689374637079154,0.0281503963902855,0.1196008006717941,0.069571173333682,0.2430461330195933,0.200930220050228,0.0555160577900226,0.1108357230815557,10_sp_aij_17,2753893,0.1,10,1988,38,40,even
348,21.51515151515152,0.0451282382809292,0.1023590125238641,0.0620716720354406,0.0238367587144332,0.1237296025676859,0.0965847204764855,0.2495598025373838,0.2212556425497792,0.0658707542414219,0.0708464334266184,10_sp_aij_17,2753893,0.1,10,1988,38,40,even
349,22.12121212121212,0.0518251254191898,0.1055936728873409,0.0528287724937615,0.02320057427517,0.119951866036381,0.0874955212162688,0.2058330122080104,0.2350998606188124,0.063499235138304,0.0723465633259026,10_sp_aij_17,2753893,0.1,10,1988,38,40,even
350,23.03030303030303,0.0393969346091884,0.1007261923894234,0.0518449172615657,0.022184518688476,0.0972369932743641,0.0723005292871488,0.2704825355100207,0.2067506641108094,0.0713431489518158,0.0838161496116823,10_sp_aij_17,2753893,0.1,10,1988,38,40,even
351,23.63636363636364,0.0532107499072806,0.0985162730499685,0.0506752793656487,0.025012330935607,0.1018567005915684,0.056032137833529,0.3167867121856701,0.2342266306933192,0.064026493982123,0.0817364215701939,10_sp_aij_17,2753893,0.1,10,1988,38,40,even
352,24.545454545454547,0.0574270065209861,0.0970592250141738,0.0429973427179044,0.0231162706372038,0.1127804825319845,0.0526883912109628,0.3328122606925414,0.2633191862356746,0.046439456011992,0.082952932830292,10_sp_aij_17,2753893,0.1,10,1988,38,40,even
353,25.151515151515152,0.0517453319169869,0.1078526028959873,0.0512114809129144,0.0238516011629539,0.1208617587541932,0.0507107477235739,0.3006266566693965,0.2446798247898109,0.0495532642269579,0.0735420721849097,10_sp_aij_17,2753893,0.1,10,1988,38,40,even
354,26.060606060606062,0.0387699748494796,0.0903345257051565,0.0508971751582379,0.0198700707776622,0.1321529114126233,0.0605128856446853,0.2901321309891543,0.2233766930736457,0.0417782034590305,0.1002984545422677,10_sp_aij_17,2753893,0.1,10,1988,38,40,even
355,26.666666666666668,0.0336456211145251,0.0821051068812185,0.0430104144749341,0.0179119330381609,0.0966462579142496,0.0649970436583309,0.2757394225673506,0.2826496481937983,0.0311227647258659,0.0819289537491954,10_sp_aij_17,2753893,0.1,10,1988,38,40,even
356,27.575757575757574,0.0370082605195215,0.098955966436546,0.0277313292264365,0.0182832028530061,0.1183331468238198,0.0746018481624938,0.1856809855108117,0.2028488616791699,0.0305436708724599,0.0892655171597574,10_sp_aij_17,2753893,0.1,10,1988,38,40,even
357,28.181818181818183,0.0383853197371281,0.1046879407879979,0.0268465965741228,0.024827414368239,0.105287173792653,0.0704165823157008,0.2051490779725636,0.2072514630638547,0.0353766490566045,0.0880514133324315,10_sp_aij_17,2753893,0.1,10,1988,38,40,even
358,29.090909090909093,0.0512667760861687,0.1246136499516994,0.0271976120719937,0.0159963937842963,0.1185568559782896,0.0731715625833731,0.1855446762117754,0.1860114676981554,0.0343459379739639,0.084442308722153,10_sp_aij_17,2753893,0.1,10,1988,38,40,even
359,30.0,0.0412976108642659,0.0881493614104888,0.0304368368787076,0.0202867862705751,0.1173225619756178,0.0719667934746231,0.1995987290240515,0.1725547937944803,0.0340282116141062,0.0873497971376487,10_sp_aij_17,2753893,0.1,10,1988,38,40,even
360,0.0,0.07,0.09,0.01,0.04,0.01,0.09,0.03,0.08,0.08,0.09,10_sp_aij_17,2858482,0.1,10,1988,38,40,even
361,0.6060606060606061,0.0698870852619693,0.0853850625000977,0.0103993050903482,0.0337135627463335,0.0123152215709832,0.0965665959622241,0.0372576620341822,0.0909854419553223,0.0898456136606962,0.0940200291775111,10_sp_aij_17,2858482,0.1,10,1988,38,40,even
362,1.5151515151515151,0.0716251217749283,0.1243138622789254,0.0135816487248052,0.0401602084439828,0.0180720742361875,0.0770865190776823,0.0523262604473679,0.0857385731414136,0.0748432933555272,0.1023439222377497,10_sp_aij_17,2858482,0.1,10,1988,38,40,even
363,2.121212121212121,0.0856879737227762,0.1068798467048087,0.0116435651041852,0.0401650849631623,0.02253818876589,0.0861894930441101,0.0692665136055316,0.079302370915747,0.0728859547941634,0.100077300005715,10_sp_aij_17,2858482,0.1,10,1988,38,40,even
364,3.0303030303030303,0.0768361334112257,0.0996289727556725,0.0123048037169798,0.04073524101091,0.0303688096778379,0.0772098209258619,0.1173041851851017,0.0929153589508722,0.0814662704327247,0.1029931986171745,10_sp_aij_17,2858482,0.1,10,1988,38,40,even
365,3.6363636363636367,0.0668078037375707,0.1054737618089337,0.0106198941855072,0.0492530736948356,0.0442547217309914,0.0825471218881799,0.1252517657793694,0.1190473156185177,0.0618153170093536,0.1208989055578061,10_sp_aij_17,2858482,0.1,10,1988,38,40,even
366,4.545454545454546,0.0714427479193847,0.1158516559351533,0.0092377125320039,0.041227244748867,0.0441064325966906,0.0484993298400185,0.1459369177305933,0.1682679647675193,0.063651830428192,0.1002838212190487,10_sp_aij_17,2858482,0.1,10,1988,38,40,even
367,5.151515151515151,0.0802320018813332,0.1709699939094029,0.0087335427599747,0.0460768426597132,0.0522042553007736,0.0523712286876632,0.1744090819865721,0.1864434607996217,0.0780492068062208,0.0981671748473699,10_sp_aij_17,2858482,0.1,10,1988,38,40,even
368,6.0606060606060606,0.0558683073188026,0.1629813091579334,0.0085177526884534,0.0338983218396523,0.0612261863672619,0.0626597401693559,0.1777504134037086,0.2112301190235358,0.0734491817065474,0.1044391829971689,10_sp_aij_17,2858482,0.1,10,1988,38,40,even
369,6.666666666666667,0.0651377983724044,0.165494514150367,0.0080768247070413,0.0345839953120881,0.0730890027117991,0.0505276465942545,0.1823545664247818,0.2067355596695065,0.0577048337375521,0.0965108818268928,10_sp_aij_17,2858482,0.1,10,1988,38,40,even
370,7.575757575757576,0.0479917718103133,0.1836964723358628,0.0068054691470319,0.0479395541594868,0.0929393915339455,0.0684671066631176,0.1808777261302441,0.163611967352404,0.0583448308945424,0.0712513431581368,10_sp_aij_17,2858482,0.1,10,1988,38,40,even
371,8.181818181818182,0.052255315282886,0.1844895609158196,0.0084540475281203,0.0376961745594114,0.1238828723893437,0.0866667473828021,0.166282698952234,0.1772167725406781,0.0686761106579222,0.063229154020943,10_sp_aij_17,2858482,0.1,10,1988,38,40,even
372,9.090909090909092,0.0504580340123736,0.1413279928597987,0.0100846659901306,0.049463838814625,0.1306390579979591,0.0727564138255901,0.1720659899786226,0.1976026269461539,0.0747349009704993,0.0909042866290473,10_sp_aij_17,2858482,0.1,10,1988,38,40,even
373,10.0,0.0584508841008073,0.1019583946687092,0.0118213120464167,0.0639238094774108,0.1234856433002955,0.0754015458668065,0.1853044245170998,0.1667152962113981,0.0842060853461229,0.0828304962906304,10_sp_aij_17,2858482,0.1,10,1988,38,40,even
374,10.606060606060606,0.0762144963214942,0.1195150711883832,0.014604867166128,0.072569066725456,0.132053801110113,0.069301029662196,0.2182233613305683,0.1951143613762527,0.067136713055026,0.0880419324483496,10_sp_aij_17,2858482,0.1,10,1988,38,40,even
375,11.515151515151516,0.0803633789909557,0.1620918271163478,0.0208375237240562,0.0632981010488781,0.1317821436470173,0.0638502244292526,0.1887913055856349,0.1612639591782055,0.0691531672977509,0.0879196184281104,10_sp_aij_17,2858482,0.1,10,1988,38,40,even
376,12.12121212121212,0.0678012957873473,0.1437850884371476,0.0202046290366886,0.0577751160222808,0.1414022473467349,0.0620657498662837,0.2188895319123802,0.1433840709402224,0.0794387024727634,0.1034488059262773,10_sp_aij_17,2858482,0.1,10,1988,38,40,even
377,13.030303030303031,0.0568947453735373,0.1090944571085588,0.0182849269130137,0.0495058228847328,0.1390593769011318,0.0639319493184176,0.1987875444209919,0.1605785367804612,0.0639465820185865,0.0860809488206237,10_sp_aij_17,2858482,0.1,10,1988,38,40,even
378,13.636363636363637,0.0607612354875997,0.1152804014469297,0.0190875779287689,0.0535732754684032,0.1011308454329848,0.0656992254610395,0.1874991431795167,0.1605248615972118,0.0693529357940316,0.1018675860629839,10_sp_aij_17,2858482,0.1,10,1988,38,40,even
379,14.545454545454549,0.0614134988572229,0.1271236168793359,0.0170135145815621,0.0405985249254101,0.1312279475627391,0.0641995264294914,0.203810035730789,0.1623520978210373,0.0581050497404445,0.1100625675182239,10_sp_aij_17,2858482,0.1,10,1988,38,40,even
380,15.151515151515152,0.0626517498806758,0.1575330796842942,0.0168941374925482,0.0414774865196913,0.135441096096664,0.0653376718578125,0.2399759558915131,0.1808403845265782,0.0657894276260108,0.1101441155491468,10_sp_aij_17,2858482,0.1,10,1988,38,40,even
381,16.060606060606062,0.0586235341954806,0.1419385702939612,0.0216141416945998,0.045893951936593,0.1225482448549289,0.0784519757754377,0.1780763621225111,0.2195579501779755,0.057644777361015,0.1097080541992959,10_sp_aij_17,2858482,0.1,10,1988,38,40,even
382,16.666666666666668,0.0526279145913543,0.132917805116277,0.0216724094472279,0.0466083551501378,0.1325726720852927,0.0843059376972365,0.2308984251439107,0.2548664970616914,0.0540216216528853,0.1194147151672396,10_sp_aij_17,2858482,0.1,10,1988,38,40,even
383,17.575757575757578,0.0430156564600473,0.1311190497211691,0.0169235203934312,0.0493089618280119,0.1253927131140491,0.0710199801656405,0.2499892173254182,0.2339780189614613,0.0662424762052708,0.1001023141823077,10_sp_aij_17,2858482,0.1,10,1988,38,40,even
384,18.181818181818183,0.0390220155919501,0.1269212565924894,0.0192228881173952,0.0388968567559443,0.1336125805915357,0.0760541217790923,0.2292830554990193,0.2165500729872893,0.0676963497855671,0.0897573029891771,10_sp_aij_17,2858482,0.1,10,1988,38,40,even
385,19.09090909090909,0.048250477878413,0.1219673472303245,0.0269192638273482,0.0459779651263189,0.1542971943907478,0.0716649651878885,0.1696339285353021,0.1698065946866183,0.0638464934749837,0.0627753853417759,10_sp_aij_17,2858482,0.1,10,1988,38,40,even
386,20.0,0.0376334414593883,0.119004048984974,0.0204207038566733,0.0511850916037824,0.1630055099435328,0.0611355807221841,0.187544869125012,0.2014141833838148,0.0679472217571076,0.070651554351922,10_sp_aij_17,2858482,0.1,10,1988,38,40,even
387,20.60606060606061,0.0351858648131733,0.1390131898478928,0.0180005782355227,0.0432102765357521,0.1653404166734427,0.0620291637513149,0.1808219802235709,0.1936838162057589,0.0666338897722364,0.082285724794226,10_sp_aij_17,2858482,0.1,10,1988,38,40,even
388,21.51515151515152,0.0273640809387241,0.1305899725887977,0.0223629889038412,0.041712363972861,0.1776566055045974,0.0838963510735289,0.2400273965916236,0.1978861397110587,0.0489462317897845,0.0816265818500207,10_sp_aij_17,2858482,0.1,10,1988,38,40,even
389,22.12121212121212,0.0298480897824123,0.1300189827327536,0.026599527196144,0.0516531751323922,0.1363609655811022,0.091894347040057,0.2469072149865501,0.1503886333739835,0.0531178521192049,0.0938638456964843,10_sp_aij_17,2858482,0.1,10,1988,38,40,even
390,23.03030303030303,0.0269975684999591,0.1374697245411393,0.029540710351769,0.0588631672465485,0.1417185642554504,0.0962948003522969,0.2551227359273331,0.1773955731721583,0.0534462868896102,0.1024841521050282,10_sp_aij_17,2858482,0.1,10,1988,38,40,even
391,23.63636363636364,0.0359300572502815,0.1175313442441487,0.0362867056310675,0.051498944545725,0.119903563550949,0.0980666978444068,0.2012836730479317,0.1922553783959356,0.0587669927382366,0.1004832778026522,10_sp_aij_17,2858482,0.1,10,1988,38,40,even
392,24.545454545454547,0.0375468558116657,0.1061100340321929,0.0315451312143657,0.0410535385710942,0.1211852244123794,0.0786137463575835,0.2340685983543853,0.2301431897174161,0.0570686860815667,0.0926680831699337,10_sp_aij_17,2858482,0.1,10,1988,38,40,even
393,25.151515151515152,0.0461420914581271,0.0936741840034082,0.0348543383883186,0.037026444625454,0.1105454221818065,0.0781807727334102,0.2183336279015204,0.2624990560300571,0.0659535345998508,0.0853946824619849,10_sp_aij_17,2858482,0.1,10,1988,38,40,even
394,26.060606060606062,0.0408272124772017,0.1137897060553733,0.0343946498947439,0.0335348290497015,0.1280579389414407,0.063718768237367,0.243451401100985,0.2284087670925407,0.052062175652702,0.0972496165035843,10_sp_aij_17,2858482,0.1,10,1988,38,40,even
395,26.666666666666668,0.0373386636707474,0.1159290286780413,0.0369988415902033,0.0326334466612582,0.11382233491804,0.0704091201256001,0.2244944751031036,0.2297012388371571,0.0549860940339282,0.0946705010894132,10_sp_aij_17,2858482,0.1,10,1988,38,40,even
396,27.575757575757574,0.0403213404136821,0.1168707713660376,0.0320268938891897,0.036784520489825,0.148937906228301,0.0821222013310252,0.1472960017209902,0.2155925842537435,0.0586734864965572,0.1338809492737506,10_sp_aij_17,2858482,0.1,10,1988,38,40,even
397,28.181818181818183,0.0347529033607711,0.1244635690116203,0.0380610159150565,0.0371808145741533,0.1586243723249508,0.0945848230124322,0.1737614543451713,0.1685456549435805,0.0518961201189926,0.1432180866882401,10_sp_aij_17,2858482,0.1,10,1988,38,40,even
398,29.090909090909093,0.0367588242388318,0.1311414313634379,0.0350041725596342,0.0450063110543438,0.1518881956643623,0.0899658072132081,0.1611735597690161,0.2016727014901175,0.0465353944628584,0.1681248862362475,10_sp_aij_17,2858482,0.1,10,1988,38,40,even
399,30.0,0.0270257219930613,0.1029345421214503,0.0327422269313846,0.0472764127382753,0.1855668140374845,0.0906483993282834,0.1939024979857442,0.1681659074424473,0.0528251208508222,0.1347982789786777,10_sp_aij_17,2858482,0.1,10,1988,38,40,even
400,0.0,0.08,0.06,0.05,0.06,0.02,0.01,0.09,0.06,0.05,0.07,10_sp_aij_17,2905119,0.1,10,1988,38,40,even
401,0.6060606060606061,0.0599645622722978,0.0902257139196895,0.051416192266234,0.0581212209454694,0.0218060342761552,0.0107794046538699,0.1023978848854032,0.0735216922339981,0.0532541355871382,0.0817415652084928,10_sp_aij_17,2905119,0.1,10,1988,38,40,even
402,1.5151515151515151,0.0719379193060735,0.091711558614172,0.0437097031551279,0.0486742641398901,0.0274395615457842,0.013454511911864,0.1197577211849944,0.1029939236809782,0.0617262053799815,0.1089277688818804,10_sp_aij_17,2905119,0.1,10,1988,38,40,even
403,2.121212121212121,0.0775195736528957,0.1037690074358433,0.0420686978347565,0.0481106563987404,0.0298282823157601,0.0175100878919246,0.1402168997918148,0.161480869301257,0.0701209742296185,0.1197876984847313,10_sp_aij_17,2905119,0.1,10,1988,38,40,even
404,3.0303030303030303,0.0756785637826868,0.144356676450153,0.0427415795637221,0.0429291341713063,0.0437782600609943,0.0209025389382213,0.1113324439888639,0.1679160435735806,0.0641741749658073,0.1310772946116263,10_sp_aij_17,2905119,0.1,10,1988,38,40,even
405,3.6363636363636367,0.0717383601401672,0.1337962164323173,0.0466422285047682,0.0543422823439126,0.0576982846807108,0.0308774546770372,0.109096199268213,0.1805357158734192,0.0579486758954979,0.1117145403396616,10_sp_aij_17,2905119,0.1,10,1988,38,40,even
406,4.545454545454546,0.0514056868923936,0.1573765602240951,0.0450733026343673,0.0415756222534847,0.0773034788424954,0.0350043458628741,0.141141632734222,0.1944852061850874,0.0557390254171821,0.0903058588737385,10_sp_aij_17,2905119,0.1,10,1988,38,40,even
407,5.151515151515151,0.057997144174067,0.1233420670647866,0.0429386359017821,0.043478814517757,0.0865743007504306,0.0410482115639996,0.138987945324365,0.1746898325138622,0.0510268308799456,0.0859346491324745,10_sp_aij_17,2905119,0.1,10,1988,38,40,even
408,6.0606060606060606,0.0468960826761836,0.1390639565846721,0.0426508293220132,0.0395595313381752,0.1017334563789485,0.0473174689642637,0.1502036258674903,0.1740333114740748,0.053675864797881,0.0847795842749532,10_sp_aij_17,2905119,0.1,10,1988,38,40,even
409,6.666666666666667,0.0425904076123727,0.1532741214906514,0.0317564287147173,0.0500929848461863,0.0991466173102018,0.043911735103169,0.2063395540925551,0.1542725884918125,0.0658731385686928,0.0691103730056505,10_sp_aij_17,2905119,0.1,10,1988,38,40,even
410,7.575757575757576,0.0376839685985715,0.1520982087642355,0.0364400770549056,0.0566900638113608,0.1274373884279882,0.0460117897770214,0.2563107953772307,0.1930680890662178,0.0705402436581085,0.0542228688351551,10_sp_aij_17,2905119,0.1,10,1988,38,40,even
411,8.181818181818182,0.0388784790604386,0.1803054300565311,0.0410577133976237,0.0575043186090122,0.1126624990762528,0.0488587471011121,0.2672140760865124,0.238362424689063,0.0735502137952364,0.0494653347359804,10_sp_aij_17,2905119,0.1,10,1988,38,40,even
412,9.090909090909092,0.0393449644214268,0.1364345805917128,0.0387126627596822,0.0486311701236823,0.1364712220888979,0.0619138519297531,0.255272558389838,0.2649609615346185,0.0546797189616643,0.0491901595055327,10_sp_aij_17,2905119,0.1,10,1988,38,40,even
413,10.0,0.0330883969246946,0.1183987333814148,0.0261508345568915,0.0415754712330054,0.1512113781601662,0.0486228752320081,0.2211666887888228,0.2686443372976507,0.0458075165271204,0.0478383529543266,10_sp_aij_17,2905119,0.1,10,1988,38,40,even
414,10.606060606060606,0.0250341300607234,0.111634615013529,0.0265407062114861,0.040078205762296,0.1478462965858937,0.0619626003589638,0.2156639064892797,0.243032189872027,0.042172801767689,0.0539391431601615,10_sp_aij_17,2905119,0.1,10,1988,38,40,even
415,11.515151515151516,0.0252954708298977,0.10180585911032,0.0362034923248327,0.0410537332678521,0.1586993265956359,0.0678705653370312,0.2290104134083057,0.2559424491531076,0.039250689962289,0.0630881069026818,10_sp_aij_17,2905119,0.1,10,1988,38,40,even
416,12.12121212121212,0.0286828155593034,0.0959638850483663,0.0268145266287461,0.0297028558171127,0.1725227701915452,0.0743878822794991,0.2425024554051788,0.3096703691458805,0.0448220688230032,0.0712365551428345,10_sp_aij_17,2905119,0.1,10,1988,38,40,even
417,13.030303030303031,0.0226324678444323,0.0984825374669904,0.0336775496389192,0.0288423445704739,0.1706084130767158,0.0923006149872429,0.2881440651813852,0.2245828621429321,0.0408228078608592,0.0715606152874616,10_sp_aij_17,2905119,0.1,10,1988,38,40,even
418,13.636363636363637,0.0257698884027591,0.0970172166292465,0.0413449709516396,0.0262888576962921,0.1575066740462702,0.0827478976026663,0.2416710063424541,0.2263691571342961,0.0392350151179917,0.0561252627363533,10_sp_aij_17,2905119,0.1,10,1988,38,40,even
419,14.545454545454549,0.0317384973192556,0.1302204525516118,0.0357938694412327,0.028256278715546,0.1310273740796259,0.0928846029852965,0.2912749850714846,0.3362079807105586,0.0359979499156976,0.0595007218403587,10_sp_aij_17,2905119,0.1,10,1988,38,40,even
420,15.151515151515152,0.0338581475476819,0.0969519976355696,0.0294424160525687,0.026903235890564,0.0960564633502833,0.1030949577389658,0.2994295673370108,0.2754368482435349,0.0299467221826736,0.058381742228894,10_sp_aij_17,2905119,0.1,10,1988,38,40,even
421,16.060606060606062,0.0347763224044269,0.1021145740802859,0.0223585625447064,0.019724483429278,0.1004120307749658,0.0969177092918681,0.2988863489886352,0.3200665852810753,0.0385924390762125,0.0696802307950897,10_sp_aij_17,2905119,0.1,10,1988,38,40,even
422,16.666666666666668,0.0263406305617285,0.1167016337747226,0.0182835622740033,0.0167883507702046,0.0863494953425776,0.0844092042273645,0.3320671400430975,0.3964743153164641,0.0364194520849311,0.0718102828899509,10_sp_aij_17,2905119,0.1,10,1988,38,40,even
423,17.575757575757578,0.026316197526158,0.1037793722619382,0.0160199895875908,0.0141643182054874,0.1162404323316033,0.0693996830599358,0.3289213090608292,0.3344751532105187,0.0284236114679694,0.0711356560824267,10_sp_aij_17,2905119,0.1,10,1988,38,40,even
424,18.181818181818183,0.0267682754367285,0.107609508791905,0.014945438492916,0.0137515815182945,0.0835906869589287,0.0728948146631439,0.3149260745461213,0.3268720956355818,0.0291451796378319,0.061857918229659,10_sp_aij_17,2905119,0.1,10,1988,38,40,even
425,19.09090909090909,0.0211556706598249,0.0922490347283966,0.0125384367418399,0.010827948280762,0.0736077470695054,0.0815625161194983,0.3360796348029983,0.3502501814830135,0.0290965530908367,0.0599375454464775,10_sp_aij_17,2905119,0.1,10,1988,38,40,even
426,20.0,0.0263579942286453,0.0872956675304418,0.0089968178998562,0.0072468010371084,0.0798764502068516,0.0753343577981754,0.3314056725363379,0.3912863682831338,0.0254434481415212,0.0564748668144136,10_sp_aij_17,2905119,0.1,10,1988,38,40,even
427,20.60606060606061,0.0345210308782026,0.0761768101380504,0.0093405274335327,0.0055845328963239,0.1046107211713845,0.0843349962823947,0.2835039417798925,0.3329532307610128,0.0186877335616715,0.0480592866550733,10_sp_aij_17,2905119,0.1,10,1988,38,40,even
428,21.51515151515152,0.0341888667347332,0.1034991769929193,0.0103133577284936,0.0038585482407186,0.1300127406607754,0.0922574693465629,0.2814101068759422,0.2472312120927642,0.0149315185489673,0.0545771044684905,10_sp_aij_17,2905119,0.1,10,1988,38,40,even
429,22.12121212121212,0.0351880361317523,0.1036146217250952,0.0103244831980887,0.0050512692543641,0.1185962812633036,0.0908286964515075,0.2817121592034174,0.2416666679205652,0.0116406642600156,0.0440134496386721,10_sp_aij_17,2905119,0.1,10,1988,38,40,even
430,23.03030303030303,0.0286211089150365,0.1122814986145249,0.0102383562120472,0.0051480311392009,0.1683094333187364,0.0777639732716946,0.2427652060082319,0.2147865926925408,0.0104665370909654,0.046017049340498,10_sp_aij_17,2905119,0.1,10,1988,38,40,even
431,23.63636363636364,0.0239050428398852,0.1114167754680783,0.0107127150974646,0.005893381693942,0.1653342181107667,0.0872669506230689,0.1792611172149338,0.2921883666175692,0.0104805960488598,0.0400438889934577,10_sp_aij_17,2905119,0.1,10,1988,38,40,even
432,24.545454545454547,0.0206224924967196,0.1027607376125785,0.0136930930584986,0.0046897349628995,0.1306833941533328,0.0992554926936577,0.1919691181156095,0.2853033653233813,0.0102241250187003,0.0407258738078088,10_sp_aij_17,2905119,0.1,10,1988,38,40,even
433,25.151515151515152,0.0202144457314684,0.0946825429009368,0.0155757684545076,0.0046004723621976,0.2003333802881567,0.0844544574453285,0.2447657590666945,0.2680695210471112,0.0087760567000427,0.0390487635838134,10_sp_aij_17,2905119,0.1,10,1988,38,40,even
434,26.060606060606062,0.0172278536063886,0.0967176398522409,0.0181506066696526,0.0050834735068669,0.2167555073469394,0.1034802425474077,0.2349996953710375,0.2489689750191535,0.0090488526701396,0.0337045578711781,10_sp_aij_17,2905119,0.1,10,1988,38,40,even
435,26.666666666666668,0.0222255982997194,0.0980732341104535,0.0245198083632056,0.0047484922704556,0.2100198493971203,0.1134514481454325,0.1923290202194247,0.2560069286369438,0.0094763532606607,0.0412911096721452,10_sp_aij_17,2905119,0.1,10,1988,38,40,even
436,27.575757575757574,0.0166308959868212,0.1251257493897816,0.0344607575521772,0.0057595372361912,0.171736789888962,0.1274045915753167,0.2118521908433304,0.2346921455621088,0.008942687394751,0.0345665007038344,10_sp_aij_17,2905119,0.1,10,1988,38,40,even
437,28.181818181818183,0.0182294146632188,0.1107344733766362,0.0328732861482646,0.0062541950823433,0.1775290602211523,0.1329081570895861,0.2605163416245993,0.200205329638191,0.0097235689236502,0.0422643995896138,10_sp_aij_17,2905119,0.1,10,1988,38,40,even
438,29.090909090909093,0.0188396069008446,0.1214503535565023,0.0343566053636926,0.0086178865682907,0.173864325905569,0.1291579876804909,0.3002487311929235,0.2437808666587747,0.0116296671225439,0.0560731614163823,10_sp_aij_17,2905119,0.1,10,1988,38,40,even
439,30.0,0.0211748508133705,0.1230677433512595,0.0409738991524054,0.0103193441718296,0.1982553051001528,0.105865675492845,0.1868374618488728,0.286888350506577,0.0128287080147814,0.0744459186744966,10_sp_aij_17,2905119,0.1,10,1988,38,40,even
440,0.0,0.04,0.03,0.05,0.08,0.06,0.05,0.03,0.07,0.09,0.09,10_sp_aij_17,3049039,0.1,10,1988,38,40,even
441,0.6060606060606061,0.04775108512097,0.0394701276777172,0.0444886301969482,0.0721932001707826,0.0659168658457176,0.0661211551895014,0.0500868137535271,0.0842222242350554,0.0736254583616894,0.0856987283821156,10_sp_aij_17,3049039,0.1,10,1988,38,40,even
442,1.5151515151515151,0.0577327308302633,0.0610158618882119,0.0389421502627462,0.1004619548366758,0.0893911730502647,0.0597542337921669,0.0660779024288608,0.0966902605825407,0.0526344728098027,0.1023488124587762,10_sp_aij_17,3049039,0.1,10,1988,38,40,even
443,2.121212121212121,0.0664074164930841,0.0638836480514002,0.0363341471144706,0.0869054367357475,0.0995437924352119,0.0643702863643579,0.0870438744130669,0.1078523964834251,0.0582912524093184,0.1224786391007365,10_sp_aij_17,3049039,0.1,10,1988,38,40,even
444,3.0303030303030303,0.0759882914758115,0.0885141058496751,0.0386199782751474,0.0762682354476634,0.1145649534452911,0.0794698358162002,0.1044181349260887,0.1136651251001521,0.0692001618592103,0.1094714330184548,10_sp_aij_17,3049039,0.1,10,1988,38,40,even
445,3.6363636363636367,0.0792455268735726,0.1033589971007335,0.0360781588872958,0.0887708510697098,0.0881761544860779,0.063300569914978,0.1581327540935533,0.136988812175395,0.0836679953088793,0.114368688897373,10_sp_aij_17,3049039,0.1,10,1988,38,40,even
446,4.545454545454546,0.0783061388418048,0.0984057574675294,0.0436253129953682,0.0812674945080535,0.1000750261101557,0.0552282377169573,0.1146889798482312,0.1528037769540408,0.0685652223705048,0.1057250834693873,10_sp_aij_17,3049039,0.1,10,1988,38,40,even
447,5.151515151515151,0.085988384058008,0.0824145840497797,0.0460081908725267,0.0850259318868241,0.113425587273584,0.0463997281413988,0.1051637717712356,0.171564473766565,0.0861816455204188,0.0881093294175879,10_sp_aij_17,3049039,0.1,10,1988,38,40,even
448,6.0606060606060606,0.0888948290716989,0.1306651419782959,0.0450310409744592,0.0685743237323144,0.1341051928676182,0.0507435453007176,0.1580248350974153,0.1543751553672071,0.0804578248572409,0.0870897810749537,10_sp_aij_17,3049039,0.1,10,1988,38,40,even
449,6.666666666666667,0.0757001906228192,0.1663591261607093,0.0497573720462006,0.0596901214038887,0.1384656814040543,0.0509368627105343,0.1696892509194883,0.1632647235972643,0.0666668203468435,0.0729928771027235,10_sp_aij_17,3049039,0.1,10,1988,38,40,even
450,7.575757575757576,0.0805434364332963,0.1780342641141433,0.0493354983981033,0.0618800943276475,0.1437959108313491,0.0394623065825247,0.2568745459724839,0.2018660709120309,0.058305026389704,0.0609394360303021,10_sp_aij_17,3049039,0.1,10,1988,38,40,even
451,8.181818181818182,0.080915535664049,0.1903733570620982,0.0471940915266297,0.0734366101139749,0.1442792937501727,0.0470688163230968,0.2419018758679985,0.2264090203091293,0.0615634086063084,0.0554023166556323,10_sp_aij_17,3049039,0.1,10,1988,38,40,even
452,9.090909090909092,0.0711148412167993,0.1450975100101538,0.0411438102744783,0.0728834045329421,0.1558530586935439,0.0395317724998716,0.2196836114862481,0.2005182637515599,0.0617165250332316,0.0796991772908784,10_sp_aij_17,3049039,0.1,10,1988,38,40,even
453,10.0,0.0536808567447208,0.1331253765075798,0.0432772681840621,0.0801130684408689,0.1391100312987533,0.0332570789083988,0.3098851223263607,0.249334865568955,0.0718298235152531,0.0632854743127301,10_sp_aij_17,3049039,0.1,10,1988,38,40,even
454,10.606060606060606,0.0382990450183298,0.1474461839840951,0.0451599244068082,0.0724683830883657,0.1389097747959696,0.0326005427835719,0.2966044714899128,0.31045828087768,0.0566866598622453,0.0811491236022024,10_sp_aij_17,3049039,0.1,10,1988,38,40,even
455,11.515151515151516,0.0311193245365205,0.1423044448549652,0.0421534269605032,0.0555330521619535,0.1490582750014396,0.0309340565729943,0.3424317692251897,0.335522817562347,0.0690576579411864,0.061348457350813,10_sp_aij_17,3049039,0.1,10,1988,38,40,even
456,12.12121212121212,0.0309726651649198,0.1036740918575173,0.0500673249267536,0.0442314209199123,0.126092276899544,0.0322521729836403,0.3563906574586353,0.3726733200389742,0.0547880989240306,0.068576944318163,10_sp_aij_17,3049039,0.1,10,1988,38,40,even
457,13.030303030303031,0.036152007727641,0.1011276082522369,0.0411131346931096,0.03910302701289,0.1250124739628345,0.032928232325637,0.3214917537529867,0.319508312533099,0.0438198394363141,0.048960103284445,10_sp_aij_17,3049039,0.1,10,1988,38,40,even
458,13.636363636363637,0.0428068128139618,0.0932079305347011,0.0461446762195935,0.0261266502653534,0.1550437175836444,0.0327192772646295,0.3634099018448525,0.2728531554265734,0.0366062969461772,0.0462457881805035,10_sp_aij_17,3049039,0.1,10,1988,38,40,even
459,14.545454545454549,0.0364185912801477,0.1099861096585071,0.0337289584298521,0.0171322168184374,0.1375489441233211,0.0479294073781522,0.2386730454459793,0.2615662662378922,0.0264131098665202,0.0504311161008835,10_sp_aij_17,3049039,0.1,10,1988,38,40,even
460,15.151515151515152,0.0388222620540762,0.1059080726085471,0.0392648417673294,0.0178347537389957,0.1535454139875212,0.0460435361125276,0.249892966099607,0.3511880966404139,0.0308765814115196,0.0548792505036507,10_sp_aij_17,3049039,0.1,10,1988,38,40,even
461,16.060606060606062,0.0348384500131581,0.134661020249254,0.0469364142395294,0.0114544607298804,0.1360439749410773,0.0640930013586415,0.2599618709764955,0.2330315111842778,0.0294208042917652,0.0470458740488101,10_sp_aij_17,3049039,0.1,10,1988,38,40,even
462,16.666666666666668,0.0476256414580914,0.1365240947667336,0.0431722489390423,0.0105256638066501,0.1202691157450836,0.0725129979336395,0.2540667792414162,0.224167871100896,0.0269586097892807,0.0527419577973055,10_sp_aij_17,3049039,0.1,10,1988,38,40,even
463,17.575757575757578,0.0543699460912903,0.125861728255514,0.0497756237489116,0.008688561127558,0.1281754021783002,0.0575356294925037,0.1965019386136713,0.3209384354980178,0.0221347144014921,0.0616662677430035,10_sp_aij_17,3049039,0.1,10,1988,38,40,even
464,18.181818181818183,0.0363371216117998,0.1121525938719885,0.0546470300495854,0.0078649403642598,0.112681057255966,0.0644728636970027,0.2140433538943608,0.2430824489384961,0.0257338178876612,0.0760296940660661,10_sp_aij_17,3049039,0.1,10,1988,38,40,even
465,19.09090909090909,0.0405499203163645,0.1397913263109162,0.0520069807687985,0.0101772543809832,0.1268565031646694,0.0887662458127431,0.2287982841917641,0.1754346565043124,0.0255501312076487,0.1012415478940509,10_sp_aij_17,3049039,0.1,10,1988,38,40,even
466,20.0,0.0450647723631503,0.1164196366952591,0.0599027469333721,0.0102856132279087,0.1042018044687385,0.1111375285390701,0.1878588278052128,0.1666238116078035,0.0222348780706728,0.0679321091689998,10_sp_aij_17,3049039,0.1,10,1988,38,40,even
467,20.60606060606061,0.042802389640488,0.1326062426111499,0.0499667616926491,0.0118117265294654,0.1343241593540856,0.1464568642002925,0.1986325072603479,0.1795894702819135,0.020624445701181,0.0724685883450349,10_sp_aij_17,3049039,0.1,10,1988,38,40,even
468,21.51515151515152,0.0482943919137818,0.1399900156751524,0.0474304265530832,0.0177169841081127,0.1412415911066684,0.1226358012815078,0.2163188459925636,0.2170057431196894,0.0186303921770961,0.073051086693088,10_sp_aij_17,3049039,0.1,10,1988,38,40,even
469,22.12121212121212,0.054238900559199,0.120709375374443,0.0480694483730321,0.0225998232471887,0.1443580035347692,0.1043019760670746,0.2259114578138518,0.2157703539136822,0.0173892953752537,0.0934233455172279,10_sp_aij_17,3049039,0.1,10,1988,38,40,even
470,23.03030303030303,0.0479730086342239,0.1451990004012772,0.0432148265891597,0.0284389471800241,0.1365172240619943,0.1057546903674066,0.2617892130441157,0.2111957752884345,0.0179890432283701,0.0620106064197165,10_sp_aij_17,3049039,0.1,10,1988,38,40,even
471,23.63636363636364,0.0541487968884654,0.1342875869610181,0.0323273518522407,0.0375580161238503,0.1346102916972052,0.090822200132988,0.2558231239409973,0.1872859029529371,0.0209956517394942,0.0731888698552239,10_sp_aij_17,3049039,0.1,10,1988,38,40,even
472,24.545454545454547,0.067008053391,0.115603701699685,0.0423179874590954,0.0310958824775915,0.1380730159716738,0.0997929658297539,0.216577469194466,0.1878440170454397,0.0132558274311078,0.0659168296557653,10_sp_aij_17,3049039,0.1,10,1988,38,40,even
473,25.151515151515152,0.0698351564135512,0.1214895859846509,0.038041916331746,0.0310176829666866,0.1439647341465892,0.0952073546895904,0.2710142425792887,0.1872077403001718,0.0180792136759229,0.0661044937303541,10_sp_aij_17,3049039,0.1,10,1988,38,40,even
474,26.060606060606062,0.0687207089097585,0.1239699386572505,0.0473339500620918,0.0346745832046128,0.1399297465349679,0.1070969664041712,0.3517989584489852,0.2373464843063388,0.016063658284253,0.0512971923228341,10_sp_aij_17,3049039,0.1,10,1988,38,40,even
475,26.666666666666668,0.0786701773323587,0.1233992852442115,0.0581636901388046,0.0275439761308528,0.1290782318802855,0.110639769118515,0.3323431184460166,0.2513152093817862,0.0166088686896682,0.0443435336830339,10_sp_aij_17,3049039,0.1,10,1988,38,40,even
476,27.575757575757574,0.0962736949807641,0.1244793661227088,0.0569566117892404,0.0287168686606542,0.1327207499062258,0.0922250770787792,0.2679726767690742,0.219012889628698,0.0164226403983404,0.0380812101653457,10_sp_aij_17,3049039,0.1,10,1988,38,40,even
477,28.181818181818183,0.1013589033200707,0.1003003902306661,0.0441101599977631,0.0313312873016909,0.115495063019813,0.0884207730330079,0.2776754442775705,0.1793530992514488,0.0186743011104678,0.0399078412616858,10_sp_aij_17,3049039,0.1,10,1988,38,40,even
478,29.090909090909093,0.1191983212339743,0.1059970343384962,0.0479015055585198,0.0323673285522733,0.1157732467230465,0.0632980516613821,0.2715852638578188,0.2019178319327612,0.018671434623844,0.0442657845441849,10_sp_aij_17,3049039,0.1,10,1988,38,40,even
479,30.0,0.0803863307716974,0.1067084310637458,0.0493978266000102,0.0236707085979606,0.133730320901624,0.0492678898953947,0.3119554292948809,0.2466891532402166,0.0191285225873816,0.0353021351207928,10_sp_aij_17,3049039,0.1,10,1988,38,40,even
480,0.0,0.05,0.08,0.08,0.06,0.09,0.03,0.02,0.07,0.02,0.07,10_sp_aij_17,3346496,0.1,10,1988,38,40,even
481,0.6060606060606061,0.0485557700426199,0.1046053921175509,0.0804240741674562,0.0506590406937039,0.1227050640559427,0.0396237927210007,0.0286740178797771,0.0740041496276003,0.020194647723121,0.0892725185440986,10_sp_aij_17,3346496,0.1,10,1988,38,40,even
482,1.5151515151515151,0.0366280828229578,0.0630139498829639,0.1036824418820943,0.0556617757034788,0.1181476007850012,0.0504430051985038,0.0445649337651017,0.0674967470108597,0.0261761116505151,0.0890660690432904,10_sp_aij_17,3346496,0.1,10,1988,38,40,even
483,2.121212121212121,0.0381646121446985,0.0649190352199914,0.0997608592066271,0.0498401312580501,0.1284615183383821,0.0520854135464505,0.0531923652533934,0.0956694247037384,0.0287529681550335,0.1047299067791691,10_sp_aij_17,3346496,0.1,10,1988,38,40,even
484,3.0303030303030303,0.035355305941195,0.0713014984799895,0.1414986437050863,0.0472935048205414,0.1543425606045741,0.0599794167105292,0.0889992171150412,0.0988911806362695,0.0313728440081055,0.121722314854614,10_sp_aij_17,3346496,0.1,10,1988,38,40,even
485,3.6363636363636367,0.0354168891244543,0.089413491145897,0.1222743452069789,0.0567168327523466,0.1883056418334541,0.0676463106309845,0.1122230289183275,0.0907724219496203,0.0398213086684379,0.1191236701462638,10_sp_aij_17,3346496,0.1,10,1988,38,40,even
486,4.545454545454546,0.0371013677070291,0.1040225686074407,0.1705654057308474,0.05438128710557,0.1420475383863873,0.0794219436967619,0.1630478404159949,0.1012306167396272,0.0481509201856884,0.1331580332798963,10_sp_aij_17,3346496,0.1,10,1988,38,40,even
487,5.151515151515151,0.0449797430951659,0.1318189847667255,0.1284578390627652,0.0583534798212169,0.117497974104819,0.0548664546295669,0.2020678842748325,0.1208966984920739,0.0541210093943421,0.1321059448262856,10_sp_aij_17,3346496,0.1,10,1988,38,40,even
488,6.0606060606060606,0.048152092027845,0.1186579073709737,0.1102955324993167,0.0489735081075495,0.1065479456130351,0.0742942346673937,0.1978726465457473,0.1405635833574313,0.0615066968022414,0.1489622364024173,10_sp_aij_17,3346496,0.1,10,1988,38,40,even
489,6.666666666666667,0.0490035847361164,0.1145819391550912,0.0878723242916305,0.0527138815103898,0.1073488710288536,0.0715004310150669,0.1895608734208528,0.1643767597313192,0.0591118328310448,0.1565070254372439,10_sp_aij_17,3346496,0.1,10,1988,38,40,even
490,7.575757575757576,0.0639679373784739,0.1626425034023803,0.0876504689150412,0.0693451571038587,0.1042851245013173,0.0708158818834536,0.1898542714532704,0.1639690930002197,0.0576524473673921,0.1374646398256936,10_sp_aij_17,3346496,0.1,10,1988,38,40,even
491,8.181818181818182,0.0612344127131031,0.163757877623199,0.0871220984525912,0.0768082979002425,0.1121034691757428,0.064014313449599,0.2228487076137663,0.161184431862559,0.069510401635089,0.1415569164770601,10_sp_aij_17,3346496,0.1,10,1988,38,40,even
492,9.090909090909092,0.0540632415342725,0.1165773156920084,0.0775006236380719,0.0677240783522095,0.1128076304748718,0.0898987554811724,0.2107370157868928,0.1702129291507989,0.0910712853327182,0.1231041426420063,10_sp_aij_17,3346496,0.1,10,1988,38,40,even
493,10.0,0.0499486588339846,0.1247255746882814,0.0613217920861472,0.0925476517605328,0.1009224895929923,0.0930014751890323,0.2512565254944978,0.223870324480974,0.0897104191377831,0.1066070237802501,10_sp_aij_17,3346496,0.1,10,1988,38,40,even
494,10.606060606060606,0.0617591498100874,0.1217437775642685,0.0499892301780131,0.0935738616520723,0.0765909603719165,0.0754165755134298,0.1804606265597469,0.1843422856997025,0.0794318095976852,0.0998208150996902,10_sp_aij_17,3346496,0.1,10,1988,38,40,even
495,11.515151515151516,0.068302588287712,0.1344785033578666,0.0375669861064149,0.0571499343313628,0.0732552968275584,0.0704340747970855,0.1887491464344614,0.1613653142478613,0.0791269316617305,0.0766316111345262,10_sp_aij_17,3346496,0.1,10,1988,38,40,even
496,12.12121212121212,0.0738788241148713,0.1698122036752841,0.0342464729427429,0.0446066175995804,0.0883753765003606,0.0674667012687713,0.1604807235793509,0.1792498152059126,0.0654369319376362,0.075686540466092,10_sp_aij_17,3346496,0.1,10,1988,38,40,even
497,13.030303030303031,0.0751386632721896,0.1531247725507691,0.0358969545058669,0.0414519545742595,0.0739881667005665,0.0645481340020345,0.1836421533895207,0.2407129646379258,0.0717861128402014,0.0539956804967094,10_sp_aij_17,3346496,0.1,10,1988,38,40,even
498,13.636363636363637,0.0978594292957962,0.1357978173767869,0.0341784457292234,0.03724305692031,0.1101727305041962,0.0675115056559889,0.2341106062948735,0.2289644216219719,0.0522205557707076,0.050675664992592,10_sp_aij_17,3346496,0.1,10,1988,38,40,even
499,14.545454545454549,0.0749110374053623,0.1365156138918805,0.0394271783908468,0.0368198821049111,0.1351259102318068,0.0568179929162637,0.1939432283037694,0.1850393908806155,0.0450877081318316,0.0556195614295509,10_sp_aij_17,3346496,0.1,10,1988,38,40,even
500,15.151515151515152,0.0841704865900459,0.1575515420380546,0.0416712822116618,0.0356081456643861,0.1348063270559577,0.0676201265762376,0.1855280994126555,0.2787889702564904,0.03900130231514,0.0542215227959559,10_sp_aij_17,3346496,0.1,10,1988,38,40,even
501,16.060606060606062,0.0661425368572961,0.1422522797537878,0.040309065719465,0.0325998871581798,0.1265641462647177,0.0691015451514049,0.2377567872596545,0.2148725414526429,0.0341226654261146,0.0555558245465913,10_sp_aij_17,3346496,0.1,10,1988,38,40,even
502,16.666666666666668,0.0692225948414694,0.1184214169808071,0.0422362769828652,0.0310054929524236,0.1052953048908422,0.0795024985152783,0.2436490611747475,0.1845588688626596,0.0379509110048215,0.0609567143839041,10_sp_aij_17,3346496,0.1,10,1988,38,40,even
503,17.575757575757578,0.0549471215932569,0.1162195132028462,0.0538808909976039,0.0294365738911024,0.0922017142750996,0.0705963776110193,0.2099058400754569,0.1788503130289265,0.0387740879397062,0.0678011856231603,10_sp_aij_17,3346496,0.1,10,1988,38,40,even
504,18.181818181818183,0.0666049018714534,0.1050349130112974,0.0410175458293868,0.033530699234701,0.1057888314011706,0.0743552110157552,0.1657010072715165,0.1847331263380986,0.0419899909167841,0.0867052443514145,10_sp_aij_17,3346496,0.1,10,1988,38,40,even
505,19.09090909090909,0.036359760938834,0.1238616242659685,0.0430680322014145,0.0437821961740679,0.1254549097136303,0.0652140676713268,0.2232710251271979,0.2072874124786826,0.0388835453610635,0.0718119944119969,10_sp_aij_17,3346496,0.1,10,1988,38,40,even
506,20.0,0.0469571284803237,0.1267359732799323,0.0411734771401231,0.0352505210950483,0.1450526866070597,0.060815621352053,0.2588203070033414,0.2571024269658518,0.0440477008695406,0.0525948722332638,10_sp_aij_17,3346496,0.1,10,1988,38,40,even
507,20.60606060606061,0.0393896456328009,0.1335044730448968,0.0385053951765373,0.0358738510682907,0.1429175523490492,0.0713773089108106,0.3038165302379684,0.227354037032446,0.036985832957331,0.0451799580663517,10_sp_aij_17,3346496,0.1,10,1988,38,40,even
508,21.51515151515152,0.0450712164233897,0.1335321196026999,0.0465489851377889,0.031082330036158,0.1183263582477942,0.0767486204071859,0.2394218678368481,0.2362834510344666,0.0376237846623018,0.0561681229091711,10_sp_aij_17,3346496,0.1,10,1988,38,40,even
509,22.12121212121212,0.042676364012281,0.1495994154035223,0.0412864119721089,0.0344720118109201,0.1242087545694481,0.079450786094196,0.227258501241207,0.2597641905009983,0.0381466183222104,0.0641065838272089,10_sp_aij_17,3346496,0.1,10,1988,38,40,even
510,23.03030303030303,0.0389402339451995,0.1583289683995317,0.0415417204507776,0.0412201860308691,0.1244557767257477,0.0895776875215401,0.2615703859454983,0.2211348775096948,0.033151009532214,0.0565123001531912,10_sp_aij_17,3346496,0.1,10,1988,38,40,even
511,23.63636363636364,0.035380636797626,0.1486197775872418,0.0423472096558899,0.0291379580350274,0.1216765110858605,0.1051180678694408,0.2732426573298289,0.2291871801491094,0.0350212418537941,0.0636634431223337,10_sp_aij_17,3346496,0.1,10,1988,38,40,even
512,24.545454545454547,0.0313898699141819,0.1441111513103664,0.0304489190199852,0.0283565355652458,0.1020895479205022,0.0749801193100479,0.2488664234918435,0.24504543981421,0.036662765671554,0.0579777159385107,10_sp_aij_17,3346496,0.1,10,1988,38,40,even
513,25.151515151515152,0.034205076555712,0.1478704653780134,0.0337981092297041,0.0262319161128374,0.1258582290314572,0.0969713206754512,0.200835489377151,0.2109100093432588,0.0372583094916625,0.0699274721409887,10_sp_aij_17,3346496,0.1,10,1988,38,40,even
514,26.060606060606062,0.0379780477622646,0.1510961208170062,0.0313550373186391,0.0296429028330364,0.1375207978364402,0.0785417076646828,0.2214707593805417,0.2107270987431174,0.0433832173100868,0.0719161725321728,10_sp_aij_17,3346496,0.1,10,1988,38,40,even
515,26.666666666666668,0.0334713174687338,0.1618770472833708,0.0373723108568333,0.0315706816251316,0.1483511741838244,0.0933158095009633,0.2777431057153789,0.2182281609371266,0.048966990400162,0.0654613007245007,10_sp_aij_17,3346496,0.1,10,1988,38,40,even
516,27.575757575757574,0.0286933192375271,0.1707738658500794,0.0373857099364529,0.0364199736314196,0.1919568133096535,0.0726314658121508,0.237238988372137,0.2113225204702558,0.0431812343018692,0.0787846477671503,10_sp_aij_17,3346496,0.1,10,1988,38,40,even
517,28.181818181818183,0.0201486027800829,0.1581535376374289,0.0417038211338762,0.0436258425216184,0.1558358137858432,0.0605095074042159,0.2757213859140161,0.2007540337252971,0.048061252630877,0.0991043001695683,10_sp_aij_17,3346496,0.1,10,1988,38,40,even
518,29.090909090909093,0.020829796301136,0.1495540019995875,0.0390142090381436,0.0615005041426824,0.1587957478592537,0.0712588987987173,0.251173559290431,0.187773715003167,0.0474874956033147,0.0824532674762714,10_sp_aij_17,3346496,0.1,10,1988,38,40,even
519,30.0,0.0236769702851682,0.1256259738264686,0.0395671954749188,0.0635284528499968,0.1311102018556465,0.0660019614076258,0.273037129512707,0.2387348338147105,0.0473645187552798,0.0807037021454375,10_sp_aij_17,3346496,0.1,10,1988,38,40,even
520,0.0,0.04,0.06,0.03,0.03,0.08,0.08,0.01,0.01,0.09,0.03,10_sp_aij_17,4211685,0.1,10,1988,38,40,even
521,0.6060606060606061,0.0287938220134508,0.0754749058880726,0.0277905049514013,0.0382922933411881,0.092287150872905,0.0836122496115683,0.0136761956545885,0.0113511019331142,0.0980327610005903,0.0408285417183062,10_sp_aij_17,4211685,0.1,10,1988,38,40,even
522,1.5151515151515151,0.0291342961060326,0.1167754371484006,0.0245495249947181,0.0409133005973844,0.0746804732342514,0.0912096353383905,0.02609372536825,0.0149882522969158,0.0815459476265141,0.0453942665424772,10_sp_aij_17,4211685,0.1,10,1988,38,40,even
523,2.121212121212121,0.0410347669645166,0.1390454631890373,0.0230211740515951,0.0413821068095552,0.0799645437792455,0.0817216194053844,0.0347260617676802,0.0202456617180381,0.1007586016667574,0.0516815818653955,10_sp_aij_17,4211685,0.1,10,1988,38,40,even
524,3.0303030303030303,0.0391790731594356,0.1521086057142082,0.0159471911256051,0.0422243732360981,0.1177823941586705,0.0801093561038916,0.0436385107105426,0.0316021189441837,0.1048129251911293,0.0501598934497538,10_sp_aij_17,4211685,0.1,10,1988,38,40,even
525,3.6363636363636367,0.0394812728301413,0.140108682510733,0.0158643814327367,0.0483900842087133,0.116523169725952,0.087955642353138,0.0585963939777891,0.0406714257446578,0.1143459521992356,0.0565106767445169,10_sp_aij_17,4211685,0.1,10,1988,38,40,even
526,4.545454545454546,0.0551106923042259,0.1693661226965565,0.0185542320054087,0.064010735867364,0.1046684720162124,0.0827407289220387,0.0844480484296726,0.039695549117295,0.1195443501295942,0.0535420659335481,10_sp_aij_17,4211685,0.1,10,1988,38,40,even
527,5.151515151515151,0.059786498876354,0.1798536346337963,0.0188251119144545,0.0894653149119125,0.1328832140751668,0.0790958556422453,0.0900284376551021,0.0619701467020895,0.111393087698247,0.0421663745664303,10_sp_aij_17,4211685,0.1,10,1988,38,40,even
528,6.0606060606060606,0.0534478801459618,0.2114478801369,0.0129752618141964,0.1168950872925101,0.1358370442506968,0.0766507721616103,0.1150688165615974,0.118109432353544,0.1271142012234664,0.0367628154225818,10_sp_aij_17,4211685,0.1,10,1988,38,40,even
529,6.666666666666667,0.0496161547704117,0.1802677999581738,0.0118146927683352,0.1082597892777665,0.1439668169679421,0.0766835960445535,0.147985343641454,0.125838476278971,0.128975494703376,0.0359747575292308,10_sp_aij_17,4211685,0.1,10,1988,38,40,even
530,7.575757575757576,0.0467231377652696,0.1726375284867294,0.0103929217770832,0.0948968692747695,0.1500373166407041,0.0618083211347221,0.1595199887318615,0.1465937287620885,0.1355214647393165,0.035942364770726,10_sp_aij_17,4211685,0.1,10,1988,38,40,even
531,8.181818181818182,0.0482316705667489,0.1718618595414663,0.0104322900881564,0.0950657747547549,0.1394817829813621,0.0555095455795145,0.1348771812895427,0.1498067363641921,0.1309169714175079,0.0418301832115061,10_sp_aij_17,4211685,0.1,10,1988,38,40,even
532,9.090909090909092,0.043004342278025,0.1685473716145027,0.0086045834632659,0.0743974646451395,0.1355215616085427,0.0657120893957256,0.2104781078307457,0.1756360992623961,0.1290319419692973,0.0362365464359214,10_sp_aij_17,4211685,0.1,10,1988,38,40,even
533,10.0,0.0438201110541591,0.1849383837572757,0.0096579863883985,0.0661613114218452,0.1354330812642367,0.0525731607384314,0.2251905391955882,0.21328327599697,0.1289325576414249,0.0342317473652436,10_sp_aij_17,4211685,0.1,10,1988,38,40,even
534,10.606060606060606,0.0442736864320442,0.1486615537774159,0.0091750007116942,0.0704900230886427,0.1384052841964249,0.0497176362086866,0.189309005676306,0.2394689679696647,0.0956915129363531,0.0399840394765409,10_sp_aij_17,4211685,0.1,10,1988,38,40,even
535,11.515151515151516,0.0433892467885226,0.137923745623081,0.009713882844471,0.0703326212399983,0.1359560956296195,0.0495297475756038,0.1886888087557986,0.2364438537765812,0.1007923853249282,0.04578048730484,10_sp_aij_17,4211685,0.1,10,1988,38,40,even
536,12.12121212121212,0.0397748003929995,0.1538426400932257,0.0117049580256582,0.0624764901312864,0.1431128496996148,0.0447767707243666,0.1705250458394082,0.2111151000560791,0.0859844102167422,0.0619288905838183,10_sp_aij_17,4211685,0.1,10,1988,38,40,even
537,13.030303030303031,0.0452177498547931,0.1228389202293199,0.0107642029700947,0.0595838170746869,0.1821179159793542,0.0501100580310053,0.1713833290059079,0.1966926702002157,0.0675973065867934,0.072494660281669,10_sp_aij_17,4211685,0.1,10,1988,38,40,even
538,13.636363636363637,0.0426449649022503,0.1127127844258799,0.0132559686597705,0.0621986693921556,0.1430601258264571,0.0504927442115624,0.1732380948456537,0.2241007827584432,0.0608973146992195,0.0777959045138248,10_sp_aij_17,4211685,0.1,10,1988,38,40,even
539,14.545454545454549,0.0342755767897838,0.1227273862970145,0.0174588660986078,0.0573813970070118,0.1586216908295132,0.0589336383881585,0.1910500784982143,0.1487868656155339,0.0653940249156878,0.075245800527835,10_sp_aij_17,4211685,0.1,10,1988,38,40,even
540,15.151515151515152,0.0330430468352595,0.1055134532020403,0.0203205472429771,0.0615024335043311,0.1804181728787779,0.057930609499654,0.2110110832817107,0.165995099709902,0.0656705194604595,0.0764529981353791,10_sp_aij_17,4211685,0.1,10,1988,38,40,even
541,16.060606060606062,0.0407574537683377,0.1098476307309481,0.0207034369826676,0.0677225794948458,0.1949207037534008,0.0643457079285088,0.2474277929672602,0.2248707652094158,0.0715332632707664,0.0747805212803117,10_sp_aij_17,4211685,0.1,10,1988,38,40,even
542,16.666666666666668,0.0382409105351903,0.1133138723127344,0.0280077845270817,0.0561498933017814,0.1321308253747619,0.052688938123813,0.2313358025430262,0.2835424906421624,0.0688368401490235,0.0732765268950472,10_sp_aij_17,4211685,0.1,10,1988,38,40,even
543,17.575757575757578,0.0344194369366764,0.0860802521617561,0.0445784054959677,0.0409708123750228,0.1306113929589734,0.0632882703320056,0.2865832653971051,0.2801953048981559,0.0432401197137138,0.0782385071556285,10_sp_aij_17,4211685,0.1,10,1988,38,40,even
544,18.181818181818183,0.0460630733695755,0.0809113300217835,0.0485601767522399,0.0378723003926813,0.1430090741961935,0.0619604926339036,0.288033733552155,0.2976846770675639,0.0446257861916635,0.0860209973682208,10_sp_aij_17,4211685,0.1,10,1988,38,40,even
545,19.09090909090909,0.0451695566344761,0.0875454617865877,0.0471048771144503,0.0288755664982834,0.126574282505902,0.0457943641353814,0.3091152345816951,0.2985247295142271,0.0464393508945917,0.0867614331443024,10_sp_aij_17,4211685,0.1,10,1988,38,40,even
546,20.0,0.049918307074129,0.0923427310781023,0.0531704582165072,0.0209635949793052,0.131860987899069,0.0490923625876143,0.2603731552973335,0.2372580536323855,0.0442576580342577,0.0592397342379122,10_sp_aij_17,4211685,0.1,10,1988,38,40,even
547,20.60606060606061,0.0437252242491544,0.1068294448126256,0.0469766741376281,0.0165482795537502,0.1175736558565686,0.0473560859082396,0.2650948811023467,0.2487429740221209,0.0341109134612215,0.0545532268589471,10_sp_aij_17,4211685,0.1,10,1988,38,40,even
548,21.51515151515152,0.0412754580318756,0.0937858107549422,0.0505377915759559,0.0130932202404559,0.1395296240720741,0.071244278629909,0.2904281135975395,0.3231446130835138,0.0276196877176713,0.0570330612421489,10_sp_aij_17,4211685,0.1,10,1988,38,40,even
549,22.12121212121212,0.0458166532201864,0.0771951342412766,0.0500569731076389,0.0131480277928925,0.1520295871869056,0.0724255799781413,0.2512086216776373,0.3243239149155869,0.026387373627143,0.0643488502534634,10_sp_aij_17,4211685,0.1,10,1988,38,40,even
550,23.03030303030303,0.0493252199591392,0.0821379345822834,0.041047696669635,0.0103929327538846,0.1277642698809266,0.0558193865588007,0.2193043432355106,0.2824239883811968,0.0196706908269045,0.0658202106512141,10_sp_aij_17,4211685,0.1,10,1988,38,40,even
551,23.63636363636364,0.0458727326297839,0.08548200087343,0.030761672396745,0.0134263341722619,0.1409824778543664,0.072016953850177,0.2243275764561135,0.2217488710965796,0.0219685019159592,0.0565027236012741,10_sp_aij_17,4211685,0.1,10,1988,38,40,even
552,24.545454545454547,0.0658606393979858,0.0811586136679046,0.0261244739618034,0.0142164365002704,0.1226971815761155,0.077200443000568,0.307383385947457,0.1824756591512116,0.0263049633653368,0.0392414212178933,10_sp_aij_17,4211685,0.1,10,1988,38,40,even
553,25.151515151515152,0.0676763070809003,0.0742808954861332,0.0265824384334029,0.0167590252640369,0.1197558508598578,0.0797896205027056,0.2556844683952572,0.2023673149582233,0.0256847590819194,0.0418781309369927,10_sp_aij_17,4211685,0.1,10,1988,38,40,even
554,26.060606060606062,0.0634314351928247,0.0827317239258936,0.0255739864929989,0.0135223799804813,0.1162626494314131,0.0832265325835878,0.2777670016890041,0.2004772065703116,0.0259498390379547,0.0557680043732492,10_sp_aij_17,4211685,0.1,10,1988,38,40,even
555,26.666666666666668,0.0519179123048225,0.1050336015310889,0.0292081255061564,0.0118851399999856,0.1101774812155076,0.1047845865165359,0.3285536772820118,0.252565899649547,0.0201730233336526,0.0576652100882272,10_sp_aij_17,4211685,0.1,10,1988,38,40,even
556,27.575757575757574,0.0521948108298375,0.1101664789988281,0.0242696969150573,0.0100464316557059,0.0956655169367848,0.095227971241082,0.3279148770273483,0.2478606634592826,0.0221738896579834,0.073704461766053,10_sp_aij_17,4211685,0.1,10,1988,38,40,even
557,28.181818181818183,0.0466477279855905,0.1220668493422222,0.0207892938076992,0.0109959854735274,0.1124886845954821,0.0988822342662493,0.2854216887442508,0.2744430103493055,0.0215560766874203,0.0694697394639643,10_sp_aij_17,4211685,0.1,10,1988,38,40,even
558,29.090909090909093,0.0368002390753396,0.110793063759494,0.0152809327895603,0.014463966381902,0.1022691668803705,0.1002682406058437,0.2134379807835728,0.2191633506532222,0.0179958220476468,0.0752239969490249,10_sp_aij_17,4211685,0.1,10,1988,38,40,even
559,30.0,0.0412992129359016,0.1310706546526395,0.0145684223129049,0.0182780109622954,0.0934291960727458,0.1106522369094191,0.2735506211180622,0.2451303447554025,0.0212075620516645,0.0641173782740571,10_sp_aij_17,4211685,0.1,10,1988,38,40,even
560,0.0,0.08,0.01,0.05,0.03,0.08,0.01,0.01,0.02,0.01,0.02,10_sp_aij_17,4240255,0.1,10,1988,38,40,even
561,0.6060606060606061,0.0845815720758065,0.0113650326290932,0.0549412909178161,0.0347346409407375,0.1039306245203675,0.0110814875594273,0.0121713361233323,0.0210421532451645,0.0103836313854265,0.0241565418142583,10_sp_aij_17,4240255,0.1,10,1988,38,40,even
562,1.5151515151515151,0.075213244722897,0.0160292196903404,0.0703293209607036,0.0255237086351582,0.118409619687231,0.0178488289796713,0.0219875988866377,0.0336549920173595,0.0135726301026642,0.0431231274918197,10_sp_aij_17,4240255,0.1,10,1988,38,40,even
563,2.121212121212121,0.0716723874178418,0.023390936042263,0.0968473659732599,0.0221810010727866,0.139494524847582,0.0271455143035255,0.0269405087465432,0.0416443978332569,0.0113959297604938,0.0665320283065374,10_sp_aij_17,4240255,0.1,10,1988,38,40,even
564,3.0303030303030303,0.0814026408494964,0.0313406386643161,0.100174888789102,0.0208341235459743,0.0998274052304283,0.03509672653192,0.0456524433838642,0.0476298182063657,0.0102849348514729,0.1014274606066546,10_sp_aij_17,4240255,0.1,10,1988,38,40,even
565,3.6363636363636367,0.0833339059319677,0.0377058944146483,0.0977717949851771,0.0220274054503842,0.110654363609006,0.030273851202959,0.062010467909862,0.0556248725685913,0.0120466901000402,0.129100828992791,10_sp_aij_17,4240255,0.1,10,1988,38,40,even
566,4.545454545454546,0.0746146519128302,0.0641647847410554,0.1178214348160853,0.0216064162764623,0.1384204097784291,0.0356611193369016,0.0941959849194191,0.0801914916279896,0.020555852797062,0.1130956000388229,10_sp_aij_17,4240255,0.1,10,1988,38,40,even
567,5.151515151515151,0.0722501888427867,0.0792571868558018,0.1511863443462578,0.0234360072338227,0.103096928863143,0.0396389413643162,0.0872617451673039,0.07760309119565,0.0206175735690095,0.1171605551038561,10_sp_aij_17,4240255,0.1,10,1988,38,40,even
568,6.0606060606060606,0.0721155802699598,0.108709209659006,0.1534958222033355,0.0325232620578672,0.1201702339913169,0.0497093738555514,0.1079175221179871,0.076071607830198,0.0280002708478989,0.1435881408139591,10_sp_aij_17,4240255,0.1,10,1988,38,40,even
569,6.666666666666667,0.0737659781186375,0.1377129707321013,0.1400529908575724,0.0384391805048578,0.1130112887595214,0.0671928906186668,0.1413023757740969,0.0628415057942029,0.0261226495858961,0.1448459778278879,10_sp_aij_17,4240255,0.1,10,1988,38,40,even
570,7.575757575757576,0.0719297301327242,0.1817587950120262,0.1194977735694305,0.0476692487858234,0.0970245490116476,0.0705295834582828,0.1409896775651201,0.0719974510611429,0.0301597499631494,0.1716426682549013,10_sp_aij_17,4240255,0.1,10,1988,38,40,even
571,8.181818181818182,0.0777466864832458,0.2022917600671372,0.1049855143097862,0.0556492378148142,0.0966055243805164,0.0646727800222905,0.1422832255110226,0.0745013870720532,0.0477965411981198,0.2149202870010255,10_sp_aij_17,4240255,0.1,10,1988,38,40,even
572,9.090909090909092,0.0628221159896304,0.1986379664152311,0.0893343877603664,0.0726151801596639,0.0942315186624091,0.0702962903362555,0.1859185733987203,0.1062926682694089,0.064585555589681,0.1855989504225976,10_sp_aij_17,4240255,0.1,10,1988,38,40,even
573,10.0,0.0568590270231103,0.1766816606394083,0.0689511893251476,0.0895271372556433,0.1028877564711559,0.0666545469681901,0.1947908436158434,0.1388416672126955,0.0671150876129771,0.139118353124991,10_sp_aij_17,4240255,0.1,10,1988,38,40,even
574,10.606060606060606,0.0580482228364433,0.1386794846322055,0.0691153442338598,0.1091971750259899,0.1118237582786956,0.0767130086979059,0.2160185158576594,0.1119712323406639,0.0599122555801709,0.1216232618482309,10_sp_aij_17,4240255,0.1,10,1988,38,40,even
575,11.515151515151516,0.0557802504640126,0.1123452169841271,0.0794522083954388,0.1064228488804626,0.1277295180026472,0.068390865792219,0.1842496672628491,0.1860615571549583,0.0764739408946443,0.0824715438176056,10_sp_aij_17,4240255,0.1,10,1988,38,40,even
576,12.12121212121212,0.0690072114037968,0.106068797214383,0.0944945759525123,0.1083674875498949,0.0899585596901752,0.0544202130064204,0.2070018786354177,0.2583360269633788,0.0740381499605842,0.0654179274140915,10_sp_aij_17,4240255,0.1,10,1988,38,40,even
577,13.030303030303031,0.0496147931896789,0.1083876743250201,0.0764518011344597,0.0702202825642473,0.0859770455981485,0.0412620155481444,0.2715279847694585,0.2876304468688521,0.0832973029125895,0.0719084571298604,10_sp_aij_17,4240255,0.1,10,1988,38,40,even
578,13.636363636363637,0.0436128813116951,0.1023849409213241,0.0590619970748992,0.0546681300588965,0.0816570930353766,0.0404911267862373,0.2814905652553219,0.3037980769336322,0.0896589725859034,0.0861556068946635,10_sp_aij_17,4240255,0.1,10,1988,38,40,even
579,14.545454545454549,0.0457796235498983,0.1377757978551588,0.0352725769144009,0.0385435983633342,0.092044991211712,0.045869094140998,0.3076575715569454,0.2694801450435487,0.0610090904837621,0.076450558477127,10_sp_aij_17,4240255,0.1,10,1988,38,40,even
580,15.151515151515152,0.0534258998864915,0.1236638377809296,0.0292273222792658,0.0256837742050923,0.0857542996163412,0.0433508703255777,0.3124409669804217,0.2321319394367356,0.0478661354428086,0.0869462093229934,10_sp_aij_17,4240255,0.1,10,1988,38,40,even
581,16.060606060606062,0.0866049027539716,0.1090816299788283,0.0323983452192773,0.0209590347226343,0.1001924751704333,0.0384457175377696,0.2276065460865266,0.2068005223892525,0.0593898155016112,0.0919058073444604,10_sp_aij_17,4240255,0.1,10,1988,38,40,even
582,16.666666666666668,0.0844886482254345,0.1133663993318055,0.027839860902163,0.0212727102455486,0.0860828918994905,0.0448329993491211,0.2062826825023871,0.241619963118601,0.0683672618632854,0.0838101834796387,10_sp_aij_17,4240255,0.1,10,1988,38,40,even
583,17.575757575757578,0.083488022190191,0.0877166843014273,0.0235564252092915,0.0199792622025613,0.0829688029188785,0.0425249905966599,0.2145048882037444,0.2289205581369698,0.0738260444026028,0.1047323747504288,10_sp_aij_17,4240255,0.1,10,1988,38,40,even
584,18.181818181818183,0.0702185154959761,0.0984060097412086,0.0236231682786238,0.0159438044543493,0.1028042070726016,0.0538622176400014,0.2348731721111376,0.2811995265080412,0.0594678059957859,0.1149735735711612,10_sp_aij_17,4240255,0.1,10,1988,38,40,even
585,19.09090909090909,0.0803975112079825,0.084911760179071,0.0209087742320924,0.0141610285984084,0.1090397887868089,0.0656195539788136,0.2460382850922099,0.2917812371556051,0.0411907801065558,0.0936709395668664,10_sp_aij_17,4240255,0.1,10,1988,38,40,even
586,20.0,0.0798094500298164,0.0924307627733534,0.0258194888112755,0.0115945501357059,0.1503345483811094,0.0710779411785852,0.1938405641829589,0.2241325030552179,0.0338020832131131,0.117602820709504,10_sp_aij_17,4240255,0.1,10,1988,38,40,even
587,20.60606060606061,0.0784375966640274,0.0905213659447063,0.0322082992132329,0.0121801611155349,0.1614757479693201,0.0734091694814676,0.1953172782737149,0.2379777797914287,0.0240680767986151,0.1260981802966672,10_sp_aij_17,4240255,0.1,10,1988,38,40,even
588,21.51515151515152,0.0595711922822001,0.0567528728054652,0.0335295967428221,0.0141229873066377,0.1896161702562613,0.0941189330273024,0.1992648755442527,0.1927057879997001,0.0240636883964398,0.1121278249880688,10_sp_aij_17,4240255,0.1,10,1988,38,40,even
589,22.12121212121212,0.0522716493291391,0.0677344048145134,0.0398659378641568,0.0151856177949496,0.1818014954002325,0.1146884249913516,0.1606979127130442,0.1628961625783281,0.0274843450901116,0.0947080263252845,10_sp_aij_17,4240255,0.1,10,1988,38,40,even
590,23.03030303030303,0.0491647842671327,0.0896005906987772,0.0593605295411699,0.0162314986050245,0.150483290478611,0.0982017400154436,0.1958173989772116,0.2025042202393638,0.0247820502130628,0.0801972528330525,10_sp_aij_17,4240255,0.1,10,1988,38,40,even
591,23.63636363636364,0.0392883628252767,0.094234824557393,0.0468969554178061,0.0172466949663598,0.153731303824515,0.0874785596139409,0.1817192962356517,0.1621189361381019,0.0297552317792234,0.0700732881583083,10_sp_aij_17,4240255,0.1,10,1988,38,40,even
592,24.545454545454547,0.0350043478194134,0.1164845561364257,0.0438010760858256,0.0214194359670948,0.1483023753945681,0.0756408053349044,0.1672556442404628,0.1864460032038946,0.0390889019665639,0.0835914975758125,10_sp_aij_17,4240255,0.1,10,1988,38,40,even
593,25.151515151515152,0.0404372085134499,0.1101951768293598,0.04770531548704,0.0239367601539614,0.1344955498959671,0.090634974118441,0.1971652994363876,0.1416237055846958,0.0362624525927603,0.0881262278584484,10_sp_aij_17,4240255,0.1,10,1988,38,40,even
594,26.060606060606062,0.0434804398261442,0.1106316271814377,0.0440631137180115,0.0235277283991688,0.1283354453884106,0.1145057911137483,0.1971778433337809,0.1459720161659594,0.0294352997461127,0.0856590150567896,10_sp_aij_17,4240255,0.1,10,1988,38,40,even
595,26.666666666666668,0.0405618413273854,0.1159459005029707,0.03895627335459,0.0246014804294954,0.1404383514487353,0.1096440971013413,0.2130559759006296,0.1448020423783809,0.0262312497675487,0.0774302935508898,10_sp_aij_17,4240255,0.1,10,1988,38,40,even
596,27.575757575757574,0.0553820096635287,0.1265655864413693,0.0346990351617935,0.0289008255003955,0.1186177343097666,0.1135969766059741,0.2223233098892343,0.1309882529548962,0.0393008707404987,0.0946113612437065,10_sp_aij_17,4240255,0.1,10,1988,38,40,even
597,28.181818181818183,0.0624326058961151,0.1433529585944264,0.0378967111573008,0.0307000637592267,0.1212629812658515,0.1155183118236563,0.2206073482668931,0.1425814890038874,0.0541924750947678,0.0813095313052459,10_sp_aij_17,4240255,0.1,10,1988,38,40,even
598,29.090909090909093,0.0495452831102147,0.1577768220301383,0.0275935157157598,0.0331593848839316,0.1244059718200672,0.0756874252398448,0.204579938023142,0.1673053404089549,0.0527418511406962,0.0943069423643186,10_sp_aij_17,4240255,0.1,10,1988,38,40,even
599,30.0,0.0468137169874114,0.1833331665777476,0.0266879748076378,0.0355528082079943,0.157617129416481,0.0768714018921246,0.1888288493633301,0.2203285599314636,0.0500446180228004,0.0958736798418885,10_sp_aij_17,4240255,0.1,10,1988,38,40,even
600,0.0,0.04,0.08,0.09,0.06,0.06,0.06,0.08,0.03,0.02,0.09,10_sp_aij_17,5140131,0.1,10,1988,38,40,even
601,0.6060606060606061,0.0392859622175041,0.098692714365928,0.091255502244073,0.0645538740099982,0.0656604630929783,0.0742990234044532,0.1066306860919192,0.039146934711633,0.0245915626592963,0.0861440784921087,10_sp_aij_17,5140131,0.1,10,1988,38,40,even
602,1.5151515151515151,0.0451927088029045,0.1202126703715728,0.1205149244438013,0.067017707856852,0.069439168169573,0.0820843533759024,0.1634092987857212,0.0582004399902099,0.0312713518029422,0.103641221023058,10_sp_aij_17,5140131,0.1,10,1988,38,40,even
603,2.121212121212121,0.0734939020819503,0.128561352517129,0.1134096294674629,0.0855012215292692,0.0532552640763674,0.067144300049716,0.2350965186301726,0.0590322359107834,0.0297315079132552,0.1079530446698812,10_sp_aij_17,5140131,0.1,10,1988,38,40,even
604,3.0303030303030303,0.1157422877408159,0.161483394384885,0.0925493980322232,0.1116591958485503,0.0593501489277447,0.067782165792126,0.1982629959638808,0.0973978640410321,0.0359367047174634,0.0774017382913561,10_sp_aij_17,5140131,0.1,10,1988,38,40,even
605,3.6363636363636367,0.1101945000452436,0.1689438506480556,0.0764321198954552,0.1061657540779911,0.0698484583856473,0.0478625763455137,0.2049687811228713,0.0995954947433549,0.0433774125157652,0.0775713722124621,10_sp_aij_17,5140131,0.1,10,1988,38,40,even
606,4.545454545454546,0.098258005418557,0.1348653315006997,0.062822385063401,0.089237157407085,0.090052344343472,0.0440633633641602,0.2499137283944468,0.1561739494868304,0.0568764569109727,0.0684396864154407,10_sp_aij_17,5140131,0.1,10,1988,38,40,even
607,5.151515151515151,0.0888217380602307,0.1126791567605395,0.0662707273815046,0.0835170208866616,0.1080820738013238,0.044900080637522,0.248635827893574,0.158924999550042,0.0539417833335806,0.0573905331300865,10_sp_aij_17,5140131,0.1,10,1988,38,40,even
608,6.0606060606060606,0.0705101162897228,0.1045987746234019,0.0733444245957036,0.0505289651712285,0.0818530210217658,0.0357520900435563,0.2922398546205725,0.1809155196549341,0.0509336209793401,0.0571380951480292,10_sp_aij_17,5140131,0.1,10,1988,38,40,even
609,6.666666666666667,0.0937321795661887,0.0930135691449633,0.0739721413209645,0.0427046708097166,0.0740202187334291,0.040706376530532,0.3241280991209296,0.2071765468375486,0.0495393051436818,0.0616489813620946,10_sp_aij_17,5140131,0.1,10,1988,38,40,even
610,7.575757575757576,0.0826649789528962,0.0998701365728256,0.0504498778012658,0.0370351833597608,0.0814832069030895,0.0387484479324978,0.2920687038139969,0.2071072676943676,0.0477315847200156,0.0687012761700558,10_sp_aij_17,5140131,0.1,10,1988,38,40,even
611,8.181818181818182,0.1254697188201979,0.0894310136652274,0.0517177719368416,0.0353692823076201,0.0959515209628096,0.0448938141136225,0.2647355951966859,0.2432711538939177,0.0538679585795795,0.055922539667352,10_sp_aij_17,5140131,0.1,10,1988,38,40,even
612,9.090909090909092,0.1214629201025911,0.1294477979970706,0.043901221916411,0.0356011171007725,0.0944785368907646,0.0408255898605915,0.3417563660655124,0.3068319003297645,0.0501968160586861,0.0497352885601601,10_sp_aij_17,5140131,0.1,10,1988,38,40,even
613,10.0,0.1141240066757777,0.1069387073722305,0.0369775310659168,0.0293636541432057,0.0821842396342898,0.0312807046135909,0.2932711159055221,0.3395298226169344,0.0406235147534335,0.0606663027416281,10_sp_aij_17,5140131,0.1,10,1988,38,40,even
614,10.606060606060606,0.1146283648390989,0.1135962145857421,0.0339139561602502,0.0302202537315805,0.0866477368827627,0.0262646588606304,0.3383737988038822,0.3459850013013061,0.0345055449654451,0.0788413916335024,10_sp_aij_17,5140131,0.1,10,1988,38,40,even
615,11.515151515151516,0.118318493678042,0.1162808841300365,0.0366599908782215,0.0220803931936763,0.1149537328321979,0.0237313300849459,0.3757416985603072,0.2673314288246412,0.0406061531792295,0.0758233934486888,10_sp_aij_17,5140131,0.1,10,1988,38,40,even
616,12.12121212121212,0.1024358217011329,0.1048524610522448,0.0394296082253766,0.0199824515164641,0.1153252765192993,0.0231183866961258,0.3637099297093231,0.3323755146606569,0.0382391118089719,0.0742318796298527,10_sp_aij_17,5140131,0.1,10,1988,38,40,even
617,13.030303030303031,0.093042343719916,0.0997376711690679,0.0436179265774264,0.0152414213397248,0.1041071780832408,0.0296430211437949,0.2862477490130928,0.4105445126259356,0.0255177934257385,0.083709123724365,10_sp_aij_17,5140131,0.1,10,1988,38,40,even
618,13.636363636363637,0.0682352739437481,0.0860205304469496,0.0453279253620166,0.0122243003058458,0.1350941506038576,0.0291353661012382,0.2666032255553724,0.3719042997713107,0.0198738709869501,0.0577912983093274,10_sp_aij_17,5140131,0.1,10,1988,38,40,even
619,14.545454545454549,0.0587984230652096,0.1021323015289212,0.0381303236191127,0.0103765792445765,0.1672773073774758,0.0374469330436408,0.2812301135734567,0.2111017671312249,0.0219366521983686,0.0637694496074767,10_sp_aij_17,5140131,0.1,10,1988,38,40,even
620,15.151515151515152,0.0441268724288789,0.084657933782271,0.0442159434449531,0.0099284114447342,0.1712359345410924,0.0434788946036494,0.2556388675147456,0.2749208440275839,0.0194252457629476,0.046219647945643,10_sp_aij_17,5140131,0.1,10,1988,38,40,even
621,16.060606060606062,0.0425067133074351,0.0807818338990056,0.0556692506293269,0.0097383335422846,0.1893309163610028,0.0533098937866091,0.2653472623902283,0.2931664293012094,0.0183709686559707,0.0408730453460931,10_sp_aij_17,5140131,0.1,10,1988,38,40,even
622,16.666666666666668,0.0432995933191042,0.0904464529253118,0.0639244665197225,0.0099553439859701,0.1620511461512987,0.0604781399473812,0.2376620967148714,0.2987164420467523,0.0118664619704041,0.0471948449075315,10_sp_aij_17,5140131,0.1,10,1988,38,40,even
623,17.575757575757578,0.0478238135683492,0.0841299431633163,0.0710893009002199,0.0089923355915374,0.1192002846271835,0.0489193264462933,0.3871401477779791,0.317600714137131,0.0114551041852817,0.0727042168787294,10_sp_aij_17,5140131,0.1,10,1988,38,40,even
624,18.181818181818183,0.0630586913898917,0.0885732243986946,0.0649124760946256,0.008126773380285,0.1175815991821842,0.0517086866958917,0.2824425745506562,0.2941918190885088,0.0086159874100816,0.0818881407232045,10_sp_aij_17,5140131,0.1,10,1988,38,40,even
625,19.09090909090909,0.0678908721788531,0.0925298300838191,0.0592025390925227,0.0085981021028,0.1222620042226648,0.0599058307397543,0.2448688552044007,0.271572518113261,0.0099767570855368,0.0564781139774491,10_sp_aij_17,5140131,0.1,10,1988,38,40,even
626,20.0,0.0555669107263846,0.1142488929202264,0.0607493372618541,0.0072720765039223,0.1549834299404009,0.0745196424306915,0.2649184818960338,0.3175314587230872,0.0106830225688757,0.0509877578998277,10_sp_aij_17,5140131,0.1,10,1988,38,40,even
627,20.60606060606061,0.0568468587432463,0.1415722652160505,0.0554444872313122,0.00611819943237,0.1203550149822536,0.0780156327015006,0.3012637239496475,0.3362927675694453,0.0118370379701867,0.0533158561787589,10_sp_aij_17,5140131,0.1,10,1988,38,40,even
628,21.51515151515152,0.0585452782853654,0.0737323514175331,0.0373647634992225,0.0048705695457927,0.1151781719674013,0.0632677156434695,0.2825700724485138,0.3195876705197793,0.0094638031141518,0.0503293363141352,10_sp_aij_17,5140131,0.1,10,1988,38,40,even
629,22.12121212121212,0.0637316007026834,0.0754517507524677,0.0387486516963749,0.0050033000589641,0.1114972261718183,0.0497190752421944,0.2346550744776,0.3050628175660989,0.0084206447089651,0.048615449068025,10_sp_aij_17,5140131,0.1,10,1988,38,40,even
630,23.03030303030303,0.0511657113669888,0.0735590599838016,0.0423035536195902,0.0041563678687484,0.1329666620974911,0.0635487203833268,0.2545500912989262,0.2660898436393215,0.0083500036740003,0.0483547994379512,10_sp_aij_17,5140131,0.1,10,1988,38,40,even
631,23.63636363636364,0.048600418183221,0.077177097213608,0.0465718113999954,0.0034210207937123,0.1769257806729835,0.0684384687013356,0.2828824861785541,0.2965542585731865,0.0084005863310642,0.0536174035556317,10_sp_aij_17,5140131,0.1,10,1988,38,40,even
632,24.545454545454547,0.0550084825943834,0.0900430606086823,0.0537133061335397,0.0032162356720884,0.1530705334205301,0.0902119475833086,0.2959999763687795,0.2930732070967971,0.0074669661409391,0.0484997059567199,10_sp_aij_17,5140131,0.1,10,1988,38,40,even
633,25.151515151515152,0.0549586070417373,0.0784855151920435,0.0501792075120916,0.0032722796818694,0.1314880288064452,0.0839734092988776,0.3121693263598158,0.2932456697243475,0.0051902487922347,0.0513908758093844,10_sp_aij_17,5140131,0.1,10,1988,38,40,even
634,26.060606060606062,0.0508926855514746,0.068871965690196,0.0473088131899689,0.0027720188666125,0.1553695884896297,0.0819141164303415,0.2917331812350924,0.2816932209736901,0.0065091608449842,0.0571301299212417,10_sp_aij_17,5140131,0.1,10,1988,38,40,even
635,26.666666666666668,0.0645750809800189,0.058554987123969,0.0574591307397011,0.0028410208832515,0.1446026564990898,0.0777173839509656,0.2711373580433042,0.2849277642689308,0.0059705008711285,0.0635755344662176,10_sp_aij_17,5140131,0.1,10,1988,38,40,even
636,27.575757575757574,0.0510506056052443,0.054475305042461,0.0547481091646111,0.0,0.1619103225263646,0.1015450682721951,0.2266302782972997,0.3057416696357238,0.0057182296012532,0.0857163562628716,10_sp_aij_17,5140131,0.1,10,1988,38,40,even
637,28.181818181818183,0.0595075006516592,0.0628971819215047,0.0480852075531864,0.0,0.1498806762607391,0.0923012922681835,0.162841299821625,0.2210495628311062,0.0061161116373634,0.0935136666771418,10_sp_aij_17,5140131,0.1,10,1988,38,40,even
638,29.090909090909093,0.0574895792898912,0.0892521375403298,0.0508023505986743,0.0,0.1705164509653416,0.1166885499290338,0.2393315635287982,0.1901134237732472,0.0052993652331309,0.1112506793862494,10_sp_aij_17,5140131,0.1,10,1988,38,40,even
639,30.0,0.0674696226886867,0.1150784488725797,0.0504323282780253,0.0,0.1568570130093918,0.0994372356372937,0.2499712077664762,0.2119702662792461,0.0045501615931331,0.1120839034181044,10_sp_aij_17,5140131,0.1,10,1988,38,40,even
640,0.0,0.04,0.07,0.02,0.04,0.03,0.03,0.07,0.06,0.01,0.03,10_sp_aij_17,5576645,0.1,10,1988,38,40,even
641,0.6060606060606061,0.0331127690653396,0.0803031926455816,0.0183988230138778,0.0480578527379085,0.0442240780732749,0.0367806242560899,0.1182319318734958,0.0911112365973485,0.0111011549999332,0.0318620632026886,10_sp_aij_17,5576645,0.1,10,1988,38,40,even
642,1.5151515151515151,0.043233435495689,0.0845298601710504,0.0214124715035009,0.0490132038829038,0.0591114336781966,0.0330022961126803,0.1861353282155854,0.1372330976432156,0.0095220521460552,0.0426308913840913,10_sp_aij_17,5576645,0.1,10,1988,38,40,even
643,2.121212121212121,0.0413484888470718,0.0965145712232404,0.0239189254100627,0.045546802412411,0.0772806685523047,0.0360034873434538,0.1904048703006408,0.1826172068371584,0.0080683274137542,0.0509981933596706,10_sp_aij_17,5576645,0.1,10,1988,38,40,even
644,3.0303030303030303,0.0340069424133607,0.0963738597888688,0.0268013554603317,0.0359805058842406,0.1095795404976898,0.0437837242724875,0.2438744910222822,0.1723472825611962,0.0095328574213281,0.0609559958479131,10_sp_aij_17,5576645,0.1,10,1988,38,40,even
645,3.6363636363636367,0.0394638585542263,0.1082194938134183,0.0259160267952616,0.0335741007839616,0.103714301707029,0.0480840215880376,0.257418994154959,0.1384190255578441,0.0095955979811253,0.0560510461873424,10_sp_aij_17,5576645,0.1,10,1988,38,40,even
646,4.545454545454546,0.041434109183744,0.0989027118036655,0.0222844362081578,0.0288998838182972,0.1303834613831997,0.0596590633853469,0.2426738185638853,0.1762311697045706,0.0078436190447439,0.061747806909682,10_sp_aij_17,5576645,0.1,10,1988,38,40,even
647,5.151515151515151,0.0437671657421173,0.1017830973247598,0.0224652011233873,0.0284262442906631,0.1147704577700035,0.056990809966279,0.2614684484075338,0.155202432270701,0.0091743970992692,0.0524432335726763,10_sp_aij_17,5576645,0.1,10,1988,38,40,even
648,6.0606060606060606,0.0351580500081112,0.10615905639217,0.0293089006040444,0.0320277117974299,0.1320630686109981,0.0641140944736971,0.2332704711348328,0.1420208802784474,0.0099258332262327,0.0543550248563538,10_sp_aij_17,5576645,0.1,10,1988,38,40,even
649,6.666666666666667,0.0349448536023776,0.0956764322945386,0.0311094581576418,0.0356413253440973,0.1094616194334966,0.0665104203025228,0.272792696173421,0.1850685796042195,0.0091128006703731,0.0646292687470747,10_sp_aij_17,5576645,0.1,10,1988,38,40,even
650,7.575757575757576,0.0427870610259097,0.0815055574815099,0.0331462184742032,0.0284881949563479,0.1473450344232764,0.0908022076732717,0.2645579484893448,0.2397508181415458,0.0088759854479951,0.0686371129831286,10_sp_aij_17,5576645,0.1,10,1988,38,40,even
651,8.181818181818182,0.048265314774289,0.0738810792824125,0.0420299850534344,0.024870890313847,0.1351809370579813,0.0849551324003642,0.3210736556794745,0.2283432064731588,0.0078783802519945,0.0754076070101483,10_sp_aij_17,5576645,0.1,10,1988,38,40,even
652,9.090909090909092,0.055481258623436,0.0926744823295152,0.0573436219405265,0.0250759226818116,0.1366260875983065,0.0726499610858885,0.2828847025333134,0.2475663747941658,0.0065899307610776,0.0823862695137514,10_sp_aij_17,5576645,0.1,10,1988,38,40,even
653,10.0,0.0605139687709521,0.1297345884735199,0.0555026143729857,0.0229223858866254,0.1340246580058008,0.0704890513565165,0.3068703862321186,0.2958169942923753,0.0072089463478977,0.1084519117051763,10_sp_aij_17,5576645,0.1,10,1988,38,40,even
654,10.606060606060606,0.0553933140455717,0.1255632508468292,0.0536822264127956,0.0191941503256071,0.1303016546106755,0.0682822910066537,0.2713595237411971,0.2928265724426478,0.0072706942038388,0.1239962352033628,10_sp_aij_17,5576645,0.1,10,1988,38,40,even
655,11.515151515151516,0.0505469572212411,0.1425709625232976,0.0597533176670155,0.021162043384158,0.1199145067462459,0.0958949163347154,0.2509115763448339,0.2503791112961157,0.0086489853272551,0.1239013815539696,10_sp_aij_17,5576645,0.1,10,1988,38,40,even
656,12.12121212121212,0.0591303258441417,0.1434445503737361,0.0637288469210604,0.0197363183497741,0.1106388731403014,0.0902865065624714,0.2170411059847992,0.2199953540253329,0.0085977737982678,0.1142978353081282,10_sp_aij_17,5576645,0.1,10,1988,38,40,even
657,13.030303030303031,0.0636226600818051,0.1159401233351019,0.0520437128092755,0.0184766367772471,0.1273409834530409,0.0919134191151893,0.2152394117434211,0.2231715380699672,0.0093238765085748,0.0919001495382397,10_sp_aij_17,5576645,0.1,10,1988,38,40,even
658,13.636363636363637,0.0623330121093051,0.1167280494300882,0.0513014725694334,0.0193011572850737,0.1626148510770961,0.0976683983162388,0.2716722413700521,0.1780433737170877,0.0079885554530026,0.0788422538844288,10_sp_aij_17,5576645,0.1,10,1988,38,40,even
659,14.545454545454549,0.0629686453275226,0.1294505615356333,0.0605623110637612,0.01704055254966,0.1098461245824264,0.1034326592922678,0.3074674333687731,0.2030591003625046,0.0087177110624891,0.0777286362327905,10_sp_aij_17,5576645,0.1,10,1988,38,40,even
660,15.151515151515152,0.0627034166956684,0.1195669582400136,0.0613004097430099,0.0210883216623996,0.0920207139837408,0.1091674054966059,0.3517362105588655,0.2178884644343668,0.0097568607847136,0.0761925627798182,10_sp_aij_17,5576645,0.1,10,1988,38,40,even
661,16.060606060606062,0.0750997632141997,0.1086126617995114,0.0540020418106292,0.0235276255279731,0.1026034658817385,0.0920314640181744,0.2991887646953857,0.1975555402008733,0.0128982042239963,0.0687576943598183,10_sp_aij_17,5576645,0.1,10,1988,38,40,even
662,16.666666666666668,0.0814524790945709,0.1097826411919236,0.0620067247239691,0.0244193503151613,0.1064131688003351,0.0937429972563937,0.3040003178741427,0.2119004061089296,0.0112931430034473,0.0974292412806219,10_sp_aij_17,5576645,0.1,10,1988,38,40,even
663,17.575757575757578,0.0669749246701041,0.1011670851590027,0.0693639508969519,0.0340426017694441,0.1110194645521426,0.0899067687544417,0.3346813602273455,0.1939699362666186,0.0075719818307359,0.1111390769722495,10_sp_aij_17,5576645,0.1,10,1988,38,40,even
664,18.181818181818183,0.0696350983748713,0.1069143282319776,0.0504953294677875,0.0393757268975509,0.1160218794314969,0.0824112393414738,0.2882962431166646,0.1582622164895199,0.0081747216266942,0.1187929221306893,10_sp_aij_17,5576645,0.1,10,1988,38,40,even
665,19.09090909090909,0.0651102369408455,0.0988004945751888,0.0335141028873143,0.0476798569844598,0.1304400057662089,0.0907586304484744,0.1991858222998649,0.1848275665614456,0.0084034200702147,0.1183034312248329,10_sp_aij_17,5576645,0.1,10,1988,38,40,even
666,20.0,0.0663623692248348,0.1111712389817058,0.032798559681129,0.0438766164621652,0.0937684669071312,0.1032864820534845,0.2405637411529912,0.1909354195396947,0.0107592752207861,0.0987860010877528,10_sp_aij_17,5576645,0.1,10,1988,38,40,even
667,20.60606060606061,0.0715720096384226,0.1295338967523175,0.040984919315052,0.0398530900660656,0.1110523100934682,0.0940821399605631,0.2685760064880842,0.2329610161462497,0.0110584325798755,0.0765729990415202,10_sp_aij_17,5576645,0.1,10,1988,38,40,even
668,21.51515151515152,0.0716255156846602,0.1159922084581369,0.0338355783973823,0.0427149699707542,0.1108172033354355,0.0888167362926301,0.2533453454742287,0.2582629152734036,0.0107855202067241,0.07323335493248,10_sp_aij_17,5576645,0.1,10,1988,38,40,even
669,22.12121212121212,0.0803948524614666,0.0837191900001226,0.03338405182401,0.0408494942434571,0.1294701568020348,0.0696332501708092,0.2978807682609918,0.2862284952764005,0.0079282696036309,0.0594676805704984,10_sp_aij_17,5576645,0.1,10,1988,38,40,even
670,23.03030303030303,0.0820165705673335,0.0691951825424303,0.0394813446933074,0.032197325617929,0.1594023902017554,0.0801430403117924,0.3447105510944689,0.1970544978013915,0.0063138596379046,0.0593526842127837,10_sp_aij_17,5576645,0.1,10,1988,38,40,even
671,23.63636363636364,0.075874951621753,0.0822481635024187,0.0453200577263033,0.0334041688085177,0.1438329915328364,0.0904846459290153,0.3151736467684707,0.2498846542921313,0.0057396339940489,0.064634583507156,10_sp_aij_17,5576645,0.1,10,1988,38,40,even
672,24.545454545454547,0.0849646222667196,0.0875359365330558,0.039665292493482,0.0275525271105865,0.1597192553832231,0.0805303591802438,0.2662214203458717,0.22969358307959,0.0068261874213312,0.0431093374759577,10_sp_aij_17,5576645,0.1,10,1988,38,40,even
673,25.151515151515152,0.0702018489844653,0.0930598037689755,0.048773948223919,0.0235974773997747,0.1221520138527473,0.0726054914982427,0.2208862080172653,0.2396370497994258,0.0077277867550271,0.0395973582256388,10_sp_aij_17,5576645,0.1,10,1988,38,40,even
674,26.060606060606062,0.0706485342396898,0.0927140998418938,0.0483018794309569,0.0191177888744683,0.1638396229773013,0.0592584275296577,0.2575403291432429,0.2264513032490595,0.0075681623083344,0.0526143895031489,10_sp_aij_17,5576645,0.1,10,1988,38,40,even
675,26.666666666666668,0.0648335041796149,0.1121189141929007,0.0475564698937292,0.0188415083360362,0.1214154511122082,0.0709414539789305,0.2726204660396327,0.2516198340310417,0.0077522525309602,0.0596230633644293,10_sp_aij_17,5576645,0.1,10,1988,38,40,even
676,27.575757575757574,0.0693171617237281,0.1084506958819127,0.0440818900484017,0.019085198867854,0.1452165481865888,0.0733885677541695,0.2644881658922874,0.2597145662463604,0.0069947115185372,0.0407514845484636,10_sp_aij_17,5576645,0.1,10,1988,38,40,even
677,28.181818181818183,0.0619943144864859,0.1205071149400576,0.040969270729089,0.0187555666462333,0.1357314463232996,0.0815976279436153,0.2120028462685471,0.2808226484448741,0.0068458312690412,0.042000718490686,10_sp_aij_17,5576645,0.1,10,1988,38,40,even
678,29.090909090909093,0.0571751038015123,0.0965044387236354,0.0526825576917087,0.0152207624130264,0.1312016279603849,0.089951471209968,0.2673767685369415,0.2477489001528121,0.0055605430097627,0.0555749751163292,10_sp_aij_17,5576645,0.1,10,1988,38,40,even
679,30.0,0.0587642946824882,0.1243733951640281,0.0418981022508371,0.0139907495299506,0.1186103191235076,0.0854996654849011,0.2253367298026632,0.1738458797256734,0.0052018608532081,0.0476423275602585,10_sp_aij_17,5576645,0.1,10,1988,38,40,even
680,0.0,0.04,0.03,0.01,0.02,0.09,0.04,0.09,0.09,0.05,0.03,10_sp_aij_17,5589942,0.1,10,1988,38,40,even
681,0.6060606060606061,0.0458387264318854,0.036624412069444,0.0107779240564326,0.0158135990782906,0.0931091312798978,0.0458911252503598,0.0989723588614946,0.1120468458990518,0.0605710072224596,0.0332388961063013,10_sp_aij_17,5589942,0.1,10,1988,38,40,even
682,1.5151515151515151,0.033665734407856,0.051765652996662,0.0156459492946389,0.0155433648378987,0.119063815013248,0.0426721680055656,0.1317516024667509,0.1730973039144779,0.0503473962664858,0.0419868704399635,10_sp_aij_17,5589942,0.1,10,1988,38,40,even
683,2.121212121212121,0.0373057157553929,0.0507809809062475,0.0179704333434837,0.0174359325375096,0.118604577015825,0.0434664650692781,0.1247269657173185,0.1972509746678825,0.0506631534766765,0.050368282445565,10_sp_aij_17,5589942,0.1,10,1988,38,40,even
684,3.0303030303030303,0.0372061493854661,0.0794379725096074,0.0242797894094532,0.011032469455438,0.1332985260375855,0.0541760326113087,0.1672057333548411,0.1960459527355926,0.0401758694615336,0.0705517068065523,10_sp_aij_17,5589942,0.1,10,1988,38,40,even
685,3.6363636363636367,0.0517634410904653,0.0973082406552909,0.0258154114291608,0.0083237993505788,0.1258472181484394,0.063797525684266,0.1922262993480384,0.2034161933906195,0.037759154276583,0.078794984854695,10_sp_aij_17,5589942,0.1,10,1988,38,40,even
686,4.545454545454546,0.0469467858251464,0.1330502707378337,0.0218979656413332,0.0079502360380667,0.1101772768546205,0.0988200426457132,0.2171502187877982,0.1995650281724045,0.0433181261106413,0.081240841330813,10_sp_aij_17,5589942,0.1,10,1988,38,40,even
687,5.151515151515151,0.0461294525904002,0.0969086836193008,0.0214785629020957,0.007783938526939,0.1016342101801605,0.0751754568942206,0.2334178561801299,0.2072273536876274,0.0319355357124479,0.0908609309350276,10_sp_aij_17,5589942,0.1,10,1988,38,40,even
688,6.0606060606060606,0.0347997339287371,0.1028699782557841,0.0249111012112713,0.0069034758549935,0.1080888841979542,0.0834411392585099,0.3246475903972698,0.241260680116579,0.029238082666854,0.0705400163156921,10_sp_aij_17,5589942,0.1,10,1988,38,40,even
689,6.666666666666667,0.0290891493901374,0.0927076836582556,0.0242124401865356,0.0070826538432671,0.1062703283119484,0.0632486182964281,0.2662751661914936,0.2356047395216265,0.0259474335530241,0.0656150783474653,10_sp_aij_17,5589942,0.1,10,1988,38,40,even
690,7.575757575757576,0.0340826387311609,0.0847229580320873,0.0226506934205374,0.0061756073076042,0.1256170983545806,0.0824036028479213,0.2507032517804817,0.260904910858397,0.0167846227533015,0.0770745069726332,10_sp_aij_17,5589942,0.1,10,1988,38,40,even
691,8.181818181818182,0.0333624716752618,0.0960616822301029,0.0202526189294617,0.0066977895071459,0.1202655214397779,0.0857940645790748,0.2629864068323553,0.2580297913310344,0.0203361732893286,0.0701743470538927,10_sp_aij_17,5589942,0.1,10,1988,38,40,even
692,9.090909090909092,0.0430209357402775,0.1191469395208106,0.0228356786921656,0.0068312130441597,0.1094259063779919,0.1001605962303876,0.2558896464184387,0.244177491171444,0.0184779651111081,0.0674201580986376,10_sp_aij_17,5589942,0.1,10,1988,38,40,even
693,10.0,0.0407388907652684,0.1303299567683028,0.0282090503906865,0.0081006566179466,0.1057516515405243,0.0995872088526964,0.2102665327551145,0.2262296960292599,0.0185593737546812,0.0603919161320043,10_sp_aij_17,5589942,0.1,10,1988,38,40,even
694,10.606060606060606,0.0434445345134242,0.113757563888182,0.0310073600054092,0.0088577710077792,0.1507013998004343,0.1069734183074642,0.2055479256739171,0.1916381289184568,0.0206987142863629,0.0467582262835184,10_sp_aij_17,5589942,0.1,10,1988,38,40,even
695,11.515151515151516,0.0351883855879474,0.1510166078648825,0.032118275583906,0.0100813720675841,0.1462605951750985,0.1317323287293859,0.1787468330963477,0.180900774054536,0.0190128543289316,0.0523320646233318,10_sp_aij_17,5589942,0.1,10,1988,38,40,even
696,12.12121212121212,0.0337586132272709,0.1540274102921119,0.0325995512228258,0.0089480420073224,0.1550893094040149,0.1186907653609996,0.174162484883035,0.214613294386427,0.0184269129566146,0.0628943902247198,10_sp_aij_17,5589942,0.1,10,1988,38,40,even
697,13.030303030303031,0.0283127778360218,0.1465899968841348,0.0370503915503248,0.010828762089544,0.1607778751434283,0.0982497620621278,0.2275719610759215,0.2420102219151431,0.0208306259214781,0.0535220698250317,10_sp_aij_17,5589942,0.1,10,1988,38,40,even
698,13.636363636363637,0.0253251259713801,0.1003767764902714,0.0316959274641307,0.0114233426991531,0.1459316204073957,0.0975623787643646,0.2608971783713826,0.2398749805569935,0.020173058636509,0.0497756199416796,10_sp_aij_17,5589942,0.1,10,1988,38,40,even
699,14.545454545454549,0.0294734595743944,0.0927101593193069,0.0236320921458349,0.012156819233606,0.1730858536509865,0.1215748164444236,0.2412180096635176,0.2626912932458951,0.0202689019083766,0.0515999607416756,10_sp_aij_17,5589942,0.1,10,1988,38,40,even
700,15.151515151515152,0.0285779401262306,0.0921084557159846,0.0318440234753345,0.0143587210666392,0.179655874787677,0.1066122560476101,0.2857305800498735,0.2935823469788954,0.0234564128347691,0.0459926137571965,10_sp_aij_17,5589942,0.1,10,1988,38,40,even
701,16.060606060606062,0.0293537910336521,0.0847674012072515,0.0357806391423657,0.0172550226687446,0.1381636993922321,0.1042761447549416,0.2760787595988403,0.2163399015692975,0.0264140670659319,0.0477059593434773,10_sp_aij_17,5589942,0.1,10,1988,38,40,even
702,16.666666666666668,0.0320290742834722,0.0732808517525633,0.0364397212849711,0.016633744927708,0.1420243513425073,0.1032168041616023,0.3425291796373398,0.2189287444020541,0.0274106420488663,0.050022953511671,10_sp_aij_17,5589942,0.1,10,1988,38,40,even
703,17.575757575757578,0.0438479512463653,0.0658426791560216,0.0407648427049636,0.0137276494379373,0.1208811018346188,0.1413722280706167,0.3057299052299156,0.2439751605554337,0.0272303883803939,0.059138251272669,10_sp_aij_17,5589942,0.1,10,1988,38,40,even
704,18.181818181818183,0.0616271019601094,0.0847845228626244,0.032629716455347,0.015033954318177,0.0841741094531704,0.1128470567803288,0.2756293486823014,0.260788706815333,0.0254695813481548,0.0621322704336488,10_sp_aij_17,5589942,0.1,10,1988,38,40,even
705,19.09090909090909,0.0930359283592274,0.0909724588427315,0.0326943677811869,0.0132591951295678,0.1008015033417387,0.0954336384148253,0.3483015086686797,0.2389646444649438,0.0294784251875622,0.065673837607632,10_sp_aij_17,5589942,0.1,10,1988,38,40,even
706,20.0,0.1141499852758836,0.1245548774235324,0.0267653278682226,0.0137520571111437,0.0902738254541239,0.1057318097026588,0.3357954907020971,0.2063697918168071,0.021701006794544,0.0736049564264678,10_sp_aij_17,5589942,0.1,10,1988,38,40,even
707,20.60606060606061,0.1008062424385871,0.1111555183707432,0.0298766625625917,0.0154009034815256,0.1153081345207688,0.1071855143233636,0.2896508536193199,0.1857956783139486,0.0171541162047023,0.0717410542348286,10_sp_aij_17,5589942,0.1,10,1988,38,40,even
708,21.51515151515152,0.0793820963198988,0.103891092797925,0.0310724684305184,0.017290165858106,0.1386467566660429,0.0900972272041,0.2151325442926587,0.1881139734807456,0.0174973130295434,0.0625252606960543,10_sp_aij_17,5589942,0.1,10,1988,38,40,even
709,22.12121212121212,0.0792344313462156,0.0977560265175122,0.0390760151070462,0.0201878095187357,0.1427920174734353,0.0820751610654396,0.2340896543913677,0.1876017289912404,0.0243936258940609,0.0664241612535027,10_sp_aij_17,5589942,0.1,10,1988,38,40,even
710,23.03030303030303,0.0630974004970945,0.1128355441693924,0.0561092327101787,0.0166652260645403,0.1261639435094508,0.1109657206529705,0.233832915205646,0.2047640504545859,0.0225007499491186,0.0695605858566802,10_sp_aij_17,5589942,0.1,10,1988,38,40,even
711,23.63636363636364,0.0646637808703808,0.1299012044839776,0.0546695320707117,0.0172108038639469,0.1225635012884961,0.1214173219530809,0.2709002504066319,0.1839292030316044,0.0252973037141652,0.0849645577547366,10_sp_aij_17,5589942,0.1,10,1988,38,40,even
712,24.545454545454547,0.060974517424519,0.1604111563474881,0.054887145418635,0.0228914542634083,0.1340581326075811,0.1103262362672149,0.2158207625033558,0.1730236881001714,0.0273389628866958,0.0814120322175376,10_sp_aij_17,5589942,0.1,10,1988,38,40,even
713,25.151515151515152,0.0771112183367362,0.1499654825994752,0.0552202203765346,0.0236428917712183,0.1395074835771999,0.1051428131941418,0.2077455917025126,0.1931246435805701,0.0256244977892897,0.0935050283377231,10_sp_aij_17,5589942,0.1,10,1988,38,40,even
714,26.060606060606062,0.0546436845763079,0.1321384202210287,0.0525324298177434,0.0245719695022274,0.1334935886331808,0.0819522700976935,0.2719530159722558,0.2085962359652773,0.0315813150008381,0.0728525057880766,10_sp_aij_17,5589942,0.1,10,1988,38,40,even
715,26.666666666666668,0.0527699799607822,0.1497300169033819,0.0568619300747416,0.0248922345086752,0.1244852537489948,0.0748254821597255,0.2324257963884691,0.2135894442315834,0.0425255218028434,0.054345190238892,10_sp_aij_17,5589942,0.1,10,1988,38,40,even
716,27.575757575757574,0.054372958951902,0.1729536909190962,0.0388965096658545,0.0247553411230291,0.1448253107910674,0.0834856385608752,0.2358695094891739,0.2156644246630165,0.0528205666069524,0.065865401026226,10_sp_aij_17,5589942,0.1,10,1988,38,40,even
717,28.181818181818183,0.0552097353424078,0.1481977855799021,0.0313174598200713,0.0304594094991694,0.1530524897998516,0.0739236831032127,0.2322536025423653,0.2612217023020344,0.0656376706390731,0.0596874905760632,10_sp_aij_17,5589942,0.1,10,1988,38,40,even
718,29.090909090909093,0.0533036179085816,0.1411453961038151,0.0299090857174415,0.0259726925543627,0.1392002671939538,0.0674818556479219,0.2175299653361218,0.221672928044658,0.0385459433204908,0.0669788648764981,10_sp_aij_17,5589942,0.1,10,1988,38,40,even
719,30.0,0.0606103290093013,0.1165400625138726,0.0260147487787258,0.023286133213839,0.1227683546701423,0.0566160800453965,0.2337333782965091,0.3105713374276183,0.0415920640109374,0.0712058479343633,10_sp_aij_17,5589942,0.1,10,1988,38,40,even
720,0.0,0.03,0.07,0.05,0.07,0.03,0.03,0.02,0.03,0.09,0.09,10_sp_aij_17,5614865,0.1,10,1988,38,40,even
721,0.6060606060606061,0.0317355364523643,0.0933602070053434,0.056639328957617,0.0879262480535134,0.0374680732066399,0.0342267677277722,0.0277534990090218,0.04116654889989,0.101326322000353,0.0939127437095083,10_sp_aij_17,5614865,0.1,10,1988,38,40,even
722,1.5151515151515151,0.0355546283637912,0.1322751311299999,0.0477255142161862,0.1247306166008024,0.0431532085054272,0.0401360139673703,0.0508834157702205,0.052974323928554,0.1273607378792045,0.0970787163965678,10_sp_aij_17,5614865,0.1,10,1988,38,40,even
723,2.121212121212121,0.0468446751846255,0.1517059136670482,0.0432655237313913,0.1213278429947507,0.0480273555482854,0.034702418099759,0.0964842397461502,0.0555061119952793,0.1275628782337088,0.0891125723451325,10_sp_aij_17,5614865,0.1,10,1988,38,40,even
724,3.0303030303030303,0.0504902492688589,0.15852971763408,0.0287230139671988,0.0717908626526975,0.05179322555685,0.0391359475936007,0.1074471884954024,0.0772184409490655,0.1558027170358241,0.0612912084374202,10_sp_aij_17,5614865,0.1,10,1988,38,40,even
725,3.6363636363636367,0.0559311627639828,0.1715644044423636,0.0235428114454259,0.0639023230282471,0.0650107499971785,0.0302625764868947,0.1373417663234602,0.1004339689428875,0.148349323662336,0.0700695816846894,10_sp_aij_17,5614865,0.1,10,1988,38,40,even
726,4.545454545454546,0.0368597066159624,0.1427466448621207,0.0201172150898352,0.0529248653726534,0.088916372037709,0.0317037031942377,0.1425933713693273,0.1573743957107698,0.1580650092528061,0.0749305637624747,10_sp_aij_17,5614865,0.1,10,1988,38,40,even
727,5.151515151515151,0.035405231398731,0.1545086625882519,0.0176412423400712,0.0473499861193622,0.0890654974237159,0.0307507244620923,0.180525557212684,0.1750380754308739,0.143613719295213,0.0649521304187855,10_sp_aij_17,5614865,0.1,10,1988,38,40,even
728,6.0606060606060606,0.0369002917836199,0.1547080459433774,0.0167585288610609,0.0457382864637732,0.1064221756190671,0.0315249866784008,0.2028989347022609,0.1934465096134343,0.103080428177872,0.0728658981933485,10_sp_aij_17,5614865,0.1,10,1988,38,40,even
729,6.666666666666667,0.0337514537655381,0.1887041520513997,0.0112721324662191,0.0407562790022816,0.113226926076461,0.0289866132061875,0.2150758868166561,0.2051596219315581,0.0799809281519846,0.0699625604214868,10_sp_aij_17,5614865,0.1,10,1988,38,40,even
730,7.575757575757576,0.0341416918590313,0.1373857029905494,0.0132665210464725,0.0411931319455371,0.1085790218633983,0.028057762373441,0.2114758523717711,0.2661014606689421,0.0899127138082669,0.0808545675335112,10_sp_aij_17,5614865,0.1,10,1988,38,40,even
731,8.181818181818182,0.0330273797483987,0.1300718719810919,0.0116591050848127,0.0409872374646938,0.103482211275133,0.0372091012404354,0.253587565667041,0.297802433616176,0.0799807564845059,0.0739907242470598,10_sp_aij_17,5614865,0.1,10,1988,38,40,even
732,9.090909090909092,0.035571157708082,0.1150753306781187,0.0097311231095755,0.0317353103786346,0.130737468737086,0.0373371216963612,0.2761714197889536,0.3743091049007224,0.0563137438413701,0.0664634862727136,10_sp_aij_17,5614865,0.1,10,1988,38,40,even
733,10.0,0.0306769272843605,0.0820074073576908,0.0101804185232677,0.0289961005397954,0.1605913237941872,0.0420304644868056,0.1951798815486563,0.3256421151726463,0.0506159610721717,0.0595393737161307,10_sp_aij_17,5614865,0.1,10,1988,38,40,even
734,10.606060606060606,0.0338774786629009,0.0857983424557202,0.0098812538516632,0.0145531559134129,0.1711800078623968,0.0507304036299423,0.1927432630327366,0.2471546408780606,0.045567068636385,0.0654071374779014,10_sp_aij_17,5614865,0.1,10,1988,38,40,even
735,11.515151515151516,0.023078250860164,0.1089987862768449,0.0107646781879707,0.0119520988985647,0.1535153679435397,0.0639752059306843,0.1485327223479779,0.2707071161971605,0.0335376169277022,0.0718708817470437,10_sp_aij_17,5614865,0.1,10,1988,38,40,even
736,12.12121212121212,0.0255797801023272,0.1391219670454053,0.0147458554387641,0.0089025194800624,0.1541715239691954,0.0792498734895539,0.1394916574632664,0.2682226216381126,0.0262005818942853,0.0722544605367446,10_sp_aij_17,5614865,0.1,10,1988,38,40,even
737,13.030303030303031,0.026691334991638,0.1085137164592213,0.0183300998964273,0.0079994889524475,0.1999663328578318,0.0821267753806325,0.1341112993066753,0.2334687104190533,0.0263589030613238,0.0684559991408835,10_sp_aij_17,5614865,0.1,10,1988,38,40,even
738,13.636363636363637,0.0237111612421847,0.1069927185650098,0.0290558070624575,0.0071862910595079,0.2286800170390696,0.099154673915759,0.167263793437549,0.1995813603117394,0.030814055123277,0.0693443088836965,10_sp_aij_17,5614865,0.1,10,1988,38,40,even
739,14.545454545454549,0.0203879709198978,0.107526904032441,0.0365075450212327,0.0067631670801474,0.1811087974529011,0.0832584693486344,0.154168851487204,0.183692835549674,0.0316934402395142,0.0972880215618395,10_sp_aij_17,5614865,0.1,10,1988,38,40,even
740,15.151515151515152,0.0179755133585314,0.0795552869573972,0.0428755916079987,0.0083086580282348,0.1867052328812189,0.0930030895740825,0.1594271629147043,0.1709743896196198,0.0415970952728909,0.0984563602007007,10_sp_aij_17,5614865,0.1,10,1988,38,40,even
741,16.060606060606062,0.0167535959457991,0.096350596905607,0.0546373577766066,0.0119607231946742,0.161752087828539,0.1172314821483507,0.1914701461701439,0.1499496417131081,0.0379643396034793,0.1128435943918576,10_sp_aij_17,5614865,0.1,10,1988,38,40,even
742,16.666666666666668,0.0216364567640005,0.1031960242306735,0.0458150865073332,0.0158890464135075,0.1428862236626046,0.1320252910408801,0.2054923632300616,0.1638769484006384,0.0304564693070981,0.1113045264461682,10_sp_aij_17,5614865,0.1,10,1988,38,40,even
743,17.575757575757578,0.0255712677277909,0.0866527078415845,0.0358508335452304,0.0147243469897824,0.1268994948827553,0.098297007250421,0.163345990067571,0.2253479449892714,0.0265921308926157,0.0930827321345225,10_sp_aij_17,5614865,0.1,10,1988,38,40,even
744,18.181818181818183,0.0297162515566534,0.1050073743771779,0.0316436013117942,0.0140312050939663,0.1344735158221672,0.1027536753465605,0.1611492544757703,0.259948036610157,0.0243455284710217,0.0657999987492106,10_sp_aij_17,5614865,0.1,10,1988,38,40,even
745,19.09090909090909,0.0338419599169438,0.1026327062204528,0.0223781545960515,0.01687592495608,0.1555762230109564,0.1255281262875484,0.2433788944042982,0.1781219144186116,0.0183829895469868,0.0558391538358689,10_sp_aij_17,5614865,0.1,10,1988,38,40,even
746,20.0,0.0348336882170643,0.1016899647202237,0.0275467755668682,0.0205060184396669,0.1196230650078323,0.1169286920607076,0.2174214189577744,0.2534267290536655,0.0206988760414838,0.0647540426159097,10_sp_aij_17,5614865,0.1,10,1988,38,40,even
747,20.60606060606061,0.0392716991863469,0.1138237634677765,0.0296614191447671,0.024178673684564,0.1195466379915316,0.1195314926826559,0.222130888590864,0.2614167767173384,0.0205190661796259,0.0558052617392252,10_sp_aij_17,5614865,0.1,10,1988,38,40,even
748,21.51515151515152,0.0529634716642005,0.1210697583264407,0.0316106232254339,0.0159435746906689,0.1061967570615562,0.0712204274804802,0.2374955211854852,0.2346310358764643,0.0173563018668672,0.0727349792206212,10_sp_aij_17,5614865,0.1,10,1988,38,40,even
749,22.12121212121212,0.0426762626980034,0.1489739793993253,0.0275699484413896,0.0174151117026409,0.1331463270986834,0.062775099309606,0.2263859176623042,0.19591344389718,0.0185934593754927,0.0554482759978244,10_sp_aij_17,5614865,0.1,10,1988,38,40,even
750,23.03030303030303,0.0322640485519334,0.1319028457266401,0.0215271543584377,0.0155285777223939,0.1379132689227852,0.0402718744784784,0.2311683379308057,0.1931929549778401,0.0163769222031717,0.0552911161258875,10_sp_aij_17,5614865,0.1,10,1988,38,40,even
751,23.63636363636364,0.0313052761955516,0.1016106386670391,0.0193529185724682,0.014475889309523,0.121161433371764,0.0528744825774448,0.249871661369056,0.2282439492661668,0.0160635246197807,0.0751965617001324,10_sp_aij_17,5614865,0.1,10,1988,38,40,even
752,24.545454545454547,0.0402717783305054,0.0979644713995474,0.0248828781530379,0.0133482824122802,0.123082363938776,0.0599343679260101,0.2996328877505399,0.2718172486943636,0.0145997889491774,0.0631575118708462,10_sp_aij_17,5614865,0.1,10,1988,38,40,even
753,25.151515151515152,0.0455133152937446,0.0883681475369023,0.0241210466499508,0.0139647593853931,0.1550371687997496,0.0664171987632527,0.3021305593952066,0.2895006508033603,0.0124986643774046,0.0763042504857295,10_sp_aij_17,5614865,0.1,10,1988,38,40,even
754,26.060606060606062,0.0347548225113552,0.095754660152121,0.0237391686175958,0.0133321454341435,0.1749051666722919,0.0656510588691641,0.2850937757085461,0.246641201605945,0.0105902404462312,0.0593968517309977,10_sp_aij_17,5614865,0.1,10,1988,38,40,even
755,26.666666666666668,0.0391980070921143,0.1023965342388601,0.0195870454958841,0.0131322656829274,0.1625434547950121,0.074813541839044,0.2454848955487855,0.301987216420883,0.0111824876801547,0.0518578537181974,10_sp_aij_17,5614865,0.1,10,1988,38,40,even
756,27.575757575757574,0.0357791605971422,0.1231606034698973,0.0212346535440933,0.0150661641648273,0.1162415258723535,0.0648757721786222,0.2389479649484119,0.3038500557831399,0.0081661005244482,0.0492579194081745,10_sp_aij_17,5614865,0.1,10,1988,38,40,even
757,28.181818181818183,0.0384278276177298,0.1221217485564218,0.0234996298007266,0.0149335238468997,0.1435587840577242,0.0875729976032681,0.2336859040694012,0.3078094806893183,0.0099452175755327,0.0557927330820244,10_sp_aij_17,5614865,0.1,10,1988,38,40,even
758,29.090909090909093,0.0398070923854424,0.1232187253757923,0.0274734911971286,0.0159835889029861,0.2080278200046833,0.0964052105781516,0.2229081917275931,0.2837323674168647,0.0084201251262328,0.0581088122743172,10_sp_aij_17,5614865,0.1,10,1988,38,40,even
759,30.0,0.0313375910157005,0.0952889505893548,0.0360777730206454,0.0169450074664379,0.1980029882973411,0.0907726406087621,0.1831977917089058,0.2853447229062406,0.0074590662728095,0.0833686989398799,10_sp_aij_17,5614865,0.1,10,1988,38,40,even
760,0.0,0.05,0.09,0.07,0.05,0.06,0.03,0.07,0.05,0.05,0.03,10_sp_aij_17,6543552,0.1,10,1988,38,40,even
761,0.6060606060606061,0.0460310181745185,0.1118505111792268,0.0541125823475085,0.043002858107708,0.0736516324794041,0.0388961379542306,0.1135190592339687,0.0751799815319869,0.0525249926260261,0.0299322939152092,10_sp_aij_17,6543552,0.1,10,1988,38,40,even
762,1.5151515151515151,0.040709482320292,0.1354941161774815,0.0362907820887771,0.0489827767682575,0.1067789561464549,0.0457888885433424,0.1535293668725161,0.1185008066411827,0.0391978818277822,0.0265721118228594,10_sp_aij_17,6543552,0.1,10,1988,38,40,even
763,2.121212121212121,0.0441477891828015,0.1374947029767003,0.0334490661719841,0.0535329114104963,0.131726461508673,0.0577873615556972,0.1760375905858537,0.186727149347605,0.0476367336707986,0.0254347381346032,10_sp_aij_17,6543552,0.1,10,1988,38,40,even
764,3.0303030303030303,0.0608990978363214,0.1363870167547235,0.0414751536125726,0.0465605711453872,0.1250048464744071,0.0592110258861626,0.226112362573048,0.2352894196670823,0.0615793396042603,0.0293152997189656,10_sp_aij_17,6543552,0.1,10,1988,38,40,even
765,3.6363636363636367,0.0609825972936743,0.1084297097542984,0.0481958994749688,0.0457569729803285,0.1022710144821262,0.0592647589415832,0.2323592828594288,0.2446672621507659,0.0628190416810341,0.0343981772224968,10_sp_aij_17,6543552,0.1,10,1988,38,40,even
766,4.545454545454546,0.0522531031262747,0.1224207614956797,0.0316890732722749,0.037846962246226,0.104559532697048,0.0489567655135156,0.3255838656932511,0.3224493498220099,0.0385398181416349,0.0482057137845488,10_sp_aij_17,6543552,0.1,10,1988,38,40,even
767,5.151515151515151,0.0618490376657643,0.1221591525640831,0.0270879979406815,0.0383072681534323,0.13699750169644,0.048710612555095,0.3345323821395306,0.3092284873096428,0.0376708700535178,0.0532422339966053,10_sp_aij_17,6543552,0.1,10,1988,38,40,even
768,6.0606060606060606,0.0657798331572546,0.117566688994079,0.039078455923346,0.0400098780228498,0.1433701057376355,0.0463565453295406,0.2718125510533732,0.22720533848723,0.0346504530393283,0.0478511904754943,10_sp_aij_17,6543552,0.1,10,1988,38,40,even
769,6.666666666666667,0.057808238528948,0.1307930788751443,0.0406098149062185,0.0481462139679926,0.1381247005464476,0.0512811314691246,0.2343226448788911,0.1972446213261048,0.036552243336998,0.0483283352953127,10_sp_aij_17,6543552,0.1,10,1988,38,40,even
770,7.575757575757576,0.0452964544034881,0.1292852724249672,0.0424032128512591,0.0333531483476006,0.1111179224726945,0.0518921928002714,0.1893303937824114,0.2365739371656955,0.0302271867585563,0.0556445311285292,10_sp_aij_17,6543552,0.1,10,1988,38,40,even
771,8.181818181818182,0.0453478571431956,0.1129367376426964,0.0415651545774776,0.0333182297373719,0.1113224881729287,0.0619762922261405,0.2690262348223762,0.1978983609859838,0.0328257844626547,0.0642858357095187,10_sp_aij_17,6543552,0.1,10,1988,38,40,even
772,9.090909090909092,0.0439359587079479,0.0883409564877291,0.0455826772621437,0.0355585447616075,0.1415310712750247,0.0589083613855348,0.3410694687441548,0.238502689812513,0.0278395668403584,0.0451499572752717,10_sp_aij_17,6543552,0.1,10,1988,38,40,even
773,10.0,0.04647052217064,0.1157267041965881,0.0479352946118578,0.0257004265123155,0.1874876702076175,0.0630321343157349,0.2634936768775774,0.3037142920933967,0.0293038558242542,0.0487771599658789,10_sp_aij_17,6543552,0.1,10,1988,38,40,even
774,10.606060606060606,0.0410055318268699,0.1103959864103951,0.048046378652889,0.0190829701946413,0.1897139865038402,0.0705868083400501,0.3046618176388571,0.2834181779493432,0.0274698514636312,0.0638911402803336,10_sp_aij_17,6543552,0.1,10,1988,38,40,even
775,11.515151515151516,0.0420723104087287,0.1138484714583953,0.0702929355319492,0.0109717651230156,0.1513533241191914,0.0886113687499868,0.2938157727167393,0.3823208198011338,0.0228185191015684,0.0745590955137792,10_sp_aij_17,6543552,0.1,10,1988,38,40,even
776,12.12121212121212,0.0507439052431027,0.1206558287464011,0.0640823080516893,0.0117375610377609,0.1391964856064169,0.0729241102886854,0.3008423068115967,0.2563321618864775,0.0205257700030881,0.0621528761348059,10_sp_aij_17,6543552,0.1,10,1988,38,40,even
777,13.030303030303031,0.050594460657452,0.1179575442218903,0.0826050300352238,0.0103049998334992,0.1407420166024576,0.0640966785248564,0.2991294217216573,0.2253116319668275,0.0227491909927658,0.0452395511773409,10_sp_aij_17,6543552,0.1,10,1988,38,40,even
778,13.636363636363637,0.0594632437907227,0.117200402659704,0.0668923239641207,0.0080324179706157,0.1574000690401055,0.0753201600647205,0.3450389602887198,0.2338556192384996,0.0230143210780074,0.0598995718814857,10_sp_aij_17,6543552,0.1,10,1988,38,40,even
779,14.545454545454549,0.0754650077235069,0.0988327885109418,0.0580251824920038,0.007237918241106,0.1762215648989625,0.0756362318203873,0.2767180805604056,0.2138313298839435,0.021215446691471,0.0761624413435844,10_sp_aij_17,6543552,0.1,10,1988,38,40,even
780,15.151515151515152,0.0817352903091737,0.117899733323428,0.0659370449339221,0.010094098977497,0.135399278786842,0.0701516265022983,0.311197687561533,0.220191666626306,0.026701706242851,0.078776632010041,10_sp_aij_17,6543552,0.1,10,1988,38,40,even
781,16.060606060606062,0.0792606155782821,0.1491539754576074,0.0736914334074484,0.0097851416921636,0.1082617322134575,0.0724517593469594,0.2050548718897674,0.2031920928657533,0.0308486796906169,0.0956277331929301,10_sp_aij_17,6543552,0.1,10,1988,38,40,even
782,16.666666666666668,0.0950906979636401,0.1266846629092845,0.08266337032618,0.0101379791671112,0.1244282831274596,0.0776703300901679,0.233714845261651,0.2164796700885386,0.0237074980493766,0.0751899984301608,10_sp_aij_17,6543552,0.1,10,1988,38,40,even
783,17.575757575757578,0.0858467442426474,0.1818511111107338,0.0911263430617214,0.0096535191095694,0.1135505646743346,0.0557926797717845,0.2615254790204587,0.2329362507133033,0.0224469117233259,0.0523882185224041,10_sp_aij_17,6543552,0.1,10,1988,38,40,even
784,18.181818181818183,0.0572461519276368,0.1582789908586255,0.0703488288254971,0.0108863241951095,0.100716903025853,0.0490699240925646,0.259327899909203,0.2526044406407585,0.0202164180756397,0.0609382853588778,10_sp_aij_17,6543552,0.1,10,1988,38,40,even
785,19.09090909090909,0.0631777094797214,0.141356980290309,0.0726677841221404,0.010515714380458,0.1077097933425324,0.0509902473501469,0.2609366064273495,0.187087271688348,0.0211337968483698,0.0933977307614112,10_sp_aij_17,6543552,0.1,10,1988,38,40,even
786,20.0,0.0723854284883884,0.1119709725785836,0.0683124145092832,0.0118526588498878,0.0982048601921428,0.0475096940878428,0.2531967701638783,0.1924632008364974,0.0212923031657945,0.0914779523629635,10_sp_aij_17,6543552,0.1,10,1988,38,40,even
787,20.60606060606061,0.0650149944167659,0.1152538222312078,0.0518958063098866,0.0123443933644817,0.0992037193465829,0.049627988895632,0.2692595047097514,0.2119664515658263,0.0224901446244445,0.1184729578346781,10_sp_aij_17,6543552,0.1,10,1988,38,40,even
788,21.51515151515152,0.0747045204994266,0.0977642213433128,0.0538371990512581,0.0163385250410456,0.1237645171663273,0.0425012291150964,0.2653775783520953,0.2329217898577029,0.0202470374076361,0.1282177896589454,10_sp_aij_17,6543552,0.1,10,1988,38,40,even
789,22.12121212121212,0.0898752601720711,0.0913467449084869,0.0599442943299541,0.0129865663342386,0.1318746999288949,0.052070247291014,0.2800127122655708,0.2258525516403525,0.0178034648257537,0.1303017987519437,10_sp_aij_17,6543552,0.1,10,1988,38,40,even
790,23.03030303030303,0.0751978737292761,0.0798362230504576,0.0536258149060196,0.0141498747045429,0.1343418944765319,0.0769976516027755,0.2651003067244664,0.2512471901508983,0.0153470626883496,0.1390634296547277,10_sp_aij_17,6543552,0.1,10,1988,38,40,even
791,23.63636363636364,0.0674529317377562,0.0731912929335286,0.0463720662355701,0.0118362483584328,0.1328955174710923,0.0919086978533456,0.2925472095213169,0.2452954739862243,0.0180418348753682,0.1158344291041774,10_sp_aij_17,6543552,0.1,10,1988,38,40,even
792,24.545454545454547,0.0576722161617452,0.0890046582837076,0.0570658872822318,0.0106281078650452,0.1274176099832027,0.0760517602664078,0.3157406921758194,0.2869834967016328,0.0151388389587832,0.1149997506106114,10_sp_aij_17,6543552,0.1,10,1988,38,40,even
793,25.151515151515152,0.0611276262626696,0.073602529475149,0.062670141971458,0.0100128600882811,0.1003272546746681,0.0782314359883601,0.2745254931992714,0.2666068149846576,0.0134227547603957,0.096517212830289,10_sp_aij_17,6543552,0.1,10,1988,38,40,even
794,26.060606060606062,0.0651974267322626,0.0691621188002891,0.0736675948258389,0.0083126795794998,0.132086510186919,0.0859597561155829,0.2713560492195974,0.2873375038770804,0.0106791160911326,0.079381944336736,10_sp_aij_17,6543552,0.1,10,1988,38,40,even
795,26.666666666666668,0.0742414537861103,0.0706791311179128,0.0731485530016835,0.0093148405114138,0.1437401569592179,0.1064388466942335,0.2293921620127465,0.2618045674204963,0.0095966025551477,0.0946310340785616,10_sp_aij_17,6543552,0.1,10,1988,38,40,even
796,27.575757575757574,0.0636083154106878,0.0623235976620222,0.0745372252483622,0.0076096002514787,0.1243129218888566,0.0928880012341796,0.1794033401666926,0.2460305399976789,0.0106406246163236,0.0956400288100709,10_sp_aij_17,6543552,0.1,10,1988,38,40,even
797,28.181818181818183,0.0520214301981667,0.0857466639146164,0.0887256175082273,0.00824656044058,0.1179250904541965,0.0811874204085457,0.2102555124442898,0.2476513138030916,0.0086362227507807,0.0924566291785031,10_sp_aij_17,6543552,0.1,10,1988,38,40,even
798,29.090909090909093,0.0513496804854766,0.099200224006195,0.0689003084603485,0.0057834232955673,0.1083740634233573,0.0850560805553377,0.1692012986890469,0.1652359516154795,0.0083334472756458,0.1186472445115271,10_sp_aij_17,6543552,0.1,10,1988,38,40,even
799,30.0,0.0476224026097893,0.1115498968621377,0.0623473949556679,0.0079507058400272,0.1122444285345725,0.0901537717287388,0.1347094769566459,0.1543621694116355,0.0075274833548308,0.1705838371752188,10_sp_aij_17,6543552,0.1,10,1988,38,40,even
800,0.0,0.06,0.05,0.04,0.02,0.03,0.06,0.08,0.09,0.06,0.05,10_sp_aij_17,6550368,0.1,10,1988,38,40,even
801,0.6060606060606061,0.0691284249350176,0.0632643518889006,0.0357896401399096,0.020704361249241,0.0356930288346031,0.0732441918931938,0.1294473768717575,0.1043547309199541,0.0539012820885152,0.0520837180078237,10_sp_aij_17,6550368,0.1,10,1988,38,40,even
802,1.5151515151515151,0.089600232974414,0.0665684630115348,0.0277474542743894,0.0197984249974191,0.0507415893938153,0.0766949821963135,0.2077973565058897,0.1293298354953883,0.0478991970637657,0.0580568393806845,10_sp_aij_17,6550368,0.1,10,1988,38,40,even
803,2.121212121212121,0.1006135379824402,0.0773880254954521,0.0247056986545461,0.0239854276126017,0.0568217097028208,0.0703178683767562,0.2023517938414025,0.1601897117933993,0.0427173423808401,0.0708774728241724,10_sp_aij_17,6550368,0.1,10,1988,38,40,even
804,3.0303030303030303,0.0804985375812209,0.0730958496369771,0.0277648564069093,0.015377943488513,0.0726774160616931,0.0533529315379775,0.1834187905872636,0.1881607532142471,0.0451363722614369,0.0669406539026943,10_sp_aij_17,6550368,0.1,10,1988,38,40,even
805,3.6363636363636367,0.0821493114141083,0.0748408107599941,0.0264516856035989,0.0157913120550404,0.0754919829430019,0.0623714160454591,0.2036026153249358,0.1902149283068433,0.0369756495444003,0.078298114657269,10_sp_aij_17,6550368,0.1,10,1988,38,40,even
806,4.545454545454546,0.0665364580126456,0.0842786081682236,0.0224242685326874,0.0135376464296594,0.0964081562083407,0.0560411099445795,0.3242448572505775,0.2153700574505752,0.0298881896225041,0.0837052098673897,10_sp_aij_17,6550368,0.1,10,1988,38,40,even
807,5.151515151515151,0.0659292098510457,0.0784712007024765,0.0296706018741586,0.0145592798105122,0.1029253446015215,0.0527267437689459,0.3752419980633868,0.2166705865650109,0.0276290065598485,0.0904463948064902,10_sp_aij_17,6550368,0.1,10,1988,38,40,even
808,6.0606060606060606,0.0659960821416432,0.1034227366753564,0.0421463599147617,0.0117954105701867,0.1347553629461687,0.0627423666151879,0.2792993308009074,0.2128180554271481,0.023705774121167,0.0812143322663568,10_sp_aij_17,6550368,0.1,10,1988,38,40,even
809,6.666666666666667,0.057885696915323,0.1158653391995769,0.0485245297841692,0.0129358070050719,0.1157039464371374,0.0635839193220173,0.3142040246475596,0.2035157520686986,0.0261441938495795,0.0895786741380685,10_sp_aij_17,6550368,0.1,10,1988,38,40,even
810,7.575757575757576,0.0487928802210482,0.1129193525084557,0.0502820727834527,0.011530058753509,0.0976153439885501,0.0767851370070318,0.2581693999019021,0.2598963109140297,0.0275536139420945,0.0653676002249214,10_sp_aij_17,6550368,0.1,10,1988,38,40,even
811,8.181818181818182,0.0504151026055433,0.1076333395138721,0.0468726846963353,0.0107842453264671,0.0921803277945323,0.0781980382643372,0.2596512795016891,0.3079104273738777,0.0319739675808705,0.0745591915645041,10_sp_aij_17,6550368,0.1,10,1988,38,40,even
812,9.090909090909092,0.0482655508765523,0.0884267446735192,0.04929976817413,0.0130624991277277,0.1015454307454122,0.0727080975204934,0.3022589877110718,0.3120804330247749,0.0198509159333675,0.0745755308010894,10_sp_aij_17,6550368,0.1,10,1988,38,40,even
813,10.0,0.0454353688578583,0.1093650473235956,0.0352539711443056,0.0105855197335392,0.1009379807187997,0.0800771772562076,0.2905150973307399,0.2765262614268154,0.021440664700417,0.0806498953774346,10_sp_aij_17,6550368,0.1,10,1988,38,40,even
814,10.606060606060606,0.049085702923155,0.1005879781382785,0.0337703984894158,0.0109462630485537,0.1101029971981429,0.0829079988714976,0.3074992987028788,0.2585272950749163,0.0148099014961728,0.0802381476212696,10_sp_aij_17,6550368,0.1,10,1988,38,40,even
815,11.515151515151516,0.0373550972716067,0.1031693166118952,0.0339912819575392,0.0122697660769824,0.1168311057595564,0.0879846593123973,0.279747947579085,0.2871940107243072,0.0193580157084063,0.0879978416776004,10_sp_aij_17,6550368,0.1,10,1988,38,40,even
816,12.12121212121212,0.0422203776639626,0.0830119063868359,0.0298790185062483,0.0126529435012554,0.0916313498190043,0.0748292157554904,0.1897940515470618,0.2547175805891365,0.0204938138881767,0.076515590545314,10_sp_aij_17,6550368,0.1,10,1988,38,40,even
817,13.030303030303031,0.0539756627263112,0.0669949820815912,0.0259768715948962,0.0099702606418672,0.1163499126202786,0.0615314123229428,0.2184732521975103,0.280508362277709,0.0177132365305656,0.0615066054360949,10_sp_aij_17,6550368,0.1,10,1988,38,40,even
818,13.636363636363637,0.0435789240332871,0.0733312679581023,0.0324550866500804,0.0086210044475449,0.1105409007284448,0.0688016007690648,0.1416124624127812,0.2615735500024574,0.0178071796439352,0.0604720683727003,10_sp_aij_17,6550368,0.1,10,1988,38,40,even
819,14.545454545454549,0.0384959262649079,0.0827324017649855,0.0291996591784083,0.0083494171085025,0.1500508889769605,0.0935941484737068,0.1707954452268371,0.2320378835195744,0.0111141007554951,0.0490052585689141,10_sp_aij_17,6550368,0.1,10,1988,38,40,even
820,15.151515151515152,0.0476489207501043,0.0783726071935048,0.0312133281284325,0.0085328305025451,0.1556989860189732,0.0783172942352248,0.1784360787379134,0.2086611214239516,0.0119672473286399,0.0535647608441258,10_sp_aij_17,6550368,0.1,10,1988,38,40,even
821,16.060606060606062,0.0525936048423632,0.069037016688648,0.0484391886121195,0.009976144971124,0.1461832602507495,0.0813781898890844,0.2099067894623442,0.2410648565722128,0.0114296896554107,0.0683835241067058,10_sp_aij_17,6550368,0.1,10,1988,38,40,even
822,16.666666666666668,0.0540613857990103,0.0755790044752646,0.0428333516060562,0.0096730183497487,0.1764708234878916,0.0884876415261273,0.2385733836714508,0.2656548254663889,0.0115892646707274,0.068128153798847,10_sp_aij_17,6550368,0.1,10,1988,38,40,even
823,17.575757575757578,0.0466288445873036,0.0892974530553955,0.0570460684486826,0.0125554697847227,0.1509190926555199,0.095466507586147,0.2169079420709625,0.1758532976861933,0.0125410899988242,0.0883736101986992,10_sp_aij_17,6550368,0.1,10,1988,38,40,even
824,18.181818181818183,0.0457628013660576,0.1130011724169492,0.0606564972003209,0.0123421398174308,0.1306220111378837,0.1274185657732088,0.1429533969231335,0.1672629959906815,0.0120891892259196,0.0930248115120542,10_sp_aij_17,6550368,0.1,10,1988,38,40,even
825,19.09090909090909,0.0528459977471853,0.111692531969727,0.0564955331200297,0.0119325851933595,0.1622029805890845,0.1225232411997143,0.1543732511897805,0.1730136976806058,0.012274289553805,0.1064751386821434,10_sp_aij_17,6550368,0.1,10,1988,38,40,even
826,20.0,0.0480708732462045,0.1187597525859089,0.078349310226011,0.0155304368434132,0.1237455138845546,0.0930496121500827,0.1693467307255203,0.1180264398401148,0.0162663546196651,0.1185389141475613,10_sp_aij_17,6550368,0.1,10,1988,38,40,even
827,20.60606060606061,0.0385600094339789,0.1734993474740929,0.0665109162006029,0.0163145174970402,0.1371901208150275,0.1002131087536825,0.1678612390252769,0.1658059554668624,0.0175577852249739,0.1161769764951079,10_sp_aij_17,6550368,0.1,10,1988,38,40,even
828,21.51515151515152,0.0301279639720641,0.1641682851560605,0.0568954538402169,0.023026947747635,0.1033080105637822,0.1332588809695212,0.1754115881278863,0.2074873447109687,0.0204824717775448,0.1262343343147663,10_sp_aij_17,6550368,0.1,10,1988,38,40,even
829,22.12121212121212,0.0379864890941641,0.1238502144022158,0.0606022635817723,0.0289533691521918,0.1111167675722065,0.140175575652204,0.2382094503838688,0.2267722165362325,0.0248940690501514,0.1161498230959529,10_sp_aij_17,6550368,0.1,10,1988,38,40,even
830,23.03030303030303,0.0526326032252733,0.1554371187516462,0.0517896593688408,0.0430980488600108,0.128734275285117,0.1174790114580916,0.299667203947799,0.2558384246309342,0.0318821823451816,0.0892023849299115,10_sp_aij_17,6550368,0.1,10,1988,38,40,even
831,23.63636363636364,0.0532210306914118,0.1655760109070713,0.0446044587347902,0.0463130929119066,0.1318202595094128,0.1043940393370028,0.3306994034775155,0.2401988442612853,0.0387044271716198,0.1022669205116641,10_sp_aij_17,6550368,0.1,10,1988,38,40,even
832,24.545454545454547,0.0603496135246275,0.1041261568869923,0.0385914096390082,0.055353665197218,0.1457186007830326,0.1070063444918366,0.36587802711469,0.2854512569171464,0.0489387919878594,0.1102271326335943,10_sp_aij_17,6550368,0.1,10,1988,38,40,even
833,25.151515151515152,0.0592554149011018,0.0959757262841793,0.0366176365039126,0.0511324829697801,0.1456709975506707,0.1036672767795491,0.3323507849571828,0.330480075095804,0.0421535578924941,0.1359361466600668,10_sp_aij_17,6550368,0.1,10,1988,38,40,even
834,26.060606060606062,0.0628176003790128,0.1139989753430696,0.0295822838109055,0.0360795091958048,0.1194236162610739,0.0944248974421668,0.3144675654828588,0.2568616411915943,0.0418933744790697,0.0969415588154397,10_sp_aij_17,6550368,0.1,10,1988,38,40,even
835,26.666666666666668,0.0652930678878589,0.1381912043752625,0.0330177252894448,0.0274396197834006,0.1105312710513955,0.0770950050998044,0.2662133439665528,0.1855135019941774,0.0491950292515909,0.0953582748696151,10_sp_aij_17,6550368,0.1,10,1988,38,40,even
836,27.575757575757574,0.0631683969676268,0.125196078598493,0.0348749762084636,0.025268825636968,0.1282400941711219,0.0690032520064178,0.2367495041319667,0.2096694625123118,0.0438775312415507,0.0885215444635505,10_sp_aij_17,6550368,0.1,10,1988,38,40,even
837,28.181818181818183,0.0604259149554187,0.1222823880855616,0.0364265978743127,0.0296731167641578,0.1226212330550445,0.0664593401414659,0.2363143636283186,0.202264113823304,0.0395522938017449,0.1042161670033259,10_sp_aij_17,6550368,0.1,10,1988,38,40,even
838,29.090909090909093,0.0742510873871257,0.0960329408729232,0.0420648584761882,0.0325927099864044,0.1348181152495908,0.0672734395141832,0.2301904560018566,0.2542916275016958,0.0442358391697189,0.0961352040743269,10_sp_aij_17,6550368,0.1,10,1988,38,40,even
839,30.0,0.0513514663689934,0.0961803435710467,0.0413426255073118,0.0265554324101413,0.1360567213096952,0.06816462141165,0.1707330517808434,0.2921627067216192,0.042476419753581,0.0957105710886723,10_sp_aij_17,6550368,0.1,10,1988,38,40,even
840,0.0,0.08,0.09,0.09,0.05,0.05,0.07,0.09,0.02,0.04,0.06,10_sp_aij_17,6667140,0.1,10,1988,38,40,even
841,0.6060606060606061,0.0789802851122251,0.1209120790734223,0.0782376590487555,0.0579967090851079,0.0580745104557392,0.0776666065275011,0.1064179650770646,0.0236918265861321,0.0436767389682512,0.0577308078366429,10_sp_aij_17,6667140,0.1,10,1988,38,40,even
842,1.5151515151515151,0.0850205007252586,0.1505383291409364,0.0587500597645622,0.0498927911988772,0.0953574251151792,0.077488564883651,0.1202055369853553,0.0419884185270168,0.0379079895569622,0.0659878315716012,10_sp_aij_17,6667140,0.1,10,1988,38,40,even
843,2.121212121212121,0.1173624786077342,0.13131501924438,0.0616658859583722,0.0712263867168619,0.0854237285832178,0.0818217313799239,0.1461492934267442,0.0635714678116591,0.052070131099934,0.0726666245925397,10_sp_aij_17,6667140,0.1,10,1988,38,40,even
844,3.0303030303030303,0.1142383799287293,0.1125461948437171,0.0553651483660779,0.0700440666107592,0.0893945302306094,0.0697707327592159,0.1532397348342886,0.0752140779585604,0.0657467905219153,0.0818686594113226,10_sp_aij_17,6667140,0.1,10,1988,38,40,even
845,3.6363636363636367,0.105745765884166,0.1381986132471343,0.0605736756901151,0.0569204691441901,0.0815888866256672,0.0598616423106385,0.1628989429533166,0.103452319158688,0.0623367477239091,0.0870843955096113,10_sp_aij_17,6667140,0.1,10,1988,38,40,even
846,4.545454545454546,0.0965167997070747,0.1487461910206915,0.0695621705201975,0.046310866435749,0.0873836913888167,0.0434912484207107,0.2127167691646524,0.0967747859860073,0.0664740627603425,0.0781050460672151,10_sp_aij_17,6667140,0.1,10,1988,38,40,even
847,5.151515151515151,0.0920888242470497,0.1495846432349216,0.0631939938453931,0.045409492887916,0.0997796554082235,0.0477398543266774,0.2608782707483236,0.1095424874923251,0.0736131423803837,0.0907919055086133,10_sp_aij_17,6667140,0.1,10,1988,38,40,even
848,6.0606060606060606,0.0833827906439376,0.134150995092552,0.0705444065293997,0.0426289090687181,0.0950486152157031,0.0495017106512603,0.2250991978334261,0.1059187032017145,0.0691057069914811,0.1015909839008018,10_sp_aij_17,6667140,0.1,10,1988,38,40,even
849,6.666666666666667,0.0901553580283429,0.1352433427444016,0.0715504307062362,0.0457024123502479,0.0849185506057057,0.0501321697541908,0.1910566752018729,0.1347558144893398,0.070978702628781,0.0925763783273306,10_sp_aij_17,6667140,0.1,10,1988,38,40,even
850,7.575757575757576,0.0525166342037871,0.1278157398641898,0.0755016209277947,0.0495200534877063,0.1092365458623899,0.0638163215013059,0.1988372369498904,0.1802792364582773,0.0766519975333045,0.09570638963117,10_sp_aij_17,6667140,0.1,10,1988,38,40,even
851,8.181818181818182,0.0484547038358577,0.1186047661636293,0.0876667643504526,0.0499300261484588,0.1179827774284967,0.0704527943700929,0.2070439260628101,0.1948854353342072,0.0684371450823044,0.0984003747949585,10_sp_aij_17,6667140,0.1,10,1988,38,40,even
852,9.090909090909092,0.0519800859545037,0.1403575733477784,0.0581281928343854,0.0551575186500777,0.1120525506433236,0.0683135616734834,0.2321005907059103,0.2205469668683593,0.0700885823237151,0.1280411428479032,10_sp_aij_17,6667140,0.1,10,1988,38,40,even
853,10.0,0.0551911300230905,0.1325291506835474,0.0733101710547367,0.0527340857502448,0.1340059815360843,0.0725678933379615,0.2087553563995018,0.2220349489776651,0.0571466240867909,0.082813811432356,10_sp_aij_17,6667140,0.1,10,1988,38,40,even
854,10.606060606060606,0.0633054418263929,0.1415479234222803,0.0550265160178204,0.0623345904273643,0.1324012613365305,0.0714247468202724,0.2252252349803085,0.2429752922509676,0.0630412511612118,0.0895545341322133,10_sp_aij_17,6667140,0.1,10,1988,38,40,even
855,11.515151515151516,0.0525836466157368,0.1478153408721365,0.0499582933865085,0.041918999690372,0.1157504297608832,0.0657239146383187,0.2095182294777969,0.1592964488657497,0.0589932184426913,0.1081117542444141,10_sp_aij_17,6667140,0.1,10,1988,38,40,even
856,12.12121212121212,0.0579504205618937,0.1521042001334445,0.0464307970545521,0.0370154988424692,0.1184603755449546,0.0761846734229006,0.2320281144697831,0.1674635248704163,0.0718951411203775,0.1119793071850343,10_sp_aij_17,6667140,0.1,10,1988,38,40,even
857,13.030303030303031,0.0610684714666008,0.1575015817801355,0.0420890274014847,0.0362790308759459,0.09693876023472,0.074108612375371,0.2034459120785212,0.189583466407784,0.0793708240650077,0.0807989469518402,10_sp_aij_17,6667140,0.1,10,1988,38,40,even
858,13.636363636363637,0.0681693473649815,0.1578806947663821,0.047298733501817,0.0443536953569735,0.1079410518274427,0.0749653939343118,0.1913774574481334,0.2429655040625162,0.0853153771261939,0.0665700070430176,10_sp_aij_17,6667140,0.1,10,1988,38,40,even
859,14.545454545454549,0.0611496779717488,0.1690928372311968,0.0340393391465868,0.0372485681790361,0.0917112699686834,0.0933757660705532,0.2097179168351461,0.2341828284041276,0.0707482894233362,0.073451574472007,10_sp_aij_17,6667140,0.1,10,1988,38,40,even
860,15.151515151515152,0.0610269721849035,0.1624298546871772,0.0294246591202597,0.0340518080028706,0.0801467090223268,0.0865928934299967,0.2567745202308932,0.2224713328310163,0.0724494405514899,0.0689927476125194,10_sp_aij_17,6667140,0.1,10,1988,38,40,even
861,16.060606060606062,0.070113113474286,0.1656625595450158,0.0208304404472549,0.0322548556311226,0.1020560452517382,0.0642350541900482,0.2532231074585019,0.2625371791689841,0.0638670784338531,0.0894096852402339,10_sp_aij_17,6667140,0.1,10,1988,38,40,even
862,16.666666666666668,0.0762419203046195,0.1809613194295495,0.0214544620165602,0.0360558523874963,0.1247747296212026,0.0640679176336622,0.2488141334532613,0.2421931901834604,0.0431635788126702,0.1185375410738749,10_sp_aij_17,6667140,0.1,10,1988,38,40,even
863,17.575757575757578,0.0810116491098568,0.1762496548517064,0.016760890982497,0.0320895218036649,0.1101129204765418,0.0778755475387938,0.2664378496828088,0.263669307625812,0.0493715108214051,0.1043978800285923,10_sp_aij_17,6667140,0.1,10,1988,38,40,even
864,18.181818181818183,0.0682282830363087,0.1876216528414604,0.022828900891024,0.0317949046234589,0.1185383596217581,0.0705973344748993,0.2818377967509347,0.2410056792428966,0.0517186036823914,0.0885821613548581,10_sp_aij_17,6667140,0.1,10,1988,38,40,even
865,19.09090909090909,0.0707316512600885,0.1482544048800433,0.0199072804401558,0.0317224142727385,0.1698923999541647,0.0706397529727087,0.216204956963441,0.2215384027735472,0.060924958648557,0.1093884481895797,10_sp_aij_17,6667140,0.1,10,1988,38,40,even
866,20.0,0.0570480915004203,0.1374259992549372,0.0216905352849722,0.0321506196640466,0.1656034658121572,0.0759820676099571,0.1871090050127966,0.1814177128220542,0.0492692573590613,0.1104510442177921,10_sp_aij_17,6667140,0.1,10,1988,38,40,even
867,20.60606060606061,0.0471042933325317,0.1473820542577241,0.0228332763231669,0.0389852038107293,0.1351874489540488,0.083981053142352,0.1327600258805273,0.2027624444974591,0.0450700782170327,0.1010576367900387,10_sp_aij_17,6667140,0.1,10,1988,38,40,even
868,21.51515151515152,0.04641468858328,0.1240980147493342,0.0196618440625162,0.0563280416725156,0.1540885338456751,0.0997970013766244,0.1615620044646183,0.1625348115341629,0.0481469861464109,0.08109924626167,10_sp_aij_17,6667140,0.1,10,1988,38,40,even
869,22.12121212121212,0.0432486180486407,0.1359496164900453,0.0206573101163598,0.0666083643480539,0.2090361277072206,0.0927546468515762,0.2066222540127923,0.1561318569933251,0.0527115662217005,0.0778629279615832,10_sp_aij_17,6667140,0.1,10,1988,38,40,even
870,23.03030303030303,0.0467955554621919,0.1086349665785537,0.0248873583837821,0.0709896677933548,0.1807911952055471,0.0920743059898722,0.2643027790992652,0.1732624138710314,0.0625630985064971,0.0616664865696624,10_sp_aij_17,6667140,0.1,10,1988,38,40,even
871,23.63636363636364,0.0535538387987329,0.1254495710788313,0.0224661631792878,0.0766009001580402,0.1822999702367782,0.0816887432542786,0.2942829674496465,0.1720041838956439,0.0589651428883176,0.0435595016432424,10_sp_aij_17,6667140,0.1,10,1988,38,40,even
872,24.545454545454547,0.0727102418256159,0.1366337397749357,0.0273205734843294,0.0596454635124653,0.113653143853723,0.0845043170368644,0.3460488936518365,0.2178681143068085,0.0511475471211089,0.0326530256499356,10_sp_aij_17,6667140,0.1,10,1988,38,40,even
873,25.151515151515152,0.082876155222155,0.1403557892962416,0.0220843021118977,0.0707781950730513,0.1211651185370653,0.0636386571582203,0.3052283387537733,0.2641466511497554,0.0503703443871368,0.0295385622977256,10_sp_aij_17,6667140,0.1,10,1988,38,40,even
874,26.060606060606062,0.0697529454031465,0.1438880298668015,0.0182214239599532,0.0758537083875599,0.1182124438710346,0.0621436964075569,0.3227819398011922,0.2110585017217516,0.0539518649693288,0.0248927997132887,10_sp_aij_17,6667140,0.1,10,1988,38,40,even
875,26.666666666666668,0.0743964362791378,0.1253090304201572,0.0169969400041176,0.0801986724366226,0.1072271712044715,0.0554607955497606,0.3131685162732206,0.1853433153519756,0.0439942204550483,0.0257738774647596,10_sp_aij_17,6667140,0.1,10,1988,38,40,even
876,27.575757575757574,0.0781316031889172,0.1175584497831695,0.0137270596472246,0.0779413927897452,0.1286690444710953,0.0526163033665017,0.2630619646078027,0.2343699219164786,0.0347711847432101,0.0301258449300932,10_sp_aij_17,6667140,0.1,10,1988,38,40,even
877,28.181818181818183,0.0607353669870177,0.1337019296570948,0.0145066317429344,0.0682508810785888,0.1573208974371434,0.0524843574828786,0.3309072654164506,0.2348611873898109,0.0415928180755892,0.0231909947199118,10_sp_aij_17,6667140,0.1,10,1988,38,40,even
878,29.090909090909093,0.0501796462801188,0.1343931278610181,0.0203444495594444,0.0553260718303971,0.1281143545512419,0.0500510279409661,0.2584392919096858,0.1924285981212308,0.0573561704787872,0.0205924797056241,10_sp_aij_17,6667140,0.1,10,1988,38,40,even
879,30.0,0.0474477131967975,0.1600097191390093,0.0185159097259842,0.0453004273009185,0.0956986492770028,0.0476893007369677,0.2055547633326301,0.1775421562647413,0.0555642851935323,0.0185293441590319,10_sp_aij_17,6667140,0.1,10,1988,38,40,even
880,0.0,0.09,0.04,0.07,0.05,0.06,0.03,0.03,0.06,0.06,0.05,10_sp_aij_17,8493390,0.1,10,1988,38,40,even
881,0.6060606060606061,0.0809369981415215,0.0422410908611549,0.0670629728825102,0.0562339661847251,0.0503585637697217,0.0338266855900497,0.0392101192095965,0.0863847387050339,0.0718087932705284,0.0561510986811568,10_sp_aij_17,8493390,0.1,10,1988,38,40,even
882,1.5151515151515151,0.0699191891830067,0.0669868116187088,0.0619573778689369,0.0557781728929823,0.0608478702793395,0.0438070094217597,0.0512515172656493,0.1063138163921271,0.0691086275018108,0.0797821281981358,10_sp_aij_17,8493390,0.1,10,1988,38,40,even
883,2.121212121212121,0.0740917569028384,0.0871970199088873,0.0630241629089884,0.0486116619733485,0.0817837707876942,0.0559819195372947,0.0913099921478259,0.14112527393655,0.0670756495346854,0.0908331719243269,10_sp_aij_17,8493390,0.1,10,1988,38,40,even
884,3.0303030303030303,0.0983709425566087,0.0990029595456295,0.0645394233379613,0.0415021844547378,0.0721865453245648,0.0577053555310375,0.1165825804816058,0.1536094519367938,0.0612784390110402,0.0928164125867999,10_sp_aij_17,8493390,0.1,10,1988,38,40,even
885,3.6363636363636367,0.1084427783979657,0.1354771669109592,0.0838666164995564,0.044274471403184,0.0790641490153781,0.057212456504336,0.1297279716965905,0.1432848849835133,0.0486756210081793,0.1211565108616967,10_sp_aij_17,8493390,0.1,10,1988,38,40,even
886,4.545454545454546,0.1115593694396372,0.1400138167710796,0.0708065302445118,0.049767485360235,0.0849076498473046,0.0765567512067086,0.1757440063592268,0.157822054973404,0.0681148286466269,0.1283445659577322,10_sp_aij_17,8493390,0.1,10,1988,38,40,even
887,5.151515151515151,0.1200639102157111,0.1568024130904858,0.0753130692788925,0.0506320195571064,0.0881963194184815,0.0697053671401091,0.1762835019467426,0.1477435809923303,0.0538004005424907,0.1317241484936148,10_sp_aij_17,8493390,0.1,10,1988,38,40,even
888,6.0606060606060606,0.1005052929989604,0.1703781778274538,0.0703099799179646,0.0464790686245606,0.0701811282385024,0.0657326044304233,0.2276051518652999,0.1697559133602669,0.0559022238231878,0.120587156546704,10_sp_aij_17,8493390,0.1,10,1988,38,40,even
889,6.666666666666667,0.0829898032494219,0.1710687213449562,0.0618553366881621,0.0575150182330382,0.0655769916375963,0.0622460648282816,0.2677378044131215,0.1434282288814456,0.0565496515445396,0.123246198308784,10_sp_aij_17,8493390,0.1,10,1988,38,40,even
890,7.575757575757576,0.0836846980724411,0.1262733925258868,0.0575263432211115,0.0423153767182561,0.0758644365452039,0.0479784945848263,0.224906270855778,0.1451813572684263,0.075357302729812,0.1047634587412841,10_sp_aij_17,8493390,0.1,10,1988,38,40,even
891,8.181818181818182,0.0869520280050289,0.1327724190362019,0.0578439488674952,0.0588199919352139,0.0743271448186739,0.0454722530191399,0.2327842667741697,0.1730728748072403,0.0832777680222159,0.1372563452909972,10_sp_aij_17,8493390,0.1,10,1988,38,40,even
892,9.090909090909092,0.0827786595705762,0.1411656052318155,0.0643409215209758,0.0523629313273673,0.0828693528047499,0.0351558230303186,0.1980992313307867,0.1827433726883474,0.0822045361510067,0.1426928092506514,10_sp_aij_17,8493390,0.1,10,1988,38,40,even
893,10.0,0.0629149005227666,0.1315198857068651,0.0478862286433651,0.0441215269175331,0.0961143014291449,0.0432344609998238,0.2016329062771502,0.2510759862635793,0.0818547010229887,0.1869505443107924,10_sp_aij_17,8493390,0.1,10,1988,38,40,even
894,10.606060606060606,0.0526614029641597,0.1287387354685756,0.041978833797524,0.0371727000222019,0.1019208886662175,0.0394311485274519,0.1849533767909786,0.2925319164183879,0.0692896547310709,0.182730207148734,10_sp_aij_17,8493390,0.1,10,1988,38,40,even
895,11.515151515151516,0.0552043940896214,0.1197071419073654,0.0411248566258396,0.0298935635824964,0.1137796288000117,0.0491819203389106,0.1865087823861372,0.2551389631936199,0.0570695353673494,0.1646032219406435,10_sp_aij_17,8493390,0.1,10,1988,38,40,even
896,12.12121212121212,0.0633984286841683,0.1139610571754469,0.0384969542881403,0.0270603003803456,0.1070005288886126,0.0485799072216081,0.1840457779735487,0.2258604267495439,0.0585568566212304,0.1076339905967728,10_sp_aij_17,8493390,0.1,10,1988,38,40,even
897,13.030303030303031,0.0606289681424867,0.1230703216900857,0.0384415292639607,0.0276419042629381,0.1740884230053923,0.0434776748459958,0.2112277826636577,0.2662688978892686,0.0445380471513245,0.1122691525361068,10_sp_aij_17,8493390,0.1,10,1988,38,40,even
898,13.636363636363637,0.0570204005724657,0.1363060191675024,0.0391373794194235,0.0254681732892548,0.144506981857252,0.0501732640161283,0.2202825031988235,0.2278835833325011,0.0524784129512461,0.136481945917708,10_sp_aij_17,8493390,0.1,10,1988,38,40,even
899,14.545454545454549,0.0468865030739426,0.141773274519157,0.0492565724527362,0.0334407355627839,0.158829472628023,0.0498912404971185,0.1843884119548974,0.2249800904712332,0.0604083377352345,0.1436274711778898,10_sp_aij_17,8493390,0.1,10,1988,38,40,even
900,15.151515151515152,0.038995160750234,0.1573107167350344,0.0663735063662629,0.0362040186480519,0.1173255652690646,0.0555685600802112,0.1829177120122578,0.2058695534092885,0.0639355879704654,0.1318601090460767,10_sp_aij_17,8493390,0.1,10,1988,38,40,even
901,16.060606060606062,0.034817004489991,0.1131450582478085,0.0718077154367596,0.0332455298338969,0.1368601969198074,0.0601150258107129,0.1662061977392199,0.1750318156612782,0.0528188459597505,0.1246545976632284,10_sp_aij_17,8493390,0.1,10,1988,38,40,even
902,16.666666666666668,0.0233284089687666,0.1171106453731921,0.0761676962198472,0.0318288406310224,0.1347249217974136,0.0723731076846122,0.2093216243968142,0.2028605728137556,0.0665311219130875,0.1299813125289551,10_sp_aij_17,8493390,0.1,10,1988,38,40,even
903,17.575757575757578,0.0204900707098026,0.1291526906328169,0.0674193716903366,0.041223982752542,0.1571527240124317,0.0770709176197771,0.2138674211570822,0.2262958245507139,0.0400547492588203,0.0868805191326543,10_sp_aij_17,8493390,0.1,10,1988,38,40,even
904,18.181818181818183,0.0183808984474708,0.1067885128644932,0.056896287465945,0.0412006475745265,0.1555664882700415,0.0833829283717068,0.2007378631974433,0.2664659825296047,0.0387556246120463,0.0841507510998221,10_sp_aij_17,8493390,0.1,10,1988,38,40,even
905,19.09090909090909,0.0197199509062604,0.1116424221386535,0.0543813184768732,0.052707633767813,0.140203386985174,0.0903031761110521,0.2362652222120659,0.2173671526941803,0.0287095044032092,0.0888153881738946,10_sp_aij_17,8493390,0.1,10,1988,38,40,even
906,20.0,0.0215482884063076,0.1485283805876502,0.0589561864329898,0.0545471560696348,0.1303206951132245,0.1088813758065716,0.2004088328875757,0.2354483769818611,0.0389363072742174,0.0812712439407076,10_sp_aij_17,8493390,0.1,10,1988,38,40,even
907,20.60606060606061,0.0289932299561854,0.136235429496974,0.0439470709959057,0.041585708003771,0.1200457712889897,0.0982746916324198,0.2470190967847156,0.2056098481312689,0.0384469104059638,0.0595400842770646,10_sp_aij_17,8493390,0.1,10,1988,38,40,even
908,21.51515151515152,0.0454322154466758,0.106946253446522,0.0474739680041781,0.0463905608461844,0.1418524862331099,0.1051653560200504,0.2054320127775503,0.2370783847557064,0.0359042970441336,0.05398247515864,10_sp_aij_17,8493390,0.1,10,1988,38,40,even
909,22.12121212121212,0.0492470489898333,0.1129338060800705,0.0613063440514923,0.047407577129699,0.1562833047999788,0.1187834827660071,0.2374580870267697,0.2283035314069997,0.0411500735481386,0.0547304031116194,10_sp_aij_17,8493390,0.1,10,1988,38,40,even
910,23.03030303030303,0.0376752448359236,0.120584417599317,0.056880975561361,0.0324469819455709,0.1413405036727951,0.0866547691934989,0.2579057902355173,0.2125943141075941,0.0416632675994756,0.0635195469572707,10_sp_aij_17,8493390,0.1,10,1988,38,40,even
911,23.63636363636364,0.0374388937966604,0.1237367484404165,0.0577679341582928,0.0340403801582735,0.1152547886802962,0.0850497747588356,0.2439982894945677,0.196217047079782,0.0388949425032368,0.0624332095166753,10_sp_aij_17,8493390,0.1,10,1988,38,40,even
912,24.545454545454547,0.0581685959866389,0.1183012869029203,0.0484425224785495,0.0254608892450706,0.1444247412842074,0.0977833610165443,0.3636931428700281,0.2195611232722666,0.0293704555031377,0.0675312618342701,10_sp_aij_17,8493390,0.1,10,1988,38,40,even
913,25.151515151515152,0.0512229462468823,0.1198888437456166,0.0600121682736607,0.0257359637625174,0.1675173979714172,0.1002629886769271,0.2820352185360653,0.2341487099255926,0.0234485702268177,0.0747278032528728,10_sp_aij_17,8493390,0.1,10,1988,38,40,even
914,26.060606060606062,0.0465533367153908,0.0842007661828728,0.0390852994468928,0.0273986888156458,0.1169840356677783,0.1101469059720845,0.2574600735404224,0.1743879243761679,0.0238954883251939,0.0849659208784248,10_sp_aij_17,8493390,0.1,10,1988,38,40,even
915,26.666666666666668,0.0497037195094616,0.0821357187502014,0.0377206504994738,0.0343601943989489,0.1065210981810671,0.0847063802503095,0.2829826513544385,0.1939185413544256,0.0369414985523439,0.1020720567610531,10_sp_aij_17,8493390,0.1,10,1988,38,40,even
916,27.575757575757574,0.0501734323457873,0.1150759572889329,0.0352276235527984,0.0376931979887042,0.109721007876617,0.0721811452127567,0.227338765214501,0.2433182256052206,0.029568387114961,0.0695373398619868,10_sp_aij_17,8493390,0.1,10,1988,38,40,even
917,28.181818181818183,0.0672388309162329,0.1043291828879175,0.0289212132128094,0.0351662374407383,0.10542136035459,0.0523130028344367,0.2140467905444964,0.2331634007484239,0.0274044181919387,0.0862049441533174,10_sp_aij_17,8493390,0.1,10,1988,38,40,even
918,29.090909090909093,0.0785106195135213,0.1154427352654593,0.0347513735534857,0.0393256310248246,0.1207254588252272,0.0426899247473692,0.2289197474830756,0.1392330554298375,0.0341445064567668,0.0798383310408238,10_sp_aij_17,8493390,0.1,10,1988,38,40,even
919,30.0,0.0661733089453115,0.1162825577554392,0.0524652891008249,0.0375475920538534,0.1491337054074615,0.0597177600093454,0.2299852268834677,0.2039119730936398,0.0373472466644767,0.0642949397710322,10_sp_aij_17,8493390,0.1,10,1988,38,40,even
920,0.0,0.09,0.06,0.02,0.05,0.08,0.04,0.07,0.03,0.01,0.06,10_sp_aij_17,8717317,0.1,10,1988,38,40,even
921,0.6060606060606061,0.0909050339038458,0.0727995714570197,0.0265644298789733,0.0464876094955213,0.0926522951094512,0.051861458100659,0.0931497226307107,0.02951184507682,0.0101674595655911,0.0658324058420458,10_sp_aij_17,8717317,0.1,10,1988,38,40,even
922,1.5151515151515151,0.0559961089281076,0.0812223600266399,0.0261164910445593,0.0440110750249617,0.1016427107733244,0.0563745745921258,0.0935495403747205,0.0398299476490438,0.01301581359944,0.0767605683002222,10_sp_aij_17,8717317,0.1,10,1988,38,40,even
923,2.121212121212121,0.0498810246800167,0.1094291981680514,0.029393716374559,0.0584413072065689,0.0918711354421975,0.0610831171691178,0.1277341656243875,0.0490596765932979,0.0164099456221529,0.0925619641484882,10_sp_aij_17,8717317,0.1,10,1988,38,40,even
924,3.0303030303030303,0.0480285966407257,0.1418361501889049,0.0289318133515994,0.0722741734229874,0.0931873852619416,0.076481544672256,0.1710206288560271,0.0775381967359316,0.0214713797513436,0.0757514869203949,10_sp_aij_17,8717317,0.1,10,1988,38,40,even
925,3.6363636363636367,0.0441006030059136,0.1675720362982059,0.0320890710040136,0.0566418355602312,0.0925288495602123,0.0866797391542475,0.128796619291678,0.1185199310589072,0.0264148295418501,0.0612384657124976,10_sp_aij_17,8717317,0.1,10,1988,38,40,even
926,4.545454545454546,0.0372256767593244,0.1222991096486936,0.0271746895615516,0.0643234965982938,0.0912942029501398,0.0775548753381764,0.1680098088748625,0.119710408761687,0.0330871488850534,0.0578419934403793,10_sp_aij_17,8717317,0.1,10,1988,38,40,even
927,5.151515151515151,0.0317460975449377,0.1346058455130673,0.0293847676312437,0.0635352122982247,0.0864154416804058,0.0896181836471809,0.1679833404066443,0.1332145813761808,0.0334656193482596,0.0743075064998163,10_sp_aij_17,8717317,0.1,10,1988,38,40,even
928,6.0606060606060606,0.026536106066943,0.1498528812132343,0.0353674007037286,0.0648148079501869,0.0908013751279359,0.0929777106345957,0.2080134974654497,0.1548220414323064,0.0421315809434613,0.0753474685515227,10_sp_aij_17,8717317,0.1,10,1988,38,40,even
929,6.666666666666667,0.0262377140383038,0.1281343851340624,0.0327912846158983,0.0640784274719417,0.1147853027775754,0.0964213172561492,0.2195989624437803,0.1410236041152946,0.0472088402607821,0.0834443656779444,10_sp_aij_17,8717317,0.1,10,1988,38,40,even
930,7.575757575757576,0.0254594613095219,0.106263821951732,0.0410478940463107,0.0718935233464494,0.1446574018325437,0.0767679665698886,0.2122700530547323,0.1603086770430855,0.059641255887065,0.0717089052191511,10_sp_aij_17,8717317,0.1,10,1988,38,40,even
931,8.181818181818182,0.0270200448929135,0.0958319961486489,0.0393588438884182,0.0667150158194335,0.1260326320178637,0.0658682096792758,0.2637489666152759,0.1552417588417638,0.0646628737216473,0.0686920305335617,10_sp_aij_17,8717317,0.1,10,1988,38,40,even
932,9.090909090909092,0.0362977066471915,0.1323552687001806,0.0455526919831397,0.077627455390161,0.1272535514892984,0.0782433488303136,0.2924605741922747,0.1488195564733084,0.0721917291527984,0.0737493167625858,10_sp_aij_17,8717317,0.1,10,1988,38,40,even
933,10.0,0.0334373327263774,0.1487660358500593,0.0451593845764863,0.0769728297270046,0.1376595335188242,0.0815854168117943,0.2701311347088622,0.1798717772773226,0.0646614126711598,0.0827028686130644,10_sp_aij_17,8717317,0.1,10,1988,38,40,even
934,10.606060606060606,0.0354390867509201,0.151190331327638,0.0370028848892182,0.0627219376941101,0.1455760281245295,0.0909904276299008,0.3221206518096505,0.1838335320001081,0.0671184125850641,0.0676628268013399,10_sp_aij_17,8717317,0.1,10,1988,38,40,even
935,11.515151515151516,0.0355198990016648,0.159064472025845,0.0259675022391652,0.0511135356930748,0.142144603123251,0.0935316376651607,0.3935028971857483,0.2081844246641359,0.0574098944947625,0.0523645935953123,10_sp_aij_17,8717317,0.1,10,1988,38,40,even
936,12.12121212121212,0.0324517213177223,0.1260375159967569,0.0257370448933052,0.0378683161283487,0.1693050715283176,0.0705780550939922,0.3832837817074532,0.2665837646246631,0.0439494904602794,0.0405906278496621,10_sp_aij_17,8717317,0.1,10,1988,38,40,even
937,13.030303030303031,0.0347567282017807,0.0957074162368688,0.02692350006331,0.0340133227369892,0.1582881101028803,0.0596946080681112,0.3051352244430643,0.3695247762970803,0.0325480321064846,0.0454501444089543,10_sp_aij_17,8717317,0.1,10,1988,38,40,even
938,13.636363636363637,0.037752879408512,0.0943014734181627,0.0261924305112456,0.0266787339956906,0.1600291021857404,0.0605234099508031,0.2441445932691394,0.3687846994393455,0.0262834449674369,0.0440666748015353,10_sp_aij_17,8717317,0.1,10,1988,38,40,even
939,14.545454545454549,0.0371264296009749,0.0868978036515875,0.0247308612569391,0.024884536957176,0.1601744586151472,0.0541506787799871,0.2832528929113186,0.3370623091639071,0.0206807609206297,0.0509854224295205,10_sp_aij_17,8717317,0.1,10,1988,38,40,even
940,15.151515151515152,0.0449015998585015,0.0878132896380912,0.0293258567098678,0.0209284009929368,0.1679349876578824,0.0537943582321422,0.2470511371881407,0.2759233965999773,0.0213227760296378,0.0501726194195594,10_sp_aij_17,8717317,0.1,10,1988,38,40,even
941,16.060606060606062,0.0325293984762755,0.0953987199268561,0.0403138612598859,0.0124314866086758,0.2008492516426625,0.0693896169164998,0.275323196219445,0.289703049366522,0.0197809783523585,0.0415120069545268,10_sp_aij_17,8717317,0.1,10,1988,38,40,even
942,16.666666666666668,0.034508729658575,0.100959753373171,0.0350604521743028,0.0162723055310589,0.1446063510928832,0.0881726970145864,0.2786340755639808,0.2850429358240836,0.0196926942663733,0.0405830382572918,10_sp_aij_17,8717317,0.1,10,1988,38,40,even
943,17.575757575757578,0.0379297827415563,0.0757187124148143,0.0225291877654978,0.0106348375400072,0.1556753112784411,0.0992293056581761,0.3070528261171786,0.2967916424952423,0.016217692399829,0.0315487345183753,10_sp_aij_17,8717317,0.1,10,1988,38,40,even
944,18.181818181818183,0.0427421281713904,0.0822843296484983,0.0241493503364556,0.0091400992184422,0.1564003163240551,0.0992297078971692,0.2865133756401518,0.2734052169609399,0.013889617639867,0.0346553622034342,10_sp_aij_17,8717317,0.1,10,1988,38,40,even
945,19.09090909090909,0.0577325484035222,0.0883446944205444,0.0325006477720252,0.0071964971481228,0.1346706749026843,0.0818896143346207,0.2460679100358759,0.2658857795292338,0.0125907474109338,0.0283240302238534,10_sp_aij_17,8717317,0.1,10,1988,38,40,even
946,20.0,0.057602044877742,0.0951038494754302,0.0395175280315499,0.004792166272283,0.1223024290546533,0.0743401213787792,0.3058865066496943,0.2507731209896807,0.0130205241498476,0.0306825386892936,10_sp_aij_17,8717317,0.1,10,1988,38,40,even
947,20.60606060606061,0.049157448223175,0.1161681097552448,0.0456261343463245,0.003812101746556,0.117669420272414,0.0798553819239153,0.351155912983331,0.2604254135683625,0.0098847039215247,0.0322972734798595,10_sp_aij_17,8717317,0.1,10,1988,38,40,even
948,21.51515151515152,0.0546152667603766,0.1015913543351701,0.0436797460953118,0.0033738999222264,0.1506611868832644,0.0859855976605828,0.3104716964650971,0.304326796693401,0.0062352819565636,0.0337126862503591,10_sp_aij_17,8717317,0.1,10,1988,38,40,even
949,22.12121212121212,0.0528541971862831,0.106322371780822,0.0434592470360039,0.0039211180648898,0.1283559645478484,0.081880977888033,0.3099953181981384,0.2908073914450342,0.0067839588415407,0.034477451015075,10_sp_aij_17,8717317,0.1,10,1988,38,40,even
950,23.03030303030303,0.0548388400367478,0.0995287905710574,0.0432859217641128,0.0040515719582604,0.1334506671295448,0.0866637607962234,0.1834397361630056,0.2777090468919007,0.0059388680317392,0.0353846709370556,10_sp_aij_17,8717317,0.1,10,1988,38,40,even
951,23.63636363636364,0.0481307270201416,0.1211455272550121,0.0462890325614109,0.0034501836591348,0.1457012736873705,0.0851585722948601,0.2350660920030589,0.2516530982104085,0.0056000976649673,0.0303238992345332,10_sp_aij_17,8717317,0.1,10,1988,38,40,even
952,24.545454545454547,0.0417536999041651,0.1061626341538929,0.0345691472508016,0.0026624727984821,0.1530373642417705,0.0722545283622513,0.199945498524788,0.2908776473071927,0.004868780059926,0.0335910504330045,10_sp_aij_17,8717317,0.1,10,1988,38,40,even
953,25.151515151515152,0.0411823767216453,0.0906097455088316,0.0294713438831383,0.0031820923102782,0.158348427992411,0.0786085627179947,0.2366992652374329,0.2813420050223676,0.0037054108943929,0.0357974124327735,10_sp_aij_17,8717317,0.1,10,1988,38,40,even
954,26.060606060606062,0.0488295292304876,0.1095757947475326,0.0269815008752788,0.0,0.1229835440532681,0.0756768677948761,0.2313327089630296,0.3011883828853304,0.0036160228151669,0.0401275554705155,10_sp_aij_17,8717317,0.1,10,1988,38,40,even
955,26.666666666666668,0.0507451800522416,0.1358394325290716,0.0233193927045632,0.0,0.1552652203221838,0.0588202466357556,0.2362182457266075,0.2447254025832304,0.0035537700813123,0.0395174271897473,10_sp_aij_17,8717317,0.1,10,1988,38,40,even
956,27.575757575757574,0.04527946782072,0.1373083519816332,0.0368935369924583,0.0,0.175809700496442,0.0735284231123018,0.2382828592861883,0.2117502524456511,0.0042134802616464,0.0488929321916945,10_sp_aij_17,8717317,0.1,10,1988,38,40,even
957,28.181818181818183,0.0424812704220892,0.1426619784511279,0.0486883233320592,0.0,0.1700612414054099,0.0756124605153851,0.2296950739536281,0.2021705482263465,0.003881480418543,0.0522446081078719,10_sp_aij_17,8717317,0.1,10,1988,38,40,even
958,29.090909090909093,0.0343052929678184,0.1243292623085912,0.0598194588243417,0.0,0.1444432397574424,0.0888926706600582,0.2018618280216218,0.2354771775510495,0.004043810355612,0.0473161732343888,10_sp_aij_17,8717317,0.1,10,1988,38,40,even
959,30.0,0.0398821753753454,0.1299995256058793,0.0685404430187809,0.0,0.1446147591679434,0.0953842874756022,0.1629549267130121,0.2048231737597409,0.0043172783660231,0.0401264784521636,10_sp_aij_17,8717317,0.1,10,1988,38,40,even
960,0.0,0.09,0.09,0.08,0.08,0.08,0.06,0.04,0.01,0.09,0.02,10_sp_aij_17,8982779,0.1,10,1988,38,40,even
961,0.6060606060606061,0.0942583921092949,0.1112977782491656,0.0700303197674189,0.0687239030218813,0.0823981155194515,0.0648950256366319,0.0593485102496879,0.0114560579607918,0.0821944305118512,0.0162226083319054,10_sp_aij_17,8982779,0.1,10,1988,38,40,even
962,1.5151515151515151,0.1123796536224441,0.1278842543550249,0.0673734378861782,0.0712180331172366,0.1000743867662484,0.0441931879628746,0.0905779055072258,0.0161162026158969,0.0957730277300571,0.0181222500276466,10_sp_aij_17,8982779,0.1,10,1988,38,40,even
963,2.121212121212121,0.0904948197475101,0.1701084084549648,0.0585048822445702,0.0712111780845846,0.1011415015166248,0.0521779404600031,0.111024807170435,0.020059329868743,0.0979117307505341,0.0208588302252183,10_sp_aij_17,8982779,0.1,10,1988,38,40,even
964,3.0303030303030303,0.0945112920988546,0.1647479561693092,0.0596820458434329,0.0773044686353117,0.1021239061542032,0.0593250443847803,0.1370336355724019,0.0267754474125131,0.1008224826359101,0.0333432291944016,10_sp_aij_17,8982779,0.1,10,1988,38,40,even
965,3.6363636363636367,0.0664070708422756,0.2015912539419593,0.0602659367778809,0.0755328174584828,0.0711339062270977,0.0562338159998423,0.1751551314076478,0.0399536951597734,0.0968512443247921,0.0418220588412739,10_sp_aij_17,8982779,0.1,10,1988,38,40,even
966,4.545454545454546,0.084176116144099,0.1654109881129715,0.0461436203149317,0.0824594499269981,0.0990888895256855,0.0569860236977258,0.2447409415569781,0.0570611131039073,0.1066141134527293,0.0550657885586259,10_sp_aij_17,8982779,0.1,10,1988,38,40,even
967,5.151515151515151,0.094473085918048,0.1912689862110944,0.0401007421284442,0.103639416206029,0.1090309560115635,0.0521104096558416,0.2324646728398142,0.0763404784874109,0.086820300690865,0.0648162722601877,10_sp_aij_17,8982779,0.1,10,1988,38,40,even
968,6.0606060606060606,0.0914878533107427,0.1662808125282903,0.0315384146451626,0.1135331459174231,0.1311997636645189,0.0564627220423117,0.1749186009052206,0.1206855502071104,0.0770683228090043,0.0585587958681459,10_sp_aij_17,8982779,0.1,10,1988,38,40,even
969,6.666666666666667,0.0949283610943466,0.1625841724565142,0.0252240466676492,0.123389809011837,0.1070885227226103,0.047350255395002,0.2126065800553444,0.1410344961147291,0.0822033893325115,0.0461262608210835,10_sp_aij_17,8982779,0.1,10,1988,38,40,even
970,7.575757575757576,0.0850691923190975,0.1492117648867907,0.0235749038792819,0.105200879890619,0.1087451458913644,0.0321751464612694,0.2490875498061376,0.1405568385149547,0.0866552942476005,0.0633205052486004,10_sp_aij_17,8982779,0.1,10,1988,38,40,even
971,8.181818181818182,0.072001847201241,0.1505826231120061,0.0234968338363756,0.1216018387970527,0.1371846454377956,0.0288131970677784,0.2016498192409021,0.1799756730865351,0.1078316313139481,0.0558382975895491,10_sp_aij_17,8982779,0.1,10,1988,38,40,even
972,9.090909090909092,0.0531434718250452,0.1475947394312348,0.0215497201935322,0.0931782373193227,0.1372335327906342,0.0343910586342693,0.191323805702425,0.2022016078043418,0.117381131743616,0.0584508012867255,10_sp_aij_17,8982779,0.1,10,1988,38,40,even
973,10.0,0.0489287301187388,0.1302293921824578,0.024711939081891,0.0565924397081276,0.1241688346301164,0.0367716418558521,0.2158553507836709,0.2508594298621833,0.0861581944778197,0.0656919022140108,10_sp_aij_17,8982779,0.1,10,1988,38,40,even
974,10.606060606060606,0.0523832875790203,0.1306654153675565,0.0259526742942597,0.0595583661403897,0.1601045681915399,0.0349357773741749,0.2183905047209831,0.2570116720356123,0.0754595951466369,0.0734278616917337,10_sp_aij_17,8982779,0.1,10,1988,38,40,even
975,11.515151515151516,0.0447883833168081,0.1551599660761115,0.0287960442487324,0.054013075639437,0.1593371639417532,0.032428031402603,0.1868829508123838,0.2828667004475408,0.0649656651713424,0.0667284896189428,10_sp_aij_17,8982779,0.1,10,1988,38,40,even
976,12.12121212121212,0.0459460536401686,0.1436419569910081,0.0279542082784496,0.0602519867880342,0.1467673030598138,0.0327857698563146,0.2741112861830945,0.2171213171103583,0.0736747340239154,0.061087388220591,10_sp_aij_17,8982779,0.1,10,1988,38,40,even
977,13.030303030303031,0.0423413269294669,0.1524886892873175,0.0297662312135812,0.0615046937772376,0.1385172234698133,0.0319512172090218,0.2569017471479062,0.2095222234331169,0.0823341013150773,0.0656315044256844,10_sp_aij_17,8982779,0.1,10,1988,38,40,even
978,13.636363636363637,0.0434413103833629,0.1219395412525474,0.0305774586527179,0.0589239518308379,0.1103595040931019,0.0352248372293332,0.2807563572062385,0.2705958532917797,0.084305190183726,0.0520988788779663,10_sp_aij_17,8982779,0.1,10,1988,38,40,even
979,14.545454545454549,0.0527616281830813,0.1034620009816153,0.0241099649208985,0.0508610668586502,0.1292710162811033,0.0452867550847488,0.2361841491872861,0.2747021877722336,0.0646808563552865,0.0355786201091858,10_sp_aij_17,8982779,0.1,10,1988,38,40,even
980,15.151515151515152,0.0452573888608703,0.1097058917448674,0.0202578972111952,0.0471242007259554,0.1262398039106678,0.0516371322400944,0.3121840206238194,0.2617912861129481,0.0533493502852231,0.0404547252306725,10_sp_aij_17,8982779,0.1,10,1988,38,40,even
981,16.060606060606062,0.0418892870708909,0.1284790034067587,0.0169635526792877,0.0363349778344407,0.1478312338606487,0.0614365504538205,0.432165314091764,0.206207269841437,0.0453288551579309,0.0307776312492789,10_sp_aij_17,8982779,0.1,10,1988,38,40,even
982,16.666666666666668,0.0384859772309039,0.1470628164180178,0.020454068165692,0.0389018237067569,0.1556866424422924,0.0618700802079032,0.39320018071106,0.3255461212711635,0.039655787454212,0.0333076322737842,10_sp_aij_17,8982779,0.1,10,1988,38,40,even
983,17.575757575757578,0.0367727445767962,0.1838757624321878,0.0197559709421001,0.0340513312297577,0.1076739391047138,0.0617939947285272,0.2837377842099242,0.3039102038093191,0.0251173952871901,0.0305330432290025,10_sp_aij_17,8982779,0.1,10,1988,38,40,even
984,18.181818181818183,0.0324725589445629,0.1771039954747281,0.0169157506640167,0.0255118331898126,0.1237807006693589,0.0647400033288995,0.2873627292676177,0.2310548261370469,0.0200554633335055,0.0376342554451184,10_sp_aij_17,8982779,0.1,10,1988,38,40,even
985,19.09090909090909,0.0383283822184673,0.1488318037703524,0.0193304584071088,0.0260759189885636,0.1080383593147713,0.0623887372117708,0.2996722917437193,0.194768485049357,0.0218569216383164,0.0424640025291381,10_sp_aij_17,8982779,0.1,10,1988,38,40,even
986,20.0,0.0429749751465592,0.1519382343477443,0.0192519711627195,0.0265688413676475,0.1189968320758482,0.0624776520517992,0.22933870556704,0.2789990592243566,0.0223384730656917,0.0377492533347939,10_sp_aij_17,8982779,0.1,10,1988,38,40,even
987,20.60606060606061,0.0476875454364481,0.1091607577080386,0.0252472956225534,0.0211213028654485,0.1444208050083721,0.0552913101380029,0.2415047303385978,0.2228209157549346,0.0259254419324789,0.0417900336328698,10_sp_aij_17,8982779,0.1,10,1988,38,40,even
988,21.51515151515152,0.0309531683083836,0.125751080113369,0.0218484636489267,0.0139474358236727,0.1228535049943391,0.0513156969746505,0.2917804185465513,0.2428142343168504,0.0225494855343527,0.0395560478493145,10_sp_aij_17,8982779,0.1,10,1988,38,40,even
989,22.12121212121212,0.0304300448981443,0.1259096356323429,0.0190824199272603,0.0113702803725751,0.1374200042013785,0.0565826426581987,0.3092674666712592,0.2075351770204389,0.0256562037825802,0.0364098450517633,10_sp_aij_17,8982779,0.1,10,1988,38,40,even
990,23.03030303030303,0.026872633668163,0.1103262433376449,0.0179113908300118,0.0148659747846092,0.13809819856854,0.0687083008882445,0.2765570137462385,0.2183437905623821,0.0287554914995698,0.0299822738861575,10_sp_aij_17,8982779,0.1,10,1988,38,40,even
991,23.63636363636364,0.0267507175621519,0.1552137056870832,0.0174821083275013,0.013757114986862,0.1481071259123813,0.0572692338125327,0.2950397491395253,0.2018084043233669,0.0226830148473142,0.0317900259870765,10_sp_aij_17,8982779,0.1,10,1988,38,40,even
992,24.545454545454547,0.0251240103454104,0.1047215910645543,0.0215574920083922,0.0123807327509983,0.1650397076160117,0.0656398928949404,0.1910349970292545,0.2326876711457415,0.0204231575643006,0.0348225946964028,10_sp_aij_17,8982779,0.1,10,1988,38,40,even
993,25.151515151515152,0.0232015292089739,0.1226399061001797,0.0253444009598992,0.0105880398048529,0.2020733521424065,0.0826673893580349,0.2336467633235399,0.2783241428881163,0.0164734597066989,0.0333755595761573,10_sp_aij_17,8982779,0.1,10,1988,38,40,even
994,26.060606060606062,0.0216086506919791,0.1120704842412994,0.0323269425076639,0.0123989318214804,0.198851502062516,0.0863184626565466,0.2528533099988227,0.1988072544729293,0.0154454091539454,0.040557699521871,10_sp_aij_17,8982779,0.1,10,1988,38,40,even
995,26.666666666666668,0.0229289432636498,0.0896926409099773,0.0367028912608108,0.0115896300995562,0.178294181444195,0.0773675492245046,0.2500443367718415,0.2415365223999213,0.0163471150849845,0.0343901090399654,10_sp_aij_17,8982779,0.1,10,1988,38,40,even
996,27.575757575757574,0.0188470319707113,0.0877331370848076,0.0320463116046473,0.0092904474138027,0.1552141782705988,0.0910461669176929,0.2756087168267832,0.2199466827194632,0.0229919435345731,0.031897135005004,10_sp_aij_17,8982779,0.1,10,1988,38,40,even
997,28.181818181818183,0.0213333146450093,0.0915314506162646,0.031921475865528,0.009094506998456,0.141588147796934,0.1098253627986398,0.2886944646846712,0.2353852297505921,0.0200462032890078,0.0404410987497529,10_sp_aij_17,8982779,0.1,10,1988,38,40,even
998,29.090909090909093,0.0317792149638189,0.0957814495469823,0.0402341070206786,0.0091579390240805,0.1593033965595228,0.1317510715555878,0.3604970521526361,0.278209759415187,0.0173425755638162,0.0574998173320201,10_sp_aij_17,8982779,0.1,10,1988,38,40,even
999,30.0,0.0287002667228934,0.0957528173939445,0.0375349980888678,0.0103858470408914,0.1686495352108208,0.0891746604210024,0.2880632798169951,0.2993058787970371,0.0119948400133443,0.0611547287677641,10_sp_aij_17,8982779,0.1,10,1988,38,40,even
1000,0.0,0.06,0.08,0.04,0.05,0.07,0.09,0.05,0.09,0.04,0.05,10_sp_aij_17,9036584,0.1,10,1988,38,40,even
1001,0.6060606060606061,0.0805530758232213,0.0778239026022557,0.0400290290387599,0.0529132258492107,0.1029087434196937,0.1096756199705576,0.0755422843502441,0.0882597122407717,0.0391940733178967,0.0500655492663209,10_sp_aij_17,9036584,0.1,10,1988,38,40,even
1002,1.5151515151515151,0.0701317497346807,0.1144599344725401,0.0453520822468803,0.0617642407784395,0.136321870343118,0.0981998538476785,0.1072884821614682,0.0889884671341953,0.0353961722191317,0.0527726272518179,10_sp_aij_17,9036584,0.1,10,1988,38,40,even
1003,2.121212121212121,0.0706866696625209,0.1158435984058028,0.0525525346688392,0.0608997626458756,0.1364379249283003,0.1073783688512682,0.1393705699811806,0.1004013852978199,0.0405034213558956,0.053563048931919,10_sp_aij_17,9036584,0.1,10,1988,38,40,even
1004,3.0303030303030303,0.0557051234074351,0.1344303967123923,0.05896915515977,0.0540942735385946,0.1634621551624738,0.0951999695970211,0.1883772746344786,0.1142062266689688,0.0516784068885895,0.0790897041019253,10_sp_aij_17,9036584,0.1,10,1988,38,40,even
1005,3.6363636363636367,0.0549429160606063,0.1255724034365287,0.0519039987418318,0.0522851567204918,0.1482302045016456,0.0927627851894891,0.1896237356328043,0.0957692946547397,0.0507159427414785,0.0908829586582195,10_sp_aij_17,9036584,0.1,10,1988,38,40,even
1006,4.545454545454546,0.05169765647581,0.0975251638639786,0.069198678178712,0.0753233271513392,0.2110766533075062,0.113719848615068,0.2276749429865897,0.1231931653653364,0.0732338195727507,0.0750982423255983,10_sp_aij_17,9036584,0.1,10,1988,38,40,even
1007,5.151515151515151,0.0433432517933686,0.1386738077604967,0.0539154250696256,0.0637363695704906,0.1818840114738256,0.1040276869612066,0.2855569930996011,0.1437575032452405,0.0990733861397086,0.0675590485880667,10_sp_aij_17,9036584,0.1,10,1988,38,40,even
1008,6.0606060606060606,0.0475922667776054,0.1582043848940101,0.0423383672180988,0.0561890827532697,0.093984764510681,0.1168140539124481,0.2679618190324843,0.182571667283609,0.0919035820339164,0.0738706459258484,10_sp_aij_17,9036584,0.1,10,1988,38,40,even
1009,6.666666666666667,0.044989801340099,0.1685468251006522,0.0457623688753581,0.0465178462990192,0.116417351549888,0.1042851916479367,0.2248542247820905,0.1784091587731735,0.1117208247304416,0.0544919710067102,10_sp_aij_17,9036584,0.1,10,1988,38,40,even
1010,7.575757575757576,0.0416590194515528,0.1263753187606171,0.0343912886296581,0.0504608459627887,0.1245477320599715,0.077271532843461,0.1931643332724801,0.2022181229106639,0.0971763635871664,0.0549477973649764,10_sp_aij_17,9036584,0.1,10,1988,38,40,even
1011,8.181818181818182,0.0466961007908535,0.1228657156748462,0.0282732356800079,0.0472803295070578,0.1078417793252001,0.0747819398108694,0.2340975359300482,0.19794517522898,0.0688737076031478,0.0450224855914094,10_sp_aij_17,9036584,0.1,10,1988,38,40,even
1012,9.090909090909092,0.045975557701088,0.1061517194618103,0.0235173322330704,0.0466322478840125,0.1064665625414723,0.0795217484859434,0.2417160417606243,0.1937602848184244,0.0653776018598696,0.0358652554884566,10_sp_aij_17,9036584,0.1,10,1988,38,40,even
1013,10.0,0.0514621026357143,0.0954239311939332,0.0225517711598902,0.0450918121935608,0.1234392296538043,0.0879632857869939,0.2221140910456591,0.21732728215371,0.0543215130837987,0.0388793600483245,10_sp_aij_17,9036584,0.1,10,1988,38,40,even
1014,10.606060606060606,0.0553374306591766,0.1437841512309968,0.0211254705985659,0.039005137216139,0.0915126159033608,0.0857133432289182,0.1865380297919891,0.2009736257457109,0.055231792615011,0.0351056406951356,10_sp_aij_17,9036584,0.1,10,1988,38,40,even
1015,11.515151515151516,0.0499886021919013,0.1661031395124713,0.0166229883655767,0.0369756310536808,0.1255860840930134,0.0876461436942714,0.2177980684072079,0.1895058721621729,0.0550108450656733,0.038698230401903,10_sp_aij_17,9036584,0.1,10,1988,38,40,even
1016,12.12121212121212,0.0376428667025655,0.1900506040904249,0.0167234428134773,0.0302688194705966,0.1218478572649835,0.0843775743186472,0.1951195654874382,0.1612233065504638,0.0510037375741925,0.0320124276757805,10_sp_aij_17,9036584,0.1,10,1988,38,40,even
1017,13.030303030303031,0.0423840489419755,0.2085917387006454,0.0193749367380494,0.0326194656146044,0.1341867173917179,0.0804899025489833,0.228501475942968,0.2126952127202312,0.044157625029799,0.030389727259817,10_sp_aij_17,9036584,0.1,10,1988,38,40,even
1018,13.636363636363637,0.042480847448533,0.1370965711044653,0.0167300524030869,0.0352404191659103,0.1234269662309579,0.0932261286730473,0.2296691752624252,0.2284842219341242,0.0482736333782589,0.0320571749914268,10_sp_aij_17,9036584,0.1,10,1988,38,40,even
1019,14.545454545454549,0.0426798646244119,0.1204917484570282,0.0149130415463348,0.0328102980804328,0.124435687297083,0.1081679506227526,0.2042896686295852,0.2210157161110251,0.0608518728660958,0.0421678337051507,10_sp_aij_17,9036584,0.1,10,1988,38,40,even
1020,15.151515151515152,0.0348583343047073,0.1159740200359725,0.0101367670255692,0.0276924037753457,0.1187218505727006,0.095931304279157,0.1871693024023247,0.2219401327111066,0.0509874697084353,0.0518509862693467,10_sp_aij_17,9036584,0.1,10,1988,38,40,even
1021,16.060606060606062,0.0402805329497031,0.1455041972757718,0.0115312749089112,0.0204611886572456,0.1503799659199958,0.0934736385055318,0.2783267778613993,0.2416467649186185,0.0445126873518935,0.0439761316216565,10_sp_aij_17,9036584,0.1,10,1988,38,40,even
1022,16.666666666666668,0.047980437424296,0.139128542263346,0.0092621904192852,0.0237262850074123,0.1673649065810115,0.0858724566623783,0.3178628609618632,0.2663164440654286,0.045111491885681,0.049192457881265,10_sp_aij_17,9036584,0.1,10,1988,38,40,even
1023,17.575757575757578,0.0536115468775909,0.1290261304347787,0.0087964983340619,0.0300686887062943,0.1441302755072048,0.0972303357144878,0.2249683306145064,0.310775427009548,0.0394853569513724,0.0470586928546994,10_sp_aij_17,9036584,0.1,10,1988,38,40,even
1024,18.181818181818183,0.0569624945899895,0.1030187773977283,0.0102718126729341,0.028181359439037,0.1625876251825268,0.0834070414884691,0.2073083111325214,0.3319199929633411,0.0361728056972296,0.0494908086427219,10_sp_aij_17,9036584,0.1,10,1988,38,40,even
1025,19.09090909090909,0.0562886564184852,0.0933886356638974,0.0106908345889414,0.0212615259911216,0.1212526071337173,0.0792388212786392,0.255019320613131,0.3313339240299959,0.030976647824438,0.0474918576977738,10_sp_aij_17,9036584,0.1,10,1988,38,40,even
1026,20.0,0.0518210212992479,0.1052519216462375,0.0117440545595815,0.0175275422961088,0.1213845448284459,0.0761041151203671,0.1841952243055573,0.1849033941922846,0.0195263631327575,0.0407232474891909,10_sp_aij_17,9036584,0.1,10,1988,38,40,even
1027,20.60606060606061,0.0580537913407569,0.1148213296369454,0.0088073735101008,0.0151671702344009,0.1244237585406008,0.0904659471330342,0.1904542055256363,0.2523350178033479,0.0199111451331924,0.0395822383442755,10_sp_aij_17,9036584,0.1,10,1988,38,40,even
1028,21.51515151515152,0.0536781701925174,0.1414322687390986,0.0081926572412827,0.013257060059961,0.1590150626842038,0.097820056962039,0.2144156096900282,0.2476997628172165,0.0224731974307427,0.0451969512041044,10_sp_aij_17,9036584,0.1,10,1988,38,40,even
1029,22.12121212121212,0.0500650962887056,0.1302978780868266,0.0093484138152211,0.0136014986082379,0.1305992788737225,0.0919541888920171,0.2028409211428943,0.2000855660983242,0.0277959676533941,0.0425504470300634,10_sp_aij_17,9036584,0.1,10,1988,38,40,even
1030,23.03030303030303,0.0518835113839066,0.1114714515477982,0.010339615976295,0.0152359422498124,0.1898240572293686,0.1232943934661963,0.208714149273816,0.2417729695090166,0.0279145436660424,0.0491929465980811,10_sp_aij_17,9036584,0.1,10,1988,38,40,even
1031,23.63636363636364,0.0475379873052231,0.1016937190653993,0.0134730060612678,0.0138117413729648,0.1454064535508162,0.1024289103740105,0.2322809286345677,0.2459341583448715,0.0278733351109808,0.0405469870450522,10_sp_aij_17,9036584,0.1,10,1988,38,40,even
1032,24.545454545454547,0.0530678327591985,0.0794353157055509,0.0121676588276425,0.015989819621586,0.1357007141890498,0.0940847942966435,0.2660009454193599,0.1948720522374062,0.0206028978793036,0.031767306110673,10_sp_aij_17,9036584,0.1,10,1988,38,40,even
1033,25.151515151515152,0.0731103378744792,0.0872687055735278,0.0125185766638018,0.0124447958979703,0.128011046751802,0.0823681978547353,0.2736122451473758,0.1851618350474431,0.0202322468710647,0.0298688414865827,10_sp_aij_17,9036584,0.1,10,1988,38,40,even
1034,26.060606060606062,0.0799060160060169,0.1268849090317489,0.0128461124807179,0.0110750678365139,0.1402939311160143,0.1064511915012801,0.2399650449144673,0.2314916391959988,0.0184717940400978,0.0378376849068569,10_sp_aij_17,9036584,0.1,10,1988,38,40,even
1035,26.666666666666668,0.0645916639838386,0.1067533475817735,0.0160998429416816,0.0129615402346898,0.1452644122971265,0.096974659012175,0.2482476496098339,0.2351023429092927,0.0188949228847792,0.0448320757128086,10_sp_aij_17,9036584,0.1,10,1988,38,40,even
1036,27.575757575757574,0.046561738444725,0.1063741871687053,0.0233071615240896,0.0095989326588614,0.1496621957935733,0.1061855449616127,0.2660348517885991,0.227164396554276,0.0185977640505422,0.0403698355009368,10_sp_aij_17,9036584,0.1,10,1988,38,40,even
1037,28.181818181818183,0.0317221713064124,0.1103174854301603,0.0213279064029752,0.0114208280728936,0.1475038240357543,0.1285952236793276,0.2932326757887534,0.2005336631056043,0.0205008680355142,0.0416861695891728,10_sp_aij_17,9036584,0.1,10,1988,38,40,even
1038,29.090909090909093,0.0383446118210914,0.1265506429538625,0.0229350510257705,0.0127773018260258,0.1327987864049122,0.1318502540360017,0.2336974415521641,0.2167174377061486,0.0181102719482722,0.0396705473179348,10_sp_aij_17,9036584,0.1,10,1988,38,40,even
1039,30.0,0.0341161485693385,0.103624070393573,0.0235016929819262,0.0149754874057338,0.1012103616553933,0.1247495404441106,0.2421531194242208,0.2297333452897825,0.0147892090426668,0.0386710026900358,10_sp_aij_17,9036584,0.1,10,1988,38,40,even
1040,0.0,0.04,0.04,0.01,0.03,0.01,0.01,0.03,0.03,0.05,0.01,10_sp_aij_17,9104526,0.1,10,1988,38,40,even
1041,0.6060606060606061,0.0465227578718665,0.0528689821781624,0.0094781312283767,0.0331908988501425,0.0128461580144371,0.0111651669860647,0.0445032848871134,0.0348075410836713,0.0400645079934798,0.0100426191370853,10_sp_aij_17,9104526,0.1,10,1988,38,40,even
1042,1.5151515151515151,0.0641495720057436,0.0764450116206269,0.0090812264528855,0.0363136092184456,0.0233716269233951,0.0161124414927891,0.0881174982718348,0.0380156833328165,0.0435176647303399,0.0145279296983342,10_sp_aij_17,9104526,0.1,10,1988,38,40,even
1043,2.121212121212121,0.0491536213392101,0.0798113226492086,0.0085476521014165,0.0393535288928584,0.0357436803926065,0.0201187301667942,0.119132701060137,0.057233051257918,0.0371918269984539,0.0156296798840183,10_sp_aij_17,9104526,0.1,10,1988,38,40,even
1044,3.0303030303030303,0.0572118117329123,0.1193769126683539,0.0121130069105238,0.0352073336629634,0.0707635788129585,0.0237234264169496,0.1429992195927918,0.0828962701138411,0.0299421975934051,0.0226573979269021,10_sp_aij_17,9104526,0.1,10,1988,38,40,even
1045,3.6363636363636367,0.0736130244785511,0.1172153078246965,0.0150436442357903,0.0386061240917025,0.1002537790471521,0.0270867032617999,0.1330523911771641,0.1062126325276405,0.0266975163699248,0.0263975523810575,10_sp_aij_17,9104526,0.1,10,1988,38,40,even
1046,4.545454545454546,0.0656726127878193,0.1142428346889134,0.0175972853236553,0.0441685705537751,0.1037765830457789,0.0308485209729463,0.1443208719109114,0.1491278154387005,0.0289235904689133,0.0352199097186499,10_sp_aij_17,9104526,0.1,10,1988,38,40,even
1047,5.151515151515151,0.0579420165058264,0.1197700174390037,0.0249240130887469,0.0351048322518594,0.1261381248444432,0.0363197935660443,0.2057589414623366,0.1527561436086007,0.0287962664664777,0.0318081666038932,10_sp_aij_17,9104526,0.1,10,1988,38,40,even
1048,6.0606060606060606,0.0662898303995817,0.1015174071529809,0.0348086714200441,0.0362829879889539,0.1245969325091117,0.042640279893945,0.1588930145207236,0.1626611092099014,0.0335907071987614,0.0436614874089703,10_sp_aij_17,9104526,0.1,10,1988,38,40,even
1049,6.666666666666667,0.0553304668764617,0.1315204525282253,0.0333475713164114,0.0367106224630878,0.141886863939706,0.0453437203951571,0.2193971161502909,0.1496839866058726,0.0381552941323578,0.053756661246531,10_sp_aij_17,9104526,0.1,10,1988,38,40,even
1050,7.575757575757576,0.0451690054073971,0.1143055935370802,0.0338346258522735,0.0390483319120689,0.1221426714695527,0.0383136119006392,0.204231834711261,0.1846736736105458,0.0411525564980472,0.0526844812572072,10_sp_aij_17,9104526,0.1,10,1988,38,40,even
1051,8.181818181818182,0.0403320101468682,0.1125282068421565,0.0303833201095832,0.0387564063081893,0.1463927647453348,0.0366192436951917,0.1816134572189379,0.1693014987578606,0.0421671119772867,0.0437886405119473,10_sp_aij_17,9104526,0.1,10,1988,38,40,even
1052,9.090909090909092,0.032485760260485,0.123952375041177,0.0333124053350159,0.0484738123363279,0.1423327840372701,0.0489855131668185,0.2163885184767591,0.1760955471746072,0.0636543523080244,0.0382696331303774,10_sp_aij_17,9104526,0.1,10,1988,38,40,even
1053,10.0,0.0386606391060464,0.0846997763376102,0.0275771834231092,0.0523458979632715,0.1167012473895285,0.048827115596076,0.2240560850070794,0.222749540557106,0.0567057721180773,0.0369432834527356,10_sp_aij_17,9104526,0.1,10,1988,38,40,even
1054,10.606060606060606,0.0349065340637664,0.0920803167592286,0.0255359799662642,0.0426155863125307,0.1161357941604072,0.043897336503746,0.2678119848245462,0.2523684252430231,0.0576338554339692,0.0347806132901525,10_sp_aij_17,9104526,0.1,10,1988,38,40,even
1055,11.515151515151516,0.0424469881090761,0.1032392545263984,0.0232071737570993,0.051407739254466,0.1198823301591448,0.0567511378834614,0.2764065844115856,0.3290978427875394,0.043387057928922,0.0396571675201159,10_sp_aij_17,9104526,0.1,10,1988,38,40,even
1056,12.12121212121212,0.0487456622835524,0.1350452561585077,0.0202090206191262,0.0309605770737684,0.1266409706444688,0.0547420013590655,0.2529682449698568,0.2973310674263172,0.0428503038532199,0.0330469135187172,10_sp_aij_17,9104526,0.1,10,1988,38,40,even
1057,13.030303030303031,0.0434014183877089,0.1328499407405826,0.0228559476620987,0.030304489060119,0.1520262036495572,0.0698022882364414,0.226697457788023,0.261824806544662,0.0341098100084816,0.0376796911673054,10_sp_aij_17,9104526,0.1,10,1988,38,40,even
1058,13.636363636363637,0.0445814106451426,0.1292459306207692,0.0211532867935442,0.0228588189721576,0.1600635667710855,0.0630189128657323,0.1878805743905675,0.2610401209061452,0.0242673059497204,0.0339454507120811,10_sp_aij_17,9104526,0.1,10,1988,38,40,even
1059,14.545454545454549,0.0369248426436275,0.1344461976059708,0.0201912272724854,0.0227982053719131,0.1811799889951035,0.0690493895048486,0.2207377085232549,0.1897500792908927,0.0268090968767531,0.0330281304971185,10_sp_aij_17,9104526,0.1,10,1988,38,40,even
1060,15.151515151515152,0.0382685695234427,0.1236740574584357,0.0198807806938673,0.0230864257660566,0.1848674740725888,0.0635062313617442,0.2600778150298189,0.2345484074493411,0.0268770773168545,0.032963041761611,10_sp_aij_17,9104526,0.1,10,1988,38,40,even
1061,16.060606060606062,0.0376856849892024,0.1202382304825051,0.0233396195483724,0.0143573169862221,0.1935070535099023,0.0705191214004902,0.2806311693721291,0.2248801063897374,0.0219853441021415,0.0490390242039702,10_sp_aij_17,9104526,0.1,10,1988,38,40,even
1062,16.666666666666668,0.039726214514299,0.1412333270422964,0.0279546983537022,0.0144447737048751,0.1955857755040043,0.0674394659674508,0.2658443274330844,0.2013657529062318,0.0157293204023923,0.0423309645825245,10_sp_aij_17,9104526,0.1,10,1988,38,40,even
1063,17.575757575757578,0.0405372161289305,0.1088178299312399,0.028459716236684,0.0158044637780419,0.1812467969262941,0.0632968993063868,0.2666739532519905,0.2454875881920737,0.0176837556054595,0.0427959949717032,10_sp_aij_17,9104526,0.1,10,1988,38,40,even
1064,18.181818181818183,0.0355494839194305,0.1043427131327295,0.0301787950258639,0.0127093910484601,0.180265091178589,0.0870029002299977,0.2558143137013928,0.2484431930858154,0.0218591431691123,0.0475125140359859,10_sp_aij_17,9104526,0.1,10,1988,38,40,even
1065,19.09090909090909,0.0311820317052009,0.1289841486684904,0.0414746140472514,0.0111785368032594,0.0917543051504579,0.0908155377318516,0.1791192988314244,0.1968373171071944,0.0256066346605744,0.0501509121246179,10_sp_aij_17,9104526,0.1,10,1988,38,40,even
1066,20.0,0.0300649986551949,0.1551967990347693,0.0419586049935949,0.0092045302305597,0.0843676931717763,0.0997902435358944,0.1205585406451219,0.1699410720044807,0.0173305112439705,0.0578586610591534,10_sp_aij_17,9104526,0.1,10,1988,38,40,even
1067,20.60606060606061,0.0309325294201623,0.1765632544846209,0.0358938110859422,0.0104361556454064,0.1004399944953373,0.1033726646517904,0.1102193954120643,0.1551153393646305,0.0201981390806725,0.0626155998350339,10_sp_aij_17,9104526,0.1,10,1988,38,40,even
1068,21.51515151515152,0.0342074302046381,0.1665929050753242,0.0295989185118131,0.0117667531341856,0.1231442692878093,0.0791880285634465,0.1310799011284518,0.1819686752989514,0.0227489879701631,0.0584953873855753,10_sp_aij_17,9104526,0.1,10,1988,38,40,even
1069,22.12121212121212,0.0216195229470391,0.1551435544260899,0.0279308681200635,0.0115087885169241,0.154646258237408,0.0838781311205035,0.1659101377184421,0.1898295017631568,0.0227247096231406,0.0571606413213252,10_sp_aij_17,9104526,0.1,10,1988,38,40,even
1070,23.03030303030303,0.0191222184469314,0.1300138134652352,0.030128033169746,0.0120354276363054,0.1644868191289236,0.0789456255600385,0.21207390814257,0.1380419286540142,0.0204934610958074,0.0436968088850167,10_sp_aij_17,9104526,0.1,10,1988,38,40,even
1071,23.63636363636364,0.0198945812680699,0.1171838756063419,0.0263279111496412,0.0131050597754128,0.1458997632267068,0.0841052495067273,0.2366976013011487,0.154797342096834,0.0239594976974372,0.0526809117929451,10_sp_aij_17,9104526,0.1,10,1988,38,40,even
1072,24.545454545454547,0.0221603808787466,0.1191419771847347,0.0326837026911174,0.013151408724292,0.1827317510730345,0.1114849309407624,0.220840319171197,0.192072408046997,0.0249311536656774,0.05742567922193,10_sp_aij_17,9104526,0.1,10,1988,38,40,even
1073,25.151515151515152,0.0230843646502134,0.1150617649542524,0.030351211799037,0.0172819343667811,0.1433739840441869,0.106029170857392,0.2260359322466725,0.2246539647893619,0.025866644073286,0.0550634660169314,10_sp_aij_17,9104526,0.1,10,1988,38,40,even
1074,26.060606060606062,0.0228289404578637,0.0798183892266723,0.037103533570169,0.0195896386164472,0.1226543936293675,0.0901590507495058,0.2605594633134181,0.2272968435131792,0.0251696857312444,0.0653209838533088,10_sp_aij_17,9104526,0.1,10,1988,38,40,even
1075,26.666666666666668,0.0203465271616311,0.0842914679322029,0.0269122048228406,0.0209071975449998,0.1067632117092847,0.0942093686283283,0.2491317595666967,0.1883054817754534,0.0251472801338948,0.0648106550540226,10_sp_aij_17,9104526,0.1,10,1988,38,40,even
1076,27.575757575757574,0.0221690606210396,0.0940008525593875,0.0360324553728122,0.0236638383668055,0.1078244592338253,0.1152417175173728,0.2895617179187307,0.2136001245563469,0.0192141543321169,0.05605895452689,10_sp_aij_17,9104526,0.1,10,1988,38,40,even
1077,28.181818181818183,0.0322789325504023,0.0872450748546786,0.0430407696287265,0.0198747182531107,0.1174810680275828,0.1039263424265117,0.2219454266759898,0.2512069326550273,0.015880452692964,0.0704881566309561,10_sp_aij_17,9104526,0.1,10,1988,38,40,even
1078,29.090909090909093,0.0354571402120358,0.1032766291388422,0.0636446013622124,0.0194777712765527,0.0945139338526332,0.1008237547462874,0.2368992175267961,0.268567565359784,0.0121481648013719,0.0716720390403905,10_sp_aij_17,9104526,0.1,10,1988,38,40,even
1079,30.0,0.0465774324482098,0.0839944393847127,0.0584657303654438,0.0170716006715556,0.0868367631244786,0.0732384565323663,0.3240321826865877,0.2132409419682773,0.009214035232362,0.073140727635399,10_sp_aij_17,9104526,0.1,10,1988,38,40,even
1080,0.0,0.09,0.09,0.01,0.06,0.03,0.04,0.04,0.04,0.04,0.01,10_sp_aij_17,9275155,0.1,10,1988,38,40,even
1081,0.6060606060606061,0.0937978801656541,0.0981204459077426,0.0082332129586197,0.060178106405479,0.0398211776843424,0.0407214084471875,0.0630317460540531,0.0459614382170229,0.0373982879883069,0.0114670384320932,10_sp_aij_17,9275155,0.1,10,1988,38,40,even
1082,1.5151515151515151,0.0915077679840509,0.1624787701105717,0.006054309800304,0.0453701215825946,0.0536678490957957,0.0386286409921101,0.0817799317633034,0.0790356625660445,0.03866048038164,0.0107385453345911,10_sp_aij_17,9275155,0.1,10,1988,38,40,even
1083,2.121212121212121,0.0772819537403252,0.1765508688011678,0.0066407572612054,0.0454433368053984,0.0741968448899982,0.0435538266316473,0.0906121690973612,0.1080929890546368,0.0401101507234747,0.0130768564689351,10_sp_aij_17,9275155,0.1,10,1988,38,40,even
1084,3.0303030303030303,0.0725079542291943,0.1928058980993884,0.0061014762801254,0.0347102335404858,0.1041945955336311,0.0448003031141033,0.1017831971837852,0.1076015123889816,0.048244655145392,0.0116923499463547,10_sp_aij_17,9275155,0.1,10,1988,38,40,even
1085,3.6363636363636367,0.0669421562702623,0.1648527945587994,0.0080687010561304,0.041928494444086,0.1545021766287878,0.0497615426659849,0.1304361586346827,0.1340644801560922,0.0601122870351128,0.0143911306372433,10_sp_aij_17,9275155,0.1,10,1988,38,40,even
1086,4.545454545454546,0.0545646758817609,0.1421536191168926,0.0112895523866256,0.0348956470600764,0.1912962381831607,0.0620811831527131,0.1903385760443907,0.1540223793179065,0.0564370254396371,0.0167682763561802,10_sp_aij_17,9275155,0.1,10,1988,38,40,even
1087,5.151515151515151,0.0527302405273743,0.1559697243780751,0.0116862595237434,0.0392792317874028,0.2138017661445186,0.0576804862442617,0.1806126374756029,0.209822508762703,0.0564428494985218,0.0197107226691098,10_sp_aij_17,9275155,0.1,10,1988,38,40,even
1088,6.0606060606060606,0.0356999739866299,0.1399830879257667,0.0141068804496744,0.0424567156247923,0.2197843034871944,0.0625959527959307,0.2077124357589805,0.2180745466524006,0.0644157431649634,0.0229055484072073,10_sp_aij_17,9275155,0.1,10,1988,38,40,even
1089,6.666666666666667,0.0362676862997232,0.097837349809936,0.0141924222994642,0.0372550378899564,0.1535358378317127,0.0643911212888296,0.2758812616261119,0.2584132404557033,0.0639595166989879,0.0187206778821813,10_sp_aij_17,9275155,0.1,10,1988,38,40,even
1090,7.575757575757576,0.0328724830806764,0.1447899584612767,0.010996489919042,0.0307318341509868,0.130983530996876,0.0675992850788505,0.223880992868404,0.3191339391817175,0.058430892133725,0.0195839447391946,10_sp_aij_17,9275155,0.1,10,1988,38,40,even
1091,8.181818181818182,0.0301140297673989,0.1312112510414521,0.0097386797189004,0.0295079248039075,0.108015157574931,0.0643200279073071,0.2866396487734929,0.3264129919080609,0.0456754815118923,0.0219345221910379,10_sp_aij_17,9275155,0.1,10,1988,38,40,even
1092,9.090909090909092,0.0302941936958181,0.1117176530750935,0.0084309742553331,0.023834420220409,0.1001276324891729,0.0860991992785042,0.190020230318083,0.2356489925552458,0.0402690917924768,0.0204478942388234,10_sp_aij_17,9275155,0.1,10,1988,38,40,even
1093,10.0,0.0399272137434749,0.0972308441166256,0.0074646019878407,0.0251178013663527,0.1227395156235339,0.0879391882860853,0.1751850032017882,0.1869451429321901,0.030098249925758,0.0181230853073288,10_sp_aij_17,9275155,0.1,10,1988,38,40,even
1094,10.606060606060606,0.0397468513041492,0.0918788526678757,0.0076716194034692,0.0238214975684585,0.1306134187521533,0.0985639849671099,0.1876887508987822,0.1431934649442288,0.0214617847158548,0.019965532391691,10_sp_aij_17,9275155,0.1,10,1988,38,40,even
1095,11.515151515151516,0.056405197439916,0.1050162701717841,0.0083787488753332,0.0225094280603078,0.1441899417328288,0.0989304593195282,0.150939254789696,0.1356113428061799,0.0201983532033534,0.025851178800927,10_sp_aij_17,9275155,0.1,10,1988,38,40,even
1096,12.12121212121212,0.0506784652286109,0.1173224881337013,0.0091110336144478,0.0251720425801251,0.147984642857409,0.1155040302850772,0.2099868191664317,0.1690543747791963,0.0164420833877333,0.0322478324982621,10_sp_aij_17,9275155,0.1,10,1988,38,40,even
1097,13.030303030303031,0.0488207648366909,0.1154674460862614,0.0117442742930817,0.0228942871510701,0.1805569054396989,0.11761630532175,0.2902540109040421,0.1503660042738021,0.0146089379340168,0.0333169146269534,10_sp_aij_17,9275155,0.1,10,1988,38,40,even
1098,13.636363636363637,0.0470185939093993,0.1183112155420463,0.0153544987866785,0.0318460073170735,0.1402560762780586,0.1190709799134401,0.2875556040632278,0.1838007698539361,0.0144341711436427,0.0347430686691259,10_sp_aij_17,9275155,0.1,10,1988,38,40,even
1099,14.545454545454549,0.0591250004180092,0.1330512882736113,0.0145365040288481,0.0449828844682569,0.1459989371600493,0.1057266212007983,0.2438689084414582,0.2258637475373058,0.0127666268898932,0.0314928253896648,10_sp_aij_17,9275155,0.1,10,1988,38,40,even
1100,15.151515151515152,0.0564117905491413,0.1359635564486113,0.013287758409668,0.0384046346904722,0.1274195861166041,0.0781553108128599,0.2677196658241443,0.2373323601940981,0.0154124165671544,0.0366081606456601,10_sp_aij_17,9275155,0.1,10,1988,38,40,even
1101,16.060606060606062,0.054759827898753,0.1298612099749429,0.0133518544797391,0.0420913748101503,0.1127483270267624,0.0657169934865344,0.2086476609959491,0.2243553330109412,0.0135028510900093,0.0449332714287271,10_sp_aij_17,9275155,0.1,10,1988,38,40,even
1102,16.666666666666668,0.0651276830129062,0.125216475741394,0.0136414769978971,0.0429668559257635,0.12693683668199,0.075659437221762,0.2426319380798632,0.181381107995961,0.0133071420541421,0.0347861778769898,10_sp_aij_17,9275155,0.1,10,1988,38,40,even
1103,17.575757575757578,0.07459411400635,0.1196680430643619,0.0146788412034695,0.0443209012152914,0.0843341073065882,0.0825640068008053,0.2379793265517055,0.2023310463373684,0.0114580872886907,0.0355964671274962,10_sp_aij_17,9275155,0.1,10,1988,38,40,even
1104,18.181818181818183,0.0778426870888048,0.1079132662385101,0.0142313911360004,0.0377701650131389,0.0879526232725921,0.0819125269486875,0.2687423676792332,0.2283294314954373,0.0095519266980756,0.0361573145879235,10_sp_aij_17,9275155,0.1,10,1988,38,40,even
1105,19.09090909090909,0.0752369245550984,0.1393839505368604,0.0114366962082921,0.0324395952730577,0.1015860006744807,0.0585814087077945,0.2952970130859014,0.2874469901068348,0.009693942029822,0.0364264291776645,10_sp_aij_17,9275155,0.1,10,1988,38,40,even
1106,20.0,0.0556566022399709,0.1260818904682396,0.0102682504043748,0.0177435859395767,0.0992607296008329,0.0652895927741473,0.3228470934715071,0.3173096566230362,0.010320561356453,0.0362815574142893,10_sp_aij_17,9275155,0.1,10,1988,38,40,even
1107,20.60606060606061,0.0386343080601431,0.0993315731800717,0.0118200690542743,0.0160793514516205,0.1262165642715503,0.0639354813674824,0.2937457422601022,0.3499665588656431,0.0082398358275196,0.0316449524038904,10_sp_aij_17,9275155,0.1,10,1988,38,40,even
1108,21.51515151515152,0.0383660863759399,0.0883430046899697,0.0120108929471011,0.0116538729909004,0.11125706864083,0.0693377059488834,0.4229675250405309,0.2936943616033274,0.0087096278611746,0.0345423335752184,10_sp_aij_17,9275155,0.1,10,1988,38,40,even
1109,22.12121212121212,0.0487931282345143,0.0876075726598887,0.0107954039643117,0.014230800350024,0.1390538858611674,0.0661418951784483,0.3372625281201629,0.3353071597661242,0.0089639358460728,0.0322379111422982,10_sp_aij_17,9275155,0.1,10,1988,38,40,even
1110,23.03030303030303,0.0453209190179706,0.0714163719136397,0.0127763512183833,0.0101263054743241,0.1190915714327265,0.0518861162113869,0.2472554047464283,0.2974282602081113,0.0077825974468614,0.0311886483383622,10_sp_aij_17,9275155,0.1,10,1988,38,40,even
1111,23.63636363636364,0.0505664964137771,0.086393888004718,0.014858289733789,0.010125271632775,0.1092111223851924,0.046446524928467,0.1883197187612941,0.2525456683733946,0.0071036092537579,0.0372327278127036,10_sp_aij_17,9275155,0.1,10,1988,38,40,even
1112,24.545454545454547,0.0475290230289008,0.0924808492048438,0.01582814391996,0.0087076242470967,0.1439701349321936,0.0422688589399552,0.2253715794641237,0.2246373316870868,0.0062270635045541,0.0308620777165927,10_sp_aij_17,9275155,0.1,10,1988,38,40,even
1113,25.151515151515152,0.0500837568741219,0.1020544896058124,0.0177173190249226,0.0089451705166878,0.1702649573152015,0.061340620497154,0.1933224885133957,0.2236514315849377,0.0070261559063882,0.0373129455332227,10_sp_aij_17,9275155,0.1,10,1988,38,40,even
1114,26.060606060606062,0.0433155657119771,0.0930180152764645,0.0270551738937041,0.0093574316310206,0.2066724740399411,0.0583125261460472,0.2735942243175386,0.2303471089236365,0.0078166551229584,0.0218026500820896,10_sp_aij_17,9275155,0.1,10,1988,38,40,even
1115,26.666666666666668,0.0404749341241679,0.0961928904566838,0.0236665849787714,0.0105826640600563,0.1386004475805062,0.0586782200947736,0.2612966360361779,0.2022914099551653,0.0083096666570847,0.0219864108759425,10_sp_aij_17,9275155,0.1,10,1988,38,40,even
1116,27.575757575757574,0.0510566186725246,0.0933161079561929,0.0251985671524326,0.0085492973007561,0.1251602940236832,0.0482396355475437,0.2502144718577788,0.185445983403526,0.0077691154056863,0.0248972204059424,10_sp_aij_17,9275155,0.1,10,1988,38,40,even
1117,28.181818181818183,0.0464060292441006,0.0785723941923338,0.0270608819059666,0.0096444610447543,0.122683089305803,0.0690773962681286,0.1999978401602671,0.2169472305063371,0.0083829359182261,0.0195627824775598,10_sp_aij_17,9275155,0.1,10,1988,38,40,even
1118,29.090909090909093,0.036071776290705,0.1164845341245008,0.0265427515120794,0.0088219214020322,0.1471520023051049,0.0687509527180938,0.2158185681929774,0.2384141845618209,0.0080463302451097,0.0282859533382189,10_sp_aij_17,9275155,0.1,10,1988,38,40,even
1119,30.0,0.0346800075930524,0.1206254835149196,0.0267696598650336,0.0101437469179322,0.1560463917382013,0.0735330463851002,0.170691033073704,0.2111384550654663,0.0081726090614562,0.0378348177526343,10_sp_aij_17,9275155,0.1,10,1988,38,40,even
1120,0.0,0.06,0.06,0.01,0.01,0.01,0.08,0.08,0.04,0.04,0.05,10_sp_aij_17,9845126,0.1,10,1988,38,40,even
1121,0.6060606060606061,0.0774978175649926,0.0920679368317206,0.0104668410200707,0.0115347481329383,0.0139304849862572,0.0785201687426474,0.1004858586778827,0.0540525841329277,0.0370858896190499,0.0515996675402735,10_sp_aij_17,9845126,0.1,10,1988,38,40,even
1122,1.5151515151515151,0.0787351142960257,0.1098030132090986,0.0092020268492694,0.0133101715930645,0.0213034870497981,0.0968122906041635,0.1064183369058592,0.0516719549470307,0.0348382224473759,0.0541649128507537,10_sp_aij_17,9845126,0.1,10,1988,38,40,even
1123,2.121212121212121,0.0768221206975252,0.0947003705419111,0.0097120014671106,0.0197832692719582,0.0327245862410381,0.0966421346493101,0.1352816453747622,0.0634138255966352,0.038089145534306,0.0462437956268667,10_sp_aij_17,9845126,0.1,10,1988,38,40,even
1124,3.0303030303030303,0.0753870686742524,0.1438053542753838,0.012102960678115,0.0247796803441746,0.0553735681244054,0.093556019545025,0.1465351193519382,0.0792409251387062,0.0549076629686178,0.0511409146763332,10_sp_aij_17,9845126,0.1,10,1988,38,40,even
1125,3.6363636363636367,0.0824174473771546,0.1658380761831903,0.0105069093898641,0.0246330420640446,0.0745720657478207,0.103100045078335,0.1444559280679434,0.0654499035575526,0.0524400607938397,0.0608173009818296,10_sp_aij_17,9845126,0.1,10,1988,38,40,even
1126,4.545454545454546,0.0854281097586885,0.1259211291532767,0.010321995500054,0.0222424701789375,0.0649155617001563,0.0981873961119006,0.1953569950904271,0.0876375211848109,0.0600667410021138,0.0618672223183228,10_sp_aij_17,9845126,0.1,10,1988,38,40,even
1127,5.151515151515151,0.0745258461314276,0.1258492861018038,0.010245730380304,0.0284776835416397,0.0817017231425422,0.0833780777119191,0.2396512186155018,0.0739954626739794,0.0587151917214857,0.0487442534544707,10_sp_aij_17,9845126,0.1,10,1988,38,40,even
1128,6.0606060606060606,0.0682648147807571,0.12744717299171,0.0090869083600759,0.029781028026074,0.0780266550455813,0.0991904808500009,0.2229690169815737,0.0975540655285577,0.0628878326951714,0.0564533235968791,10_sp_aij_17,9845126,0.1,10,1988,38,40,even
1129,6.666666666666667,0.0693810505877002,0.1417109499853628,0.0104186548924699,0.0296406562036829,0.0986063311011268,0.093802222795316,0.2120865975872942,0.1369568513851612,0.0589133244804073,0.0477776052685437,10_sp_aij_17,9845126,0.1,10,1988,38,40,even
1130,7.575757575757576,0.0754238812798488,0.1349121618320774,0.0092448321755391,0.0230806967635221,0.0674995325095703,0.0836972539063793,0.2200349129932154,0.2140047717511788,0.0417997173048616,0.0577059940939541,10_sp_aij_17,9845126,0.1,10,1988,38,40,even
1131,8.181818181818182,0.071936255437571,0.1252348516184255,0.0113295077197705,0.0256054642078189,0.0764833141828321,0.1104314887449955,0.2375822418398717,0.2313278087811693,0.0328217003475505,0.0590737218977938,10_sp_aij_17,9845126,0.1,10,1988,38,40,even
1132,9.090909090909092,0.0958449736085838,0.1193571946674618,0.0121722210985682,0.0301677081174753,0.0870893030868439,0.1090696990902948,0.2399782636269344,0.2767243654715884,0.0379173811456754,0.0574704119101288,10_sp_aij_17,9845126,0.1,10,1988,38,40,even
1133,10.0,0.0745365773363397,0.1350300405480743,0.0127149788177876,0.0228932105479903,0.0974116694083183,0.0988152292050003,0.2461167710212179,0.2238581290217651,0.0332843569641864,0.0551183677194885,10_sp_aij_17,9845126,0.1,10,1988,38,40,even
1134,10.606060606060606,0.0760605587118658,0.1531150774238314,0.0153715163385564,0.0257158428295992,0.11110037230339,0.0948724251630881,0.2610547151293493,0.2328200768684412,0.0387191885993921,0.0588778134664767,10_sp_aij_17,9845126,0.1,10,1988,38,40,even
1135,11.515151515151516,0.068011955186047,0.187527419143176,0.0204431234776651,0.0264613858786397,0.1037660168487498,0.0880424337346703,0.2528972029063953,0.228363186650598,0.0312649999497622,0.0531355164141081,10_sp_aij_17,9845126,0.1,10,1988,38,40,even
1136,12.12121212121212,0.0604118649906855,0.20564218885125,0.0218429786950079,0.0190684494008618,0.1118004154357495,0.10679736615546,0.237864963436122,0.2184534618973083,0.0280054613892492,0.0548945200228687,10_sp_aij_17,9845126,0.1,10,1988,38,40,even
1137,13.030303030303031,0.0624600434419496,0.1547758262991614,0.0204007561367249,0.0225080349822274,0.1145480244759505,0.0987347632665863,0.2073813468813746,0.2609889339000479,0.0303000958251645,0.0496321881962899,10_sp_aij_17,9845126,0.1,10,1988,38,40,even
1138,13.636363636363637,0.0547281940457511,0.1587689593418819,0.0206125873556658,0.0191489838054338,0.1292619103113947,0.0870373741699513,0.2245081313142718,0.2040472827065465,0.0367209651409969,0.0592638762525841,10_sp_aij_17,9845126,0.1,10,1988,38,40,even
1139,14.545454545454549,0.0594948516534175,0.1361176722541582,0.0232624617883663,0.0215409026006936,0.1641649039110195,0.0711138115224405,0.2223301140894875,0.2349758355129755,0.0256257220979805,0.0525815535235112,10_sp_aij_17,9845126,0.1,10,1988,38,40,even
1140,15.151515151515152,0.0604732024999,0.1513415110523047,0.0228045601331351,0.0217786102141249,0.1457397834019913,0.0661172412440966,0.2173126759105984,0.2048197531800074,0.02644067936791,0.0379204267732507,10_sp_aij_17,9845126,0.1,10,1988,38,40,even
1141,16.060606060606062,0.0689027952320253,0.098627074152766,0.0250037822550518,0.0239304358976869,0.1698616460867783,0.0726489067165496,0.2507558656894504,0.2519641349376292,0.0222134581493413,0.0370015524801431,10_sp_aij_17,9845126,0.1,10,1988,38,40,even
1142,16.666666666666668,0.0601634038028616,0.0903863507341573,0.0260370286723856,0.0191562269937061,0.1293393324775212,0.0661037778483867,0.3066105475041339,0.2182426686853616,0.024789804173099,0.0430896344930311,10_sp_aij_17,9845126,0.1,10,1988,38,40,even
1143,17.575757575757578,0.0594659519682663,0.0800390435211532,0.033103060675644,0.0172076304378897,0.1507959247927515,0.0911550481117707,0.2493266591814554,0.2365942874235647,0.0185753737711135,0.0637743777084027,10_sp_aij_17,9845126,0.1,10,1988,38,40,even
1144,18.181818181818183,0.0584060231410951,0.0890086358909832,0.0483497093839186,0.0174632104372771,0.1459804880915722,0.0957667147410184,0.2466522741797238,0.1998066195020928,0.0165599850428907,0.059849525821178,10_sp_aij_17,9845126,0.1,10,1988,38,40,even
1145,19.09090909090909,0.0611914639083799,0.0968240149318808,0.0528275689162081,0.0173593940142104,0.1498963795594199,0.0960125410643629,0.2463301790891546,0.1590461622081925,0.0174760672716342,0.0695861736585897,10_sp_aij_17,9845126,0.1,10,1988,38,40,even
1146,20.0,0.0518232855711401,0.1006377282751213,0.0508729787269617,0.0134047715346819,0.1442183010747959,0.1082755176219861,0.2187698012020831,0.189751565544076,0.0158877400905489,0.0811253227683889,10_sp_aij_17,9845126,0.1,10,1988,38,40,even
1147,20.60606060606061,0.0502692921919942,0.1130371405463441,0.0373659004409184,0.0172068642968564,0.1672145764313209,0.1201471730065891,0.2348281512848924,0.2140336446706133,0.0123223507399088,0.1096029099458159,10_sp_aij_17,9845126,0.1,10,1988,38,40,even
1148,21.51515151515152,0.0397748403455402,0.1341295757140786,0.0357534693921373,0.0230571594737153,0.2038818446587793,0.1255494082861116,0.2130565989383,0.1786645166011209,0.0124630954205916,0.0818931002944566,10_sp_aij_17,9845126,0.1,10,1988,38,40,even
1149,22.12121212121212,0.0381938899178083,0.1381011286125395,0.0350568121940896,0.0272100663960531,0.1296009223234954,0.1385395394591054,0.2343199353842159,0.173455169068009,0.0145655936467288,0.0972556071988085,10_sp_aij_17,9845126,0.1,10,1988,38,40,even
1150,23.03030303030303,0.0438437884691639,0.1307728940636619,0.034762895926347,0.0247360530443529,0.1004206568247308,0.1150024872643876,0.173613594284305,0.1265526165713868,0.0151267769259946,0.0935573073331962,10_sp_aij_17,9845126,0.1,10,1988,38,40,even
1151,23.63636363636364,0.0560343524857154,0.1590830473187384,0.0364647567797545,0.0282067315854572,0.1068446687618739,0.1129801693910405,0.2078012972263357,0.1369625621943664,0.0131421483070752,0.0971289276814365,10_sp_aij_17,9845126,0.1,10,1988,38,40,even
1152,24.545454545454547,0.0602169223236457,0.1713761997389119,0.0438817003129596,0.0322671811137314,0.1278402994369931,0.1027585215809789,0.2009147535723623,0.1234042178028307,0.0181777018422558,0.0864689883788613,10_sp_aij_17,9845126,0.1,10,1988,38,40,even
1153,25.151515151515152,0.0533213344323245,0.1892657192823639,0.0489577982369822,0.0218828685965921,0.1470005379845058,0.0930125855706142,0.1791392712944001,0.1309263027364977,0.0193538156666148,0.0786992557372097,10_sp_aij_17,9845126,0.1,10,1988,38,40,even
1154,26.060606060606062,0.0448610244469855,0.1537014880234926,0.0341328795491124,0.0350602140935467,0.1135822969380658,0.094174920831824,0.1500302380828098,0.1380020048210661,0.0233107349728299,0.0817153743236968,10_sp_aij_17,9845126,0.1,10,1988,38,40,even
1155,26.666666666666668,0.0413806347986008,0.1216754290460546,0.0270307599729385,0.0393716410720124,0.1315548509229447,0.1140140445751274,0.1878581820134003,0.1490156683699028,0.0294951105139915,0.0871982183064939,10_sp_aij_17,9845126,0.1,10,1988,38,40,even
1156,27.575757575757574,0.0425240814527306,0.09860497764298,0.0358204062099795,0.0481087793416469,0.0785276929693996,0.1308524399695773,0.1857514478895063,0.1858066076341246,0.0270880962695819,0.0835826518118541,10_sp_aij_17,9845126,0.1,10,1988,38,40,even
1157,28.181818181818183,0.0491839528145663,0.1025799518017979,0.0397657085168799,0.0422741291543041,0.094124106760869,0.1348816488882074,0.2254816353465574,0.1959190848538773,0.0265817375954914,0.0697361506117957,10_sp_aij_17,9845126,0.1,10,1988,38,40,even
1158,29.090909090909093,0.0451534809562926,0.1057584913832909,0.0372825815571776,0.0434177087837375,0.117376325631098,0.1242171869929503,0.2810044083819191,0.2056049884062038,0.0248143693738935,0.0748808312029224,10_sp_aij_17,9845126,0.1,10,1988,38,40,even
1159,30.0,0.0552284475604019,0.1073891814416693,0.0372767477566287,0.0429742513270113,0.1193756487799868,0.1182565577963003,0.193933174476297,0.2145842756769234,0.0208780752936499,0.0512807820422166,10_sp_aij_17,9845126,0.1,10,1988,38,40,even
1160,0.0,0.07,0.06,0.07,0.04,0.06,0.08,0.06,0.06,0.06,0.08,10_sp_aij_17,10011807,0.1,10,1988,38,40,even
1161,0.6060606060606061,0.0772734358278537,0.0748098294934814,0.0722662401613845,0.0536280769537829,0.0794606269728893,0.0698048778700908,0.0826451300556014,0.0613961323065745,0.0577829688016237,0.0886970949585022,10_sp_aij_17,10011807,0.1,10,1988,38,40,even
1162,1.5151515151515151,0.0618332709593026,0.1218974439096759,0.0503898460319845,0.0619588838581588,0.0780584081023563,0.097101354540558,0.1111522448350752,0.0805044705935243,0.0671008174172664,0.0945985368404651,10_sp_aij_17,10011807,0.1,10,1988,38,40,even
1163,2.121212121212121,0.0716511550408332,0.1108965491805043,0.0280968349290856,0.0601007132458742,0.0778041300103998,0.087230050104911,0.1271353821337734,0.1035036286246888,0.0673999839190333,0.0986379247170805,10_sp_aij_17,10011807,0.1,10,1988,38,40,even
1164,3.0303030303030303,0.0555108629083314,0.149377651272997,0.0222220384913563,0.0690455992841996,0.074966359371305,0.0890460681049068,0.1187075811554622,0.1195239663586188,0.0803310389637796,0.1089437612716271,10_sp_aij_17,10011807,0.1,10,1988,38,40,even
1165,3.6363636363636367,0.0563645993087209,0.1493237312726178,0.0204342009832216,0.0900890215067532,0.0937429719497114,0.0870068082617116,0.1312375508341595,0.1209995165071814,0.0751009324604503,0.0772651290616191,10_sp_aij_17,10011807,0.1,10,1988,38,40,even
1166,4.545454545454546,0.0449646785014042,0.1676730273032891,0.0239058067099996,0.0960803762412966,0.1222575777085553,0.0768465658274798,0.1865322880340772,0.1364650995288323,0.0685408362045326,0.0734928007127518,10_sp_aij_17,10011807,0.1,10,1988,38,40,even
1167,5.151515151515151,0.0522649373227375,0.1945406965447483,0.0230699773244897,0.0930768988150236,0.1237668312752392,0.0838381585330399,0.2312989034652498,0.1228239691923911,0.0493825160732417,0.0652244986717899,10_sp_aij_17,10011807,0.1,10,1988,38,40,even
1168,6.0606060606060606,0.0524295794836924,0.181515224710995,0.0219294687165171,0.0914262300882635,0.1462993646750125,0.065923480811791,0.2759832687647044,0.1348322255924935,0.0435090599165897,0.0606579479285827,10_sp_aij_17,10011807,0.1,10,1988,38,40,even
1169,6.666666666666667,0.0507007311405839,0.1398084493662854,0.0200632656622848,0.0822108773505568,0.160181183897914,0.0776756790068535,0.2865547796456086,0.1658827454957349,0.0565093171931389,0.0678349801024556,10_sp_aij_17,10011807,0.1,10,1988,38,40,even
1170,7.575757575757576,0.0443624940230665,0.0931646395048947,0.0199838675891368,0.0822943211173349,0.1626771210136331,0.0989867638970785,0.2845416229677667,0.2084208983291866,0.0559193265767618,0.0575850238262793,10_sp_aij_17,10011807,0.1,10,1988,38,40,even
1171,8.181818181818182,0.0472727202877847,0.097742833306335,0.0224257024531063,0.0643596781205114,0.154987919648296,0.073273653048137,0.2742267331175012,0.2114380564458587,0.0621829705424477,0.0626401457081182,10_sp_aij_17,10011807,0.1,10,1988,38,40,even
1172,9.090909090909092,0.0405483571036884,0.1151553280999921,0.0256406797108804,0.0505955768228462,0.1564275665703203,0.0691411275108512,0.2385569679841907,0.3684336283937944,0.0681212250325628,0.0393903875700109,10_sp_aij_17,10011807,0.1,10,1988,38,40,even
1173,10.0,0.0385858584979734,0.087349736787795,0.0211168488205348,0.0497443015477687,0.1188243374288363,0.0674893893513085,0.2822466083361514,0.2632762355682955,0.0400769508126381,0.040586994630712,10_sp_aij_17,10011807,0.1,10,1988,38,40,even
1174,10.606060606060606,0.0306775653078553,0.0906314107852832,0.0202864031478738,0.0367615102589672,0.1185474645867724,0.0882257142755097,0.2747633359323868,0.2688586054472514,0.0310697984558537,0.041569101170686,10_sp_aij_17,10011807,0.1,10,1988,38,40,even
1175,11.515151515151516,0.0248798974985102,0.0927246582794658,0.0212102836115013,0.021726409352036,0.1102030324861867,0.0854007303590193,0.3166393723887986,0.3079140813103763,0.0253227455384648,0.0510272457061383,10_sp_aij_17,10011807,0.1,10,1988,38,40,even
1176,12.12121212121212,0.0296503379120351,0.0889544165435183,0.0188156623458217,0.0194882517034818,0.120744163635763,0.0887957500213769,0.2812574340582836,0.2835834037590471,0.0227241300665592,0.0535770062746661,10_sp_aij_17,10011807,0.1,10,1988,38,40,even
1177,13.030303030303031,0.0357543770519298,0.1227374496096636,0.0143689014091399,0.0156610877945911,0.1126771859079138,0.0784621666618357,0.2070917496608789,0.2974412411199664,0.0193547226854392,0.0491223036628337,10_sp_aij_17,10011807,0.1,10,1988,38,40,even
1178,13.636363636363637,0.0285099061503023,0.1204868845420242,0.0161033470074943,0.0135891378846306,0.108017082066736,0.0590129436113373,0.1900705293641551,0.2439645928840995,0.0145717142401517,0.0538515847693456,10_sp_aij_17,10011807,0.1,10,1988,38,40,even
1179,14.545454545454549,0.0341562026073116,0.1150810864982137,0.0175739545426348,0.0150104007751311,0.1319327943037417,0.0503327772489314,0.2036322365085756,0.2638044616152747,0.0142190009619615,0.0494747691740007,10_sp_aij_17,10011807,0.1,10,1988,38,40,even
1180,15.151515151515152,0.0286061967237937,0.1114266264489227,0.0180637007748538,0.0113088521212146,0.126910560703958,0.0543780855276218,0.263164227117683,0.2471636071935314,0.0118774771563937,0.0451032859720504,10_sp_aij_17,10011807,0.1,10,1988,38,40,even
1181,16.060606060606062,0.0271863632952067,0.0927136575088988,0.0209292480463846,0.007958727385277,0.1400055151356121,0.0655077975023695,0.3525088582684027,0.2552905029573851,0.0106676163990253,0.0501058532364402,10_sp_aij_17,10011807,0.1,10,1988,38,40,even
1182,16.666666666666668,0.0319364446544284,0.1028140510447341,0.0221428209460999,0.0078618102905111,0.1260197714950429,0.0736275144921956,0.3566899481723989,0.2872792823258228,0.0114058843856997,0.0549794486190325,10_sp_aij_17,10011807,0.1,10,1988,38,40,even
1183,17.575757575757578,0.0297173118477447,0.0983888380726904,0.0270451948771278,0.005194339974051,0.1288482952965367,0.0679187626060445,0.2985239464381473,0.2751642248469881,0.0067410323915035,0.0510969667842403,10_sp_aij_17,10011807,0.1,10,1988,38,40,even
1184,18.181818181818183,0.0326676859182898,0.0870374538407707,0.0244092814367763,0.0048187568672281,0.1126987110112015,0.0701882975004182,0.3062520045216673,0.3035765114152769,0.0054118500179661,0.0528562090716761,10_sp_aij_17,10011807,0.1,10,1988,38,40,even
1185,19.09090909090909,0.0400670712107268,0.0860284092483399,0.0213538890956373,0.0041042014980013,0.1151665808865119,0.1025539439359355,0.3215513635673698,0.1975743822048653,0.0061573623271432,0.0782020150660724,10_sp_aij_17,10011807,0.1,10,1988,38,40,even
1186,20.0,0.0488713326146,0.0686382044258992,0.0208670629017469,0.0053980789839543,0.1065649477714969,0.0983779535757547,0.265456375517184,0.1981057119749179,0.0060787430044442,0.0715029167165926,10_sp_aij_17,10011807,0.1,10,1988,38,40,even
1187,20.60606060606061,0.0498897305294541,0.06922360818849,0.023443314584013,0.0066580291226229,0.148493618061744,0.1097894834330574,0.2457316498762383,0.2193558901768231,0.0061821090275254,0.081901070931339,10_sp_aij_17,10011807,0.1,10,1988,38,40,even
1188,21.51515151515152,0.0477557480948909,0.0893576071073401,0.0351303988824204,0.0082986743532229,0.1532215138824284,0.088435466675659,0.2698844828905092,0.2411064699243801,0.0071707978252613,0.0835785116707059,10_sp_aij_17,10011807,0.1,10,1988,38,40,even
1189,22.12121212121212,0.0369733856055329,0.0721292185683756,0.0395866180688926,0.0085499790315117,0.1363462094194211,0.0754191969099467,0.2540182820302916,0.1986618162059022,0.0067874954183174,0.0671629995470334,10_sp_aij_17,10011807,0.1,10,1988,38,40,even
1190,23.03030303030303,0.0401911692618374,0.0754738320976136,0.0423310336939105,0.008047419375495,0.1284374698426546,0.0754124035868182,0.2141305583679169,0.3037021206400279,0.006002857386759,0.0620525532562264,10_sp_aij_17,10011807,0.1,10,1988,38,40,even
1191,23.63636363636364,0.0411103743095923,0.0665776750744987,0.0387823662888694,0.0073764550759386,0.1377711855833143,0.0635099640361145,0.2195354196886549,0.2215818121734673,0.0059404324121182,0.0721456241425641,10_sp_aij_17,10011807,0.1,10,1988,38,40,even
1192,24.545454545454547,0.0410430924193337,0.094669795307409,0.0393959186759959,0.0094382289966161,0.142659301514418,0.0592337207712254,0.2200513059973385,0.1886718177417402,0.0084338065645547,0.0903928617594535,10_sp_aij_17,10011807,0.1,10,1988,38,40,even
1193,25.151515151515152,0.0508903998352614,0.0897590331002996,0.0417836146210286,0.0110570837651195,0.1380344849779663,0.0652092381914911,0.232874064046274,0.1888311432347205,0.0073824789384366,0.0655288435008752,10_sp_aij_17,10011807,0.1,10,1988,38,40,even
1194,26.060606060606062,0.0488754527583459,0.0849674892765741,0.0332866250912694,0.0113206621865924,0.1276945668599683,0.0754813060193239,0.2883343074385529,0.2313814186227253,0.0092023510364721,0.0586272360866755,10_sp_aij_17,10011807,0.1,10,1988,38,40,even
1195,26.666666666666668,0.0484885197280076,0.0899129040958522,0.0390656046534351,0.0112863947128812,0.1572969825636937,0.0647111650160473,0.2900199574095439,0.2442175875923246,0.0092933804242686,0.0595709520894654,10_sp_aij_17,10011807,0.1,10,1988,38,40,even
1196,27.575757575757574,0.0549924980462064,0.0878051708062286,0.0344289020962692,0.0140126110432962,0.120885991063489,0.0719475986112943,0.3286839665210731,0.26963337970525,0.0070536666885915,0.0483418390309462,10_sp_aij_17,10011807,0.1,10,1988,38,40,even
1197,28.181818181818183,0.069710548575512,0.076623619772141,0.0419824791345558,0.0121064758858709,0.1391463097398566,0.064784564645176,0.2754067554810726,0.2175384871367765,0.00663481195218,0.0461032981903915,10_sp_aij_17,10011807,0.1,10,1988,38,40,even
1198,29.090909090909093,0.0606472194328127,0.0675587970411996,0.0511955504592629,0.0120130855128835,0.145861818931108,0.0641477974897268,0.3071947368481701,0.2473025161934711,0.0053865302201064,0.0645556701716075,10_sp_aij_17,10011807,0.1,10,1988,38,40,even
1199,30.0,0.0690149980729405,0.0711623542815122,0.0498371547727624,0.0121949012213558,0.0985488152288834,0.0667129717825694,0.269092979159816,0.2113477534477101,0.004518116052797,0.0640379634385657,10_sp_aij_17,10011807,0.1,10,1988,38,40,even
1200,0.0,0.01,0.02,0.09,0.08,0.09,0.02,0.05,0.05,0.03,0.04,10_sp_aij_17,10435541,0.1,10,1988,38,40,even
1201,0.6060606060606061,0.0119734529792074,0.0284399587310072,0.1089306711954643,0.079103427353842,0.1049216025468432,0.0287506895812801,0.0598940079133127,0.0780028700502779,0.034109898206127,0.0426996424348846,10_sp_aij_17,10435541,0.1,10,1988,38,40,even
1202,1.5151515151515151,0.01391532029483,0.0410946189840382,0.0909384991632857,0.0777333210730059,0.0775258992216091,0.0384184411423497,0.1142313818296625,0.1084315358420753,0.0409883680637043,0.0433346983325794,10_sp_aij_17,10435541,0.1,10,1988,38,40,even
1203,2.121212121212121,0.0126761128376494,0.0453782864163541,0.060729654717712,0.0520848091460392,0.0716068453953511,0.0305298863280807,0.2021554158992635,0.1241171544157072,0.0380557027846655,0.0497734708369225,10_sp_aij_17,10435541,0.1,10,1988,38,40,even
1204,3.0303030303030303,0.0162226601039449,0.0637870278144351,0.0578495412261455,0.0348419701384562,0.1003635018934995,0.0332089903829829,0.2356782667631494,0.1780760835085311,0.0381332537716452,0.0656132236404291,10_sp_aij_17,10435541,0.1,10,1988,38,40,even
1205,3.6363636363636367,0.018811097601705,0.0575405533984179,0.0624369911683025,0.0247379556318046,0.1054542260916659,0.039438871395053,0.2633842493187887,0.1907890210714281,0.028363035122928,0.0743345707178686,10_sp_aij_17,10435541,0.1,10,1988,38,40,even
1206,4.545454545454546,0.0151466162872198,0.051690327441042,0.0667953348493871,0.023092164552281,0.1128291111140249,0.037112681027107,0.2390924399982958,0.2186867072908903,0.0348480118110054,0.075710038735275,10_sp_aij_17,10435541,0.1,10,1988,38,40,even
1207,5.151515151515151,0.0121251468962178,0.0682592933055447,0.0610363505452752,0.0155313205387575,0.1311353057160629,0.038830585273176,0.2326036878198327,0.239533660672304,0.0292064421357389,0.0777683586693277,10_sp_aij_17,10435541,0.1,10,1988,38,40,even
1208,6.0606060606060606,0.0126923322547792,0.0666414466078384,0.0658855223807669,0.0131665397458665,0.1052811337415303,0.0577160303848402,0.2764209129282198,0.2474675967080831,0.0272059774729837,0.0920550792837796,10_sp_aij_17,10435541,0.1,10,1988,38,40,even
1209,6.666666666666667,0.0176901774158607,0.08135474442626,0.056709907442134,0.0138775819352052,0.1085577475141811,0.0675911561066489,0.2872905318227991,0.3037758781159579,0.0254429356296357,0.0974094102385043,10_sp_aij_17,10435541,0.1,10,1988,38,40,even
1210,7.575757575757576,0.0199498219417306,0.0853419431170513,0.0365206894196023,0.0174294979811771,0.0987638890188902,0.0682665371148463,0.3363628321427707,0.3422226548844044,0.0172680542999442,0.0688859138489225,10_sp_aij_17,10435541,0.1,10,1988,38,40,even
1211,8.181818181818182,0.0155367390135026,0.0801681182291184,0.0396771343796932,0.0143730448955732,0.1198854976644274,0.0879646944500811,0.3177193043706982,0.2949932285569805,0.0149928814108388,0.0739691993990217,10_sp_aij_17,10435541,0.1,10,1988,38,40,even
1212,9.090909090909092,0.019346057213957,0.089111675273045,0.0336885022625767,0.0102531433604352,0.1602058404777926,0.1211790322162204,0.306958929037155,0.2390762934885482,0.0166903033875883,0.1183911514036232,10_sp_aij_17,10435541,0.1,10,1988,38,40,even
1213,10.0,0.0218628550093999,0.1022936809283285,0.0426515984927369,0.0119244739410977,0.1424915061372755,0.1186680065626861,0.2559408906628775,0.2639012952657052,0.0149548206125863,0.1213476908979762,10_sp_aij_17,10435541,0.1,10,1988,38,40,even
1214,10.606060606060606,0.0186149313728188,0.1163022644455908,0.0465661250550091,0.0123085289911517,0.1236528196102729,0.0848404813166075,0.3279900500913636,0.2572463206685873,0.0177643070367604,0.0911667761262768,10_sp_aij_17,10435541,0.1,10,1988,38,40,even
1215,11.515151515151516,0.0308005241877999,0.1315071204611093,0.0485590434849405,0.0159214922842766,0.1091225283257433,0.1065040497210453,0.2804218666686677,0.20030473027985,0.018882605303779,0.0872022243243349,10_sp_aij_17,10435541,0.1,10,1988,38,40,even
1216,12.12121212121212,0.0326540699101581,0.1532794632362675,0.0505107687043811,0.0181097099716015,0.1377112322656581,0.1050872904790035,0.3020003444677304,0.2135065914027248,0.0193863764821363,0.0780220011484664,10_sp_aij_17,10435541,0.1,10,1988,38,40,even
1217,13.030303030303031,0.0290904179793842,0.1464771867501766,0.0371610672123568,0.0197872530940657,0.1400274327415099,0.1073306223233486,0.2509549871254322,0.1938019709198138,0.0236198225662868,0.0655631805372694,10_sp_aij_17,10435541,0.1,10,1988,38,40,even
1218,13.636363636363637,0.0303532197081446,0.1288218562929468,0.0406375879386171,0.0212879768308758,0.1697037598549876,0.0883733114149378,0.2907339627613121,0.2321001422495213,0.0231181332969286,0.0760335084011916,10_sp_aij_17,10435541,0.1,10,1988,38,40,even
1219,14.545454545454549,0.0248434727434193,0.075179034916254,0.0473815590143914,0.0217238146179237,0.1454447570484432,0.1148503299066767,0.247125940485394,0.2702712354644364,0.0209214688530708,0.0822717486960287,10_sp_aij_17,10435541,0.1,10,1988,38,40,even
1220,15.151515151515152,0.0306584941780335,0.0626965620661803,0.0447255575273424,0.0236736772178257,0.1502043722040853,0.1195673635722595,0.2311117446288196,0.2157832518443863,0.0169770747553702,0.0576301506119476,10_sp_aij_17,10435541,0.1,10,1988,38,40,even
1221,16.060606060606062,0.030058568819913,0.0708231691163172,0.0500119097227643,0.0276990524908916,0.1505987353054981,0.0948741917286541,0.262048138757446,0.1830849066389308,0.0224171686250862,0.0729998291226009,10_sp_aij_17,10435541,0.1,10,1988,38,40,even
1222,16.666666666666668,0.0307708555510521,0.0975041218078532,0.0713587428116632,0.0262043429690778,0.1538865487847162,0.0952986352853121,0.2102650546276307,0.1533758472692645,0.0242660734684373,0.0641374984717606,10_sp_aij_17,10435541,0.1,10,1988,38,40,even
1223,17.575757575757578,0.0296938895476295,0.1090218408659925,0.0629564934797669,0.0306745768664804,0.1399968600342221,0.0832074063470572,0.1972711547007762,0.2058869854870435,0.030553139737752,0.0867912501697296,10_sp_aij_17,10435541,0.1,10,1988,38,40,even
1224,18.181818181818183,0.028233264036782,0.1141677155769137,0.0406389320181903,0.0324195158710988,0.0989358589328086,0.0698621285208919,0.1823067848498994,0.1777418814133989,0.0271742302932993,0.0632787691610708,10_sp_aij_17,10435541,0.1,10,1988,38,40,even
1225,19.09090909090909,0.0371671329317288,0.1300036021466184,0.0511941910520707,0.02860893027129,0.0966053655336454,0.071089152026891,0.184344236841251,0.1746978805714222,0.0366360612966995,0.0805560419943196,10_sp_aij_17,10435541,0.1,10,1988,38,40,even
1226,20.0,0.0413338873173236,0.1388557467785394,0.0485241994502007,0.0411099848559457,0.0983964104144443,0.0795850832071466,0.2157942466699652,0.1762462897578635,0.036000566352954,0.0653755950587207,10_sp_aij_17,10435541,0.1,10,1988,38,40,even
1227,20.60606060606061,0.0437048848220112,0.1118092269185213,0.0567358769308585,0.0440017794312693,0.1036312716928583,0.0777055916302515,0.2580375205409091,0.2149591607751296,0.0389176260351568,0.0745957140665807,10_sp_aij_17,10435541,0.1,10,1988,38,40,even
1228,21.51515151515152,0.0632976631868014,0.0725801371432361,0.0489384473522517,0.0405004481867231,0.1221626336148039,0.0644773701786446,0.2343886277150015,0.2344222592449026,0.0289269584424262,0.0641214238580259,10_sp_aij_17,10435541,0.1,10,1988,38,40,even
1229,22.12121212121212,0.0570306987598844,0.0647556928986263,0.0511364732014647,0.0360994740322426,0.1390925930420886,0.0726080322192893,0.2852544840395546,0.2406625941816603,0.0263851207901799,0.0524661913169055,10_sp_aij_17,10435541,0.1,10,1988,38,40,even
1230,23.03030303030303,0.0758259864785608,0.0716731793497144,0.0398813071730364,0.0293881166173882,0.109140938946052,0.068535737818283,0.3133381563739885,0.2225174127333805,0.0170539740800365,0.0659566822401567,10_sp_aij_17,10435541,0.1,10,1988,38,40,even
1231,23.63636363636364,0.0769465769688289,0.0910159092741973,0.0447411916881094,0.0236821542751035,0.1197940776537789,0.0676901563436472,0.2994853497213671,0.2661497583982992,0.0183527550459872,0.0708282324859085,10_sp_aij_17,10435541,0.1,10,1988,38,40,even
1232,24.545454545454547,0.0720158503768849,0.0948068432731772,0.054211479386369,0.0203114911661815,0.104915223778554,0.0575650861180801,0.2765187023746813,0.2686935423954689,0.0183880250114856,0.069175570547855,10_sp_aij_17,10435541,0.1,10,1988,38,40,even
1233,25.151515151515152,0.0757665651843248,0.0943088467784996,0.056099891181133,0.0178331493078597,0.1070990907358512,0.0540454202245401,0.3012363426672599,0.224945606458353,0.0181699412709806,0.0621620303598325,10_sp_aij_17,10435541,0.1,10,1988,38,40,even
1234,26.060606060606062,0.0575928770014854,0.0862741631957635,0.0481139859257257,0.015589786424069,0.1262220309103911,0.0638642281862109,0.2517975130109726,0.2436928022371147,0.0125408461882066,0.0675623995182811,10_sp_aij_17,10435541,0.1,10,1988,38,40,even
1235,26.666666666666668,0.0484876843753747,0.0898936201367777,0.0555920921558245,0.0141781730501196,0.13398941803099,0.0824508099682733,0.2643492337582231,0.2927514336246542,0.0116592098314649,0.0745670848413447,10_sp_aij_17,10435541,0.1,10,1988,38,40,even
1236,27.575757575757574,0.0451848993617804,0.1056384159166769,0.0577604893002732,0.0178616249034533,0.1446330723561046,0.0614604395414279,0.2199427362922253,0.3172532562548018,0.0101588554175417,0.0708201386246938,10_sp_aij_17,10435541,0.1,10,1988,38,40,even
1237,28.181818181818183,0.0457892511682643,0.0811194858538435,0.0623266495302664,0.0164556493599323,0.1499050537139192,0.059365344652849,0.2208893828386344,0.2441092507122089,0.0089201595581058,0.0864940603555227,10_sp_aij_17,10435541,0.1,10,1988,38,40,even
1238,29.090909090909093,0.0487329306913761,0.0803970863693256,0.0617229320187229,0.0154458839701461,0.1144507598685198,0.0661511189668072,0.2216932388313206,0.2408100058057646,0.0081232942105345,0.0756526435360031,10_sp_aij_17,10435541,0.1,10,1988,38,40,even
1239,30.0,0.050438796071857,0.114141937703048,0.063813276630621,0.0158641906246129,0.1153899989384293,0.0640304232006323,0.2968846190925858,0.2582978886904799,0.0084437229153972,0.0880660728328913,10_sp_aij_17,10435541,0.1,10,1988,38,40,even
1240,0.0,0.04,0.06,0.05,0.03,0.07,0.09,0.03,0.08,0.02,0.03,10_sp_aij_17,10471522,0.1,10,1988,38,40,even
1241,0.6060606060606061,0.0483607810569709,0.0839866620666081,0.0407283778116068,0.0268683779048359,0.096601894310035,0.1121551251214643,0.0516622319891173,0.0713703915003151,0.0176359284853822,0.0418165457615665,10_sp_aij_17,10471522,0.1,10,1988,38,40,even
1242,1.5151515151515151,0.0607641705426447,0.1173499056631455,0.0487921570641694,0.0324978734732344,0.114013474600678,0.1098403925010086,0.0769446508132433,0.1021833666113958,0.0203903978052322,0.0333108648910804,10_sp_aij_17,10471522,0.1,10,1988,38,40,even
1243,2.121212121212121,0.0687755259480258,0.1001119505103076,0.0472219779626272,0.0245853874402491,0.1124063791632069,0.0906516705963441,0.0865284806108705,0.1114090254003977,0.0239214563783112,0.0316557116893521,10_sp_aij_17,10471522,0.1,10,1988,38,40,even
1244,3.0303030303030303,0.0719860636500862,0.1182240913202341,0.059878074225295,0.0273479455193299,0.1580695406825549,0.1185405368325234,0.1230133724855736,0.1183363093168574,0.0254072962602052,0.042366367299411,10_sp_aij_17,10471522,0.1,10,1988,38,40,even
1245,3.6363636363636367,0.0669154197494439,0.1143338799957558,0.0679590440459231,0.0281433837279495,0.158000815391563,0.1033495161795889,0.182849143825348,0.1216312830567069,0.0278965180780266,0.0587312743000119,10_sp_aij_17,10471522,0.1,10,1988,38,40,even
1246,4.545454545454546,0.0655258160231899,0.1332553353620265,0.0678224988162159,0.0335643170240168,0.1266561521297569,0.0874768275072622,0.2364956051642802,0.1524566518174995,0.0250797432262798,0.0687633951380467,10_sp_aij_17,10471522,0.1,10,1988,38,40,even
1247,5.151515151515151,0.0541043217455568,0.1440818889724355,0.0525733190007349,0.0323365814967427,0.1272394014267166,0.0712760038836155,0.2948405170864387,0.1696654100717904,0.0275600771533485,0.0597876884291476,10_sp_aij_17,10471522,0.1,10,1988,38,40,even
1248,6.0606060606060606,0.061281338231843,0.1220309826747619,0.0536745090866823,0.0227943772760315,0.105161877688582,0.0644062974910841,0.3382032108605187,0.2675841329160947,0.0313601838306829,0.0644673206998021,10_sp_aij_17,10471522,0.1,10,1988,38,40,even
1249,6.666666666666667,0.0554442089090718,0.1318811556465937,0.0444493061245032,0.0174135276310603,0.1192086095747428,0.0586427898402261,0.3148439909016666,0.2749333588163061,0.0289283457706741,0.0878743480864631,10_sp_aij_17,10471522,0.1,10,1988,38,40,even
1250,7.575757575757576,0.0623876404165937,0.1336471374149452,0.0656518822158108,0.013318523096427,0.1415626378575192,0.0559192902042725,0.2699112792819876,0.2554403263063243,0.0312112611557492,0.0815420979259312,10_sp_aij_17,10471522,0.1,10,1988,38,40,even
1251,8.181818181818182,0.0560804138648761,0.1588826760383319,0.0649926762469708,0.0146037176030104,0.163570454151106,0.0575622765747019,0.2364785421320202,0.2377230019056532,0.0287356111690934,0.0991823979205055,10_sp_aij_17,10471522,0.1,10,1988,38,40,even
1252,9.090909090909092,0.0523828865550865,0.1465044072078302,0.062623931464883,0.0219082490202543,0.2041418484483798,0.0829861237074717,0.2059161993663921,0.2105381990649931,0.0325958337130779,0.1053781270390842,10_sp_aij_17,10471522,0.1,10,1988,38,40,even
1253,10.0,0.0375926076397694,0.1781752410981801,0.0569870763273635,0.0179910749667596,0.1118761191100518,0.0806116932346522,0.2257838286284764,0.193313975882108,0.0348226646624342,0.0902650394453102,10_sp_aij_17,10471522,0.1,10,1988,38,40,even
1254,10.606060606060606,0.0364414647005202,0.1790452256492835,0.0536231116281038,0.0194159090189614,0.1272785027207655,0.0908563085544246,0.272035116228796,0.1686725331672925,0.0338942121238002,0.0909514562144382,10_sp_aij_17,10471522,0.1,10,1988,38,40,even
1255,11.515151515151516,0.0310162260903464,0.1456284022287172,0.0551770041912098,0.0262749082624776,0.1180167679304724,0.0862610791131348,0.2225371341208929,0.195179119334948,0.0410359495293362,0.0775847659051456,10_sp_aij_17,10471522,0.1,10,1988,38,40,even
1256,12.12121212121212,0.026081507164355,0.1315323538860819,0.0430156088020115,0.0322094529729048,0.1660643168767687,0.1140090661796045,0.2568505880233337,0.1780096436987484,0.0366005863429384,0.074613288396059,10_sp_aij_17,10471522,0.1,10,1988,38,40,even
1257,13.030303030303031,0.0185295231758086,0.120609725180827,0.0398415676426536,0.0519009382690252,0.1540548697132218,0.1165447814181059,0.2390801281559616,0.1822173796789727,0.0496868463083635,0.0692666515394214,10_sp_aij_17,10471522,0.1,10,1988,38,40,even
1258,13.636363636363637,0.0180857565467388,0.127689946350826,0.0326451741142777,0.047358115179694,0.1685088804927234,0.1076315666040403,0.2327576904559007,0.2302051600179434,0.0550727966503451,0.0736117763064223,10_sp_aij_17,10471522,0.1,10,1988,38,40,even
1259,14.545454545454549,0.0181861018189382,0.1245150576559224,0.0311663735235828,0.0343164531675101,0.1371083594160555,0.1273284114747416,0.2624772235911278,0.2484964852844494,0.0515517398629101,0.079164555778617,10_sp_aij_17,10471522,0.1,10,1988,38,40,even
1260,15.151515151515152,0.0173814162445657,0.1407339877519212,0.0247512940880042,0.0345557330868939,0.1318469222244095,0.1182432724039109,0.3306339092067105,0.2449976695733827,0.0527160506664783,0.0726213241619406,10_sp_aij_17,10471522,0.1,10,1988,38,40,even
1261,16.060606060606062,0.0261131022092223,0.1327932179792114,0.0183574649781602,0.0359624188647734,0.124085318515764,0.0905611360584384,0.2889488942648762,0.2269421723769276,0.04847813756375,0.0493435854399965,10_sp_aij_17,10471522,0.1,10,1988,38,40,even
1262,16.666666666666668,0.0174741088979637,0.1563667054004689,0.0161625447834396,0.0317215122602668,0.1289194480604562,0.0852332682989932,0.2854818399170863,0.2228012364707157,0.0437019258954181,0.0394624616428203,10_sp_aij_17,10471522,0.1,10,1988,38,40,even
1263,17.575757575757578,0.0172098801616511,0.1546437389390638,0.0167114483448802,0.0237942161010328,0.1503384739975375,0.0762566485068836,0.2766642474027264,0.2477130772683297,0.0393166768097173,0.0404817768595774,10_sp_aij_17,10471522,0.1,10,1988,38,40,even
1264,18.181818181818183,0.0147970232460383,0.1603322048287357,0.0187147163318005,0.0242033369844271,0.1426206115785793,0.0967571637231293,0.2231242188228075,0.2181642380098554,0.0320509036450286,0.0444890367168625,10_sp_aij_17,10471522,0.1,10,1988,38,40,even
1265,19.09090909090909,0.0137509652271623,0.1734353119090306,0.0134792579724552,0.0312819679062752,0.1117281797230952,0.0880784854419258,0.209834889866323,0.1778198529740891,0.0313114185503048,0.0434390818515918,10_sp_aij_17,10471522,0.1,10,1988,38,40,even
1266,20.0,0.0138270202780263,0.1145967627086903,0.0107294641256189,0.0275821669101265,0.1511488411304441,0.0975808031690679,0.1705388069262726,0.2260366847447563,0.0328922818788928,0.0456098664772706,10_sp_aij_17,10471522,0.1,10,1988,38,40,even
1267,20.60606060606061,0.0152066750053304,0.1331996675805231,0.0112055671092475,0.0242450795913099,0.1632408438454063,0.0882026437771087,0.1908703838967128,0.1736465479975755,0.0347716949344283,0.0485091377614413,10_sp_aij_17,10471522,0.1,10,1988,38,40,even
1268,21.51515151515152,0.0163376384355075,0.1502049284756134,0.0107763749689487,0.0265630805695675,0.1847943833543967,0.1133607142723675,0.2275766479181628,0.1805805173192517,0.0276966519814559,0.0569249658950307,10_sp_aij_17,10471522,0.1,10,1988,38,40,even
1269,22.12121212121212,0.0171645059185903,0.1323222978821554,0.0100904863619669,0.037180262266055,0.1426968639003626,0.1550367895998399,0.231248482733672,0.1865022554649446,0.0317678766254464,0.0370186363321876,10_sp_aij_17,10471522,0.1,10,1988,38,40,even
1270,23.03030303030303,0.0178445592642944,0.1149589102323815,0.0096189594499286,0.0400957398113651,0.1421251553418502,0.1257037975286741,0.2184923272221192,0.1759847166079776,0.0361215322758646,0.0267634384076383,10_sp_aij_17,10471522,0.1,10,1988,38,40,even
1271,23.63636363636364,0.0246396788474998,0.1182408449393954,0.0109726431245632,0.0397042839139938,0.1376452425300575,0.1487616613124443,0.2403445144992992,0.2161985074707457,0.0401648828406524,0.0220517275096519,10_sp_aij_17,10471522,0.1,10,1988,38,40,even
1272,24.545454545454547,0.0309105723877712,0.1168504697259768,0.0092998430647206,0.0418374792615578,0.1601876432647334,0.123428915959932,0.2605029838722575,0.2347131459627912,0.0296529303153832,0.0193456772087994,10_sp_aij_17,10471522,0.1,10,1988,38,40,even
1273,25.151515151515152,0.0354649842693787,0.1298220100128659,0.0081548835642199,0.0348488990065359,0.1267145635486892,0.110164867509213,0.2650028528897324,0.1915759638174624,0.0278323927662068,0.0173329228777743,10_sp_aij_17,10471522,0.1,10,1988,38,40,even
1274,26.060606060606062,0.037217795423284,0.1334083253510747,0.0100563793847166,0.0480210547068208,0.1372178450447108,0.1165902259106088,0.2817199027701921,0.1927272347118212,0.0202318406248823,0.0187878566268291,10_sp_aij_17,10471522,0.1,10,1988,38,40,even
1275,26.666666666666668,0.0426774069259141,0.1049940212861116,0.0085536561484994,0.0522111835217179,0.1228624717137305,0.108079516217714,0.3026675388329932,0.2332128719117998,0.0184763865899536,0.0200181836286427,10_sp_aij_17,10471522,0.1,10,1988,38,40,even
1276,27.575757575757574,0.0440177910175842,0.1447816995970046,0.0076320754359897,0.0509089336638582,0.1168683931127922,0.1013092934661485,0.3216755796940597,0.2296778896161031,0.0157501225132842,0.0175296419532307,10_sp_aij_17,10471522,0.1,10,1988,38,40,even
1277,28.181818181818183,0.0434703238862991,0.1158412673290819,0.0065241058597224,0.0454307543293258,0.1164319497081511,0.0841369178600091,0.3034850770272228,0.3230193625074324,0.0161547489536252,0.0244614049615226,10_sp_aij_17,10471522,0.1,10,1988,38,40,even
1278,29.090909090909093,0.0407451839949053,0.0784347985919657,0.0067537072944524,0.0382224390002518,0.1074681731751182,0.0704656802515199,0.2419065318141335,0.298142376178789,0.0148452506141132,0.0234088707622545,10_sp_aij_17,10471522,0.1,10,1988,38,40,even
1279,30.0,0.0372488060134312,0.0840885054418243,0.0078365723579868,0.0349874196084119,0.1658694543807544,0.0650504297304832,0.173183152769035,0.2559369029561708,0.0135684976360427,0.0268098236509108,10_sp_aij_17,10471522,0.1,10,1988,38,40,even
1280,0.0,0.03,0.04,0.07,0.08,0.06,0.09,0.06,0.05,0.01,0.03,10_sp_aij_17,10488077,0.1,10,1988,38,40,even
1281,0.6060606060606061,0.0300580938487797,0.0665543411187893,0.0680843319888977,0.0903089312862982,0.0594499707714428,0.0833687374296364,0.0785156579391148,0.0602481015633222,0.0100315150141512,0.0440810751987192,10_sp_aij_17,10488077,0.1,10,1988,38,40,even
1282,1.5151515151515151,0.0402590047845421,0.1044229127357239,0.0488813587028455,0.0870050515770589,0.077817795153274,0.0802358149737624,0.1169444776813689,0.0809402967528301,0.0123834264441479,0.0347957821111003,10_sp_aij_17,10488077,0.1,10,1988,38,40,even
1283,2.121212121212121,0.0429403734611322,0.112932119530462,0.0399610915184606,0.0693171671214203,0.0840580041513227,0.0913755661010864,0.1728698025084157,0.0920097719805242,0.0153182221693801,0.0457456379026847,10_sp_aij_17,10488077,0.1,10,1988,38,40,even
1284,3.0303030303030303,0.0471775955844246,0.177356002206488,0.0367393908647471,0.0873178286811235,0.0911707215885301,0.119210441246747,0.2439511262255989,0.1105860315608788,0.0205272328795736,0.0471829727789431,10_sp_aij_17,10488077,0.1,10,1988,38,40,even
1285,3.6363636363636367,0.062476687893735,0.1760108409106391,0.0352708891111365,0.1184725377060825,0.0948568532236476,0.1278882429612048,0.2771931411906128,0.1084456827488255,0.0195718693700341,0.0483319339923696,10_sp_aij_17,10488077,0.1,10,1988,38,40,even
1286,4.545454545454546,0.0658963096466558,0.1599772211880481,0.0341730276555982,0.1384676766974632,0.1016507534596288,0.1052787434909003,0.356787814276066,0.1427598539104546,0.0270047896648701,0.045062042262145,10_sp_aij_17,10488077,0.1,10,1988,38,40,even
1287,5.151515151515151,0.0869223888711629,0.1610631877922509,0.0308165268420491,0.117388171234041,0.1100058498609961,0.0978383212544586,0.2921745416691888,0.1946251323479269,0.0332088100670104,0.0427337397591157,10_sp_aij_17,10488077,0.1,10,1988,38,40,even
1288,6.0606060606060606,0.091268865607302,0.118710841551079,0.028438891824031,0.0823336926057834,0.092029900791856,0.1036299655684424,0.3439451697389187,0.2308161980175019,0.0270074492101272,0.0377629856862932,10_sp_aij_17,10488077,0.1,10,1988,38,40,even
1289,6.666666666666667,0.0933559267190476,0.1128939431590354,0.0214249910048527,0.0617381317665626,0.0768733985721376,0.0999200171646214,0.2613275462711143,0.2811198260437052,0.0226746997606715,0.0404649215157489,10_sp_aij_17,10488077,0.1,10,1988,38,40,even
1290,7.575757575757576,0.0825735932973479,0.1256977886062773,0.0213884650545254,0.0327414777544023,0.0789589009368443,0.0723708920900441,0.2895767927259115,0.2837675405751147,0.0201651131133736,0.0400046558550556,10_sp_aij_17,10488077,0.1,10,1988,38,40,even
1291,8.181818181818182,0.0745035747097292,0.0970944477631449,0.0184117809723893,0.0247873440340345,0.068742016839787,0.0742133113596598,0.3390297904031782,0.2507583931992623,0.0270091167950229,0.0475386647388226,10_sp_aij_17,10488077,0.1,10,1988,38,40,even
1292,9.090909090909092,0.0818208493098021,0.1237122726740659,0.0150670626060918,0.0229996858143584,0.0759670441286757,0.079672043042872,0.2479444461054507,0.256613709829379,0.0190902933494383,0.0509462120138788,10_sp_aij_17,10488077,0.1,10,1988,38,40,even
1293,10.0,0.1016321290921941,0.1414326685865767,0.0144913112124131,0.0244050325925858,0.1065804665719949,0.075076674094635,0.2210080528303765,0.2353209162558694,0.0160302823048639,0.0460159114245541,10_sp_aij_17,10488077,0.1,10,1988,38,40,even
1294,10.606060606060606,0.0879407111513944,0.1317235098321495,0.0132926239951285,0.0219938691633168,0.0954446941773275,0.0623682382461776,0.2146437100056117,0.2454741481630427,0.0161315262873644,0.0366255491968512,10_sp_aij_17,10488077,0.1,10,1988,38,40,even
1295,11.515151515151516,0.0720181721292891,0.1418292950396393,0.0139193023314976,0.0260439743501894,0.1229143492481298,0.0801617517202259,0.2360590915183791,0.2457604457022419,0.0112198446913997,0.0459852381811618,10_sp_aij_17,10488077,0.1,10,1988,38,40,even
1296,12.12121212121212,0.0622595888230634,0.1631091264523655,0.0138987566704054,0.025258380901186,0.1280269650240578,0.0896829800730071,0.2398830340316411,0.206806327548808,0.0124472729454894,0.0457097915073277,10_sp_aij_17,10488077,0.1,10,1988,38,40,even
1297,13.030303030303031,0.0518928928914667,0.1627875356476854,0.0143368471457817,0.0218795765849084,0.1646940487721512,0.0850984592634302,0.2549920255844227,0.3055749028419614,0.0154398441600644,0.0346588650605341,10_sp_aij_17,10488077,0.1,10,1988,38,40,even
1298,13.636363636363637,0.0412825693651625,0.121978267777563,0.016613379490125,0.0242571342311924,0.2335917319722187,0.0825332476848382,0.2289241026733226,0.2930854162946633,0.0166105717327945,0.0335182449960611,10_sp_aij_17,10488077,0.1,10,1988,38,40,even
1299,14.545454545454549,0.0397161477874422,0.0838118689260918,0.0213727275326695,0.0286366030724713,0.1825885290422191,0.0903920610656815,0.2494440106683557,0.2857475280093891,0.0213690573661807,0.0333663611212199,10_sp_aij_17,10488077,0.1,10,1988,38,40,even
1300,15.151515151515152,0.0376395747527421,0.1278324243319346,0.0243262239922234,0.0293385741348505,0.1697299550751978,0.0902818224754252,0.2172678950325447,0.2332029422680536,0.021871687292869,0.0363210616053419,10_sp_aij_17,10488077,0.1,10,1988,38,40,even
1301,16.060606060606062,0.0484723202761217,0.1732527853588035,0.0297429704667542,0.0246622752331965,0.2078079161871125,0.0803543308703078,0.2405486537570894,0.2020001955000955,0.0193437026262794,0.0421850093156064,10_sp_aij_17,10488077,0.1,10,1988,38,40,even
1302,16.666666666666668,0.0369458682569994,0.1646967952229572,0.0373246146526028,0.0278845833205098,0.1397799456264229,0.0851263982057719,0.2524192453030986,0.1977128447940063,0.0230629394687371,0.0488572765177903,10_sp_aij_17,10488077,0.1,10,1988,38,40,even
1303,17.575757575757578,0.03632329422306,0.1194154873393483,0.0296915719082744,0.0354165912460771,0.1664720990608253,0.0697477201416716,0.2594847933015228,0.2136937348311712,0.0244949824759255,0.0411052351040071,10_sp_aij_17,10488077,0.1,10,1988,38,40,even
1304,18.181818181818183,0.0429964007281531,0.1163760289639741,0.0273350503408517,0.0286695909059225,0.1447690736894036,0.0552760100815193,0.2535250237813412,0.2944782433070646,0.0258218475222614,0.042743654138736,10_sp_aij_17,10488077,0.1,10,1988,38,40,even
1305,19.09090909090909,0.0386420471913559,0.1017432377284243,0.0250565131277113,0.0253607598374358,0.1770496404168869,0.054737615784634,0.2869740747734989,0.2367874618922865,0.0227814617563263,0.0342461736508742,10_sp_aij_17,10488077,0.1,10,1988,38,40,even
1306,20.0,0.0363577482500765,0.0949804508073848,0.0201401415409898,0.0265386205681678,0.1475157417092777,0.0554647912929765,0.2768348092215436,0.2156259756583033,0.0236234091730678,0.028562104388011,10_sp_aij_17,10488077,0.1,10,1988,38,40,even
1307,20.60606060606061,0.030146906667189,0.09656337972574,0.0215258119956618,0.0224898188607232,0.1449714261721656,0.06452467029735,0.3175974343024289,0.211806008874747,0.0245634964813948,0.0270906574337888,10_sp_aij_17,10488077,0.1,10,1988,38,40,even
1308,21.51515151515152,0.0354741592745234,0.0957631412605858,0.0180618842713279,0.0202325114773016,0.1249585530285422,0.0831613189209425,0.302081397673011,0.2335667269415198,0.0317137724779498,0.0316836476666187,10_sp_aij_17,10488077,0.1,10,1988,38,40,even
1309,22.12121212121212,0.0437474735471899,0.1036540327113953,0.0177822652648971,0.0199072173024233,0.1182033707107504,0.0848691163918924,0.2865277745923499,0.2667665049339964,0.029334608104813,0.0307328366615069,10_sp_aij_17,10488077,0.1,10,1988,38,40,even
1310,23.03030303030303,0.05083570100984,0.1142972156318177,0.0141625860883148,0.0156989751771414,0.1083205127560916,0.0828920511101119,0.2348538805355963,0.3179649844545136,0.0288991296905524,0.0284752269168536,10_sp_aij_17,10488077,0.1,10,1988,38,40,even
1311,23.63636363636364,0.0582474258601857,0.1186727801663179,0.0115786405880603,0.0130489893264228,0.101991763607816,0.0977846172265336,0.2627700544920234,0.2964835090973454,0.0306936828868029,0.0310699940448441,10_sp_aij_17,10488077,0.1,10,1988,38,40,even
1312,24.545454545454547,0.0535594658234513,0.0951969346390233,0.010507222213436,0.0170217173167215,0.1016913179355736,0.0970280374533072,0.2949184424805783,0.1971972867704495,0.0252780014831074,0.0292767001819314,10_sp_aij_17,10488077,0.1,10,1988,38,40,even
1313,25.151515151515152,0.0525345076924706,0.1066793030546178,0.0118197360236997,0.0132832998111642,0.119362869402068,0.0815429592263854,0.2573895281604077,0.1867198284358324,0.0282395341075594,0.0322570617797733,10_sp_aij_17,10488077,0.1,10,1988,38,40,even
1314,26.060606060606062,0.0532867481907164,0.1044159895429963,0.0123300237113216,0.0142670323467865,0.1035813211807716,0.0802084606066807,0.2769728608022708,0.2421589611515327,0.0227573583244417,0.036801467628951,10_sp_aij_17,10488077,0.1,10,1988,38,40,even
1315,26.666666666666668,0.0474237682534249,0.0833534629422355,0.0116245763300403,0.0134382779182891,0.1361448207372321,0.0764133837188906,0.2418760360853143,0.2447634775545246,0.0195249296729538,0.0359136036406653,10_sp_aij_17,10488077,0.1,10,1988,38,40,even
1316,27.575757575757574,0.0437157850893517,0.0890990398864989,0.0149560058151714,0.0124782801916901,0.1462262610418788,0.0723103562648581,0.2258428330372023,0.3124501528606306,0.0160517020255161,0.03040333275838,10_sp_aij_17,10488077,0.1,10,1988,38,40,even
1317,28.181818181818183,0.0432924409201687,0.0841814426593838,0.0140960900154371,0.0106029541345313,0.1391228949738488,0.0766358413148504,0.2326357812770824,0.265163162050723,0.0163014261549949,0.0351114195614169,10_sp_aij_17,10488077,0.1,10,1988,38,40,even
1318,29.090909090909093,0.0460400929499859,0.0798274887466647,0.0158444751863281,0.0097033860033245,0.1484879660097412,0.0662761383465666,0.2143154279278196,0.3221202780879583,0.0178554165691308,0.0372227318418714,10_sp_aij_17,10488077,0.1,10,1988,38,40,even
1319,30.0,0.0466323573464868,0.07692807696407,0.0149175677951846,0.0079724553626878,0.175545499112508,0.0886422138915818,0.2517988883676869,0.3083275767888515,0.0125891455811614,0.0404772245527197,10_sp_aij_17,10488077,0.1,10,1988,38,40,even
1320,0.0,0.04,0.08,0.06,0.07,0.06,0.01,0.06,0.01,0.06,0.08,10_sp_aij_17,10793741,0.1,10,1988,38,40,even
1321,0.6060606060606061,0.0410104823277499,0.1148766579530304,0.0724649625134436,0.0689752622621722,0.0622460905164492,0.0119793154786079,0.102016591193255,0.0117481055004087,0.0733402257368728,0.0958756936665478,10_sp_aij_17,10793741,0.1,10,1988,38,40,even
1322,1.5151515151515151,0.0515792876143675,0.1330831138843435,0.0656632518797059,0.0970906583144583,0.0950001012266854,0.0148171135408094,0.119144678124894,0.0227238408903116,0.0900309007881439,0.1112265001413129,10_sp_aij_17,10793741,0.1,10,1988,38,40,even
1323,2.121212121212121,0.0486016392499605,0.0902045323078643,0.0642210039947408,0.0870868521271757,0.0814895920593869,0.0202613575358275,0.155876698886917,0.0330248764262214,0.1182092267365405,0.1270067878114112,10_sp_aij_17,10793741,0.1,10,1988,38,40,even
1324,3.0303030303030303,0.0535228458341546,0.0890572220978448,0.0524686672063317,0.0967815796905864,0.0599672190055814,0.0204399284350513,0.1647835918598934,0.0661357749793961,0.1274009289290829,0.0916608917270736,10_sp_aij_17,10793741,0.1,10,1988,38,40,even
1325,3.6363636363636367,0.0610819866166048,0.1128168671007692,0.0547449453089628,0.0901871154992432,0.0620096002104852,0.0216156743009253,0.2050760689152139,0.0717959694142059,0.1008029205732885,0.0735130742417452,10_sp_aij_17,10793741,0.1,10,1988,38,40,even
1326,4.545454545454546,0.0534655065008332,0.1120649056723252,0.0601960193896304,0.0761904860071897,0.0717737072552671,0.0301134573969341,0.1920671508486208,0.1166015274546334,0.1119818400427882,0.1057208847829272,10_sp_aij_17,10793741,0.1,10,1988,38,40,even
1327,5.151515151515151,0.0611693719501109,0.1257854983554938,0.0585760964486279,0.0732094140989708,0.0481669329081934,0.0302922888502485,0.2279521213862213,0.1312497175627657,0.0904176967577266,0.107824702859741,10_sp_aij_17,10793741,0.1,10,1988,38,40,even
1328,6.0606060606060606,0.0721871527600456,0.1469367293862024,0.0487303467315761,0.0661854168026397,0.0670970848232526,0.0264989869839244,0.2577428249797944,0.1964520421324612,0.0834753214802394,0.0823012297067009,10_sp_aij_17,10793741,0.1,10,1988,38,40,even
1329,6.666666666666667,0.0719951583638473,0.1613920149766888,0.0386514771661062,0.066579347389151,0.0798108636404751,0.0307157195953953,0.2387521189366307,0.2642515110773967,0.0817584749893991,0.0810283571725054,10_sp_aij_17,10793741,0.1,10,1988,38,40,even
1330,7.575757575757576,0.0508667437424561,0.1333393683204879,0.024369376326954,0.0448284379773897,0.0953165633448636,0.02592585350134,0.2667985994362328,0.234621847580401,0.0987044843751239,0.0701718398340019,10_sp_aij_17,10793741,0.1,10,1988,38,40,even
1331,8.181818181818182,0.0467359687514576,0.1345828828457052,0.0218436941481089,0.0307597877752019,0.0938573253626807,0.0353926563464799,0.2086174464961613,0.3286842904456838,0.0906747741001582,0.0702449009050577,10_sp_aij_17,10793741,0.1,10,1988,38,40,even
1332,9.090909090909092,0.0523562190545046,0.1484204916805621,0.0218695719963296,0.0304619585042245,0.1102812323088806,0.0464946535072453,0.2100943432726912,0.293203898842592,0.0675073596069703,0.0758218416940605,10_sp_aij_17,10793741,0.1,10,1988,38,40,even
1333,10.0,0.0400546847990228,0.1499892294610461,0.01930708665837,0.0185704165619199,0.126772595225765,0.0540247668484531,0.2625659134284236,0.288087701467462,0.0515744034509464,0.0861609648578701,10_sp_aij_17,10793741,0.1,10,1988,38,40,even
1334,10.606060606060606,0.0381698883505224,0.1176198852286093,0.0239999748130521,0.0139593458490693,0.1257196148238737,0.0524607704989678,0.2227245924848953,0.2879329340415,0.0558361204322952,0.0862612847296917,10_sp_aij_17,10793741,0.1,10,1988,38,40,even
1335,11.515151515151516,0.039903953658278,0.133684083299742,0.0244261182866787,0.0126579449381156,0.1322058931420195,0.0591714559962889,0.1807221918819059,0.3125243034881427,0.0455642667158362,0.0993670409282759,10_sp_aij_17,10793741,0.1,10,1988,38,40,even
1336,12.12121212121212,0.043907773424608,0.1139071416325812,0.0289755157167472,0.0130896758851118,0.1297862642387092,0.0596528353875702,0.2040040712229368,0.2993081409952663,0.036598792492584,0.0818383080578302,10_sp_aij_17,10793741,0.1,10,1988,38,40,even
1337,13.030303030303031,0.0533497407275828,0.1107337163869423,0.0362004317208567,0.0141629400636455,0.1424269796943263,0.0669077180738206,0.2343772298264384,0.2986083410726874,0.0334594680170474,0.0641875081902204,10_sp_aij_17,10793741,0.1,10,1988,38,40,even
1338,13.636363636363637,0.0506544135705946,0.1196166043560302,0.0316062765127369,0.015433219218049,0.1711093186560862,0.0635755318510981,0.2084371569512282,0.2234053730378772,0.0305322419548779,0.0672326135802475,10_sp_aij_17,10793741,0.1,10,1988,38,40,even
1339,14.545454545454549,0.0596609739165596,0.0758584538833976,0.0409130098997557,0.0170857352240301,0.1180894121771701,0.0475819482836875,0.2406894434952889,0.2557413963901068,0.0311933025799671,0.0711332541100148,10_sp_aij_17,10793741,0.1,10,1988,38,40,even
1340,15.151515151515152,0.0516028277329132,0.0838861516388842,0.0525211314753085,0.0144172735117473,0.1217775905997331,0.0539299647465584,0.2941203824774343,0.2208443125707951,0.0269468597717396,0.079782888190996,10_sp_aij_17,10793741,0.1,10,1988,38,40,even
1341,16.060606060606062,0.036188505310026,0.0989654930324303,0.0535428682150381,0.0140925529902441,0.1290025169603498,0.0494759934662518,0.2713375628915926,0.2106520619700253,0.0279049445858463,0.0901050363530055,10_sp_aij_17,10793741,0.1,10,1988,38,40,even
1342,16.666666666666668,0.0356108457569158,0.1055717160497146,0.0390272686311286,0.014451937454132,0.1360464602275244,0.0550753034131276,0.2192540469976649,0.1793501700418141,0.030822461162081,0.0738510055375546,10_sp_aij_17,10793741,0.1,10,1988,38,40,even
1343,17.575757575757578,0.0260516661419991,0.1014116443727559,0.0448307356266037,0.0139281554926735,0.1856634795585136,0.0501895011224906,0.2156281551498224,0.2266458671726841,0.0219380109232137,0.0670606961570428,10_sp_aij_17,10793741,0.1,10,1988,38,40,even
1344,18.181818181818183,0.0244848003885566,0.0949820260816872,0.0558848818296867,0.0136457591826195,0.2166739565205442,0.076535888760653,0.223323432550515,0.2644414102942907,0.018642758565251,0.0843953263787124,10_sp_aij_17,10793741,0.1,10,1988,38,40,even
1345,19.09090909090909,0.0300088813765915,0.0984877131867564,0.0747877229807314,0.0149957888192624,0.2543522643337751,0.0943947997778802,0.1983521868951233,0.3253741776222998,0.015618236975523,0.0829537351021047,10_sp_aij_17,10793741,0.1,10,1988,38,40,even
1346,20.0,0.0270424703052204,0.0912825190334198,0.090681767822479,0.0138639255108162,0.2281360837785428,0.0818650292282678,0.2184550766709369,0.2171239289717457,0.0205577023955797,0.0752544314793052,10_sp_aij_17,10793741,0.1,10,1988,38,40,even
1347,20.60606060606061,0.024350382940377,0.1042927533311465,0.094911711696059,0.0109960501184892,0.1794721605829052,0.071141191175644,0.2030127261556524,0.2369937965159423,0.0202473050046357,0.1024157871822807,10_sp_aij_17,10793741,0.1,10,1988,38,40,even
1348,21.51515151515152,0.0326781074437038,0.116752274281286,0.0669981555023576,0.0098327861899142,0.1520732651798137,0.1023749382871338,0.203715486299271,0.227163152650736,0.0223794864390364,0.1274530142357108,10_sp_aij_17,10793741,0.1,10,1988,38,40,even
1349,22.12121212121212,0.0302330813339489,0.0971632459609445,0.064776722937839,0.0089927740276407,0.1961378792883571,0.1150218547899034,0.1629386963709473,0.1990135911664167,0.0219361035180742,0.1297879978948375,10_sp_aij_17,10793741,0.1,10,1988,38,40,even
1350,23.03030303030303,0.0286986722165331,0.0861990737470966,0.0753190233057945,0.0119982232789048,0.1905242161262987,0.1664214848426844,0.1667843412977101,0.2108309705212941,0.0197064198345337,0.1093841772988122,10_sp_aij_17,10793741,0.1,10,1988,38,40,even
1351,23.63636363636364,0.0350129145601676,0.1089001460844769,0.0877960352620981,0.012650576214863,0.176559632260781,0.15308127301989,0.1718309707642444,0.2285467673293768,0.021670687881528,0.0957479769291191,10_sp_aij_17,10793741,0.1,10,1988,38,40,even
1352,24.545454545454547,0.0351935384958064,0.1075837415255796,0.0827437206639085,0.0142497515542929,0.1698314999140538,0.1441823160364146,0.1609477011615862,0.1446268640423915,0.0183009991735581,0.0836646543089083,10_sp_aij_17,10793741,0.1,10,1988,38,40,even
1353,25.151515151515152,0.0323732456852711,0.0873147428028437,0.0860079203791816,0.0225669673569605,0.1586774468463905,0.1416680051207066,0.1737399406056744,0.1590912778440661,0.0177566383343264,0.1034065498894317,10_sp_aij_17,10793741,0.1,10,1988,38,40,even
1354,26.060606060606062,0.0354014376849353,0.1158690321056118,0.0758901810941575,0.0376494202824172,0.1471732601330741,0.1423781549149543,0.1795139046300206,0.181084963974114,0.0207020500070961,0.1211527244416967,10_sp_aij_17,10793741,0.1,10,1988,38,40,even
1355,26.666666666666668,0.0246171045426636,0.1168596990368104,0.0548096274609802,0.0512998216595511,0.1238709223561578,0.1237390545047625,0.1908151975774275,0.1978388069893722,0.019072389905395,0.1076594270875422,10_sp_aij_17,10793741,0.1,10,1988,38,40,even
1356,27.575757575757574,0.0282833019293074,0.0914844870643811,0.063713873197864,0.0693170840367985,0.1294137804745777,0.1060323505626949,0.2541490817849688,0.1989630318803816,0.0175182290643088,0.1153141245786593,10_sp_aij_17,10793741,0.1,10,1988,38,40,even
1357,28.181818181818183,0.0324321700651859,0.0894585360421396,0.0548814294883776,0.0661980713209878,0.1093925329400395,0.1023611979101527,0.2574686427066029,0.2244471226328716,0.0209108824985589,0.0917665678045608,10_sp_aij_17,10793741,0.1,10,1988,38,40,even
1358,29.090909090909093,0.0401478438431183,0.102422092291341,0.0597307874224322,0.0742581946285659,0.110425291530925,0.084040081847368,0.2496205941757441,0.2939706526563987,0.0175173246730772,0.0957723186592626,10_sp_aij_17,10793741,0.1,10,1988,38,40,even
1359,30.0,0.0476029359356081,0.1255556177183116,0.0514013076359892,0.0428678902936952,0.1129507584899989,0.0720361159705134,0.2981711100744926,0.2849556995804849,0.0134664448076094,0.0915367468579104,10_sp_aij_17,10793741,0.1,10,1988,38,40,even
1360,0.0,0.09,0.05,0.08,0.02,0.07,0.04,0.01,0.05,0.05,0.01,10_sp_aij_17,11563241,0.1,10,1988,38,40,even
1361,0.6060606060606061,0.0994729151076154,0.0797623930158318,0.093191644779661,0.0181726599814321,0.0737481218362592,0.0405014507163418,0.0172781164122086,0.0525787324537123,0.0610285710369704,0.0170349432243293,10_sp_aij_17,11563241,0.1,10,1988,38,40,even
1362,1.5151515151515151,0.073306932355584,0.0937577200105453,0.077266841252139,0.0164677574617226,0.0685016724399766,0.0328228615428616,0.0383977514198576,0.0496752328285558,0.0491719797078399,0.0227466966332775,10_sp_aij_17,11563241,0.1,10,1988,38,40,even
1363,2.121212121212121,0.0718774089765426,0.1235686546556116,0.0689881043404908,0.020142131703662,0.0833745379049808,0.0425855584359244,0.0594179440837109,0.0627874138411732,0.0555998573583256,0.0288712104882787,10_sp_aij_17,11563241,0.1,10,1988,38,40,even
1364,3.0303030303030303,0.0667231103751996,0.1143958430676846,0.0733647083304496,0.0237177806405012,0.095488484891228,0.0410929535713999,0.0739005956296819,0.0598137260889122,0.0567329739215623,0.0329315318841154,10_sp_aij_17,11563241,0.1,10,1988,38,40,even
1365,3.6363636363636367,0.0649058159679456,0.1165438755672508,0.0599560334745899,0.0268305335315772,0.1095200623929315,0.0524557105364059,0.0840068826750761,0.0787724160981222,0.0482749356831971,0.0369202072347347,10_sp_aij_17,11563241,0.1,10,1988,38,40,even
1366,4.545454545454546,0.0645425938379484,0.1162038046136078,0.0539326727074051,0.0307926653797697,0.0947056074465034,0.0828187539213985,0.1514843444557141,0.1119541039634132,0.062650518397852,0.0481405356130838,10_sp_aij_17,11563241,0.1,10,1988,38,40,even
1367,5.151515151515151,0.0648944329244671,0.1432127604039174,0.0386537106644204,0.032889045751629,0.0842011709925964,0.0908464519590567,0.1674641055189366,0.1165952338734051,0.0590921695858141,0.045685578846161,10_sp_aij_17,11563241,0.1,10,1988,38,40,even
1368,6.0606060606060606,0.0760246404596912,0.1382603606836627,0.0265111354793216,0.042095800190978,0.0820378964024177,0.0893662947101269,0.2711086589521479,0.1469819586528172,0.0636281329126123,0.0520702116941958,10_sp_aij_17,11563241,0.1,10,1988,38,40,even
1369,6.666666666666667,0.1086863158620524,0.1697163755492456,0.0199954290392924,0.0544608414902543,0.0815247332237665,0.0958611537460118,0.2344640325929932,0.1753196303833317,0.0616018706186302,0.0398415576132173,10_sp_aij_17,11563241,0.1,10,1988,38,40,even
1370,7.575757575757576,0.1125891636252428,0.1505546817021557,0.0192702819792644,0.0576796889191529,0.0752455257118435,0.08451532992617,0.3086278582995453,0.1746878957224797,0.072766925224229,0.0469041717804828,10_sp_aij_17,11563241,0.1,10,1988,38,40,even
1371,8.181818181818182,0.0998761623162791,0.1446461617386321,0.0171095384267507,0.058409127526246,0.0809288070844503,0.0756849514118013,0.3568166236303332,0.1925100169469686,0.0572351283137135,0.0551425125266371,10_sp_aij_17,11563241,0.1,10,1988,38,40,even
1372,9.090909090909092,0.1186229186673735,0.1212347198058246,0.0162100092537019,0.0474927996403782,0.1188911107465567,0.0674310952600431,0.3557731576694412,0.2786087241112828,0.0595689942109882,0.0667885992162408,10_sp_aij_17,11563241,0.1,10,1988,38,40,even
1373,10.0,0.0765153797885818,0.120317779941302,0.0174452399901692,0.0391677886636404,0.1050871082626607,0.0513267550447665,0.293741488479201,0.2246964509413466,0.0493394680999718,0.0856294203396116,10_sp_aij_17,11563241,0.1,10,1988,38,40,even
1374,10.606060606060606,0.0820009788981053,0.1092514372567972,0.0250018855588859,0.0329787475541387,0.0958057239150292,0.0451808425916087,0.2777612030422162,0.2148709966569714,0.0556292728776841,0.0719094721924244,10_sp_aij_17,11563241,0.1,10,1988,38,40,even
1375,11.515151515151516,0.0706599272456012,0.1087802442050847,0.0272683210900831,0.0279603269456794,0.1159566457506134,0.0519882670273088,0.1929762311245169,0.2286564233246001,0.056915125508967,0.0873539605681905,10_sp_aij_17,11563241,0.1,10,1988,38,40,even
1376,12.12121212121212,0.0559082583903024,0.1105547207453596,0.0351606273807396,0.0303020281420337,0.1310012206127783,0.0490225526182133,0.2177309881398793,0.2386880911542239,0.057381844300992,0.0734549274129658,10_sp_aij_17,11563241,0.1,10,1988,38,40,even
1377,13.030303030303031,0.0590554716184566,0.1306165494991003,0.0282483729196095,0.022066368103376,0.140868693434973,0.0595236497797451,0.2749995293636,0.2570137069165119,0.0516476838969738,0.0976657418783369,10_sp_aij_17,11563241,0.1,10,1988,38,40,even
1378,13.636363636363637,0.0547220940192798,0.1231681210240353,0.0326596167724481,0.0248196320412741,0.1209670797735462,0.0609923150898339,0.2878941254760971,0.2663491333738089,0.0418544194865572,0.0761690611398947,10_sp_aij_17,11563241,0.1,10,1988,38,40,even
1379,14.545454545454549,0.057017835557644,0.0957586566396782,0.025366695182966,0.0247719422805277,0.135527614846528,0.0676941915311873,0.2213244443308411,0.2562616923241858,0.0459119426820718,0.0576522471850708,10_sp_aij_17,11563241,0.1,10,1988,38,40,even
1380,15.151515151515152,0.0531150292543617,0.0980597320932005,0.0281913709682968,0.030813825513961,0.1321000238269057,0.0643562437055006,0.2504947013415376,0.2466918022254043,0.0452641539358269,0.0464789064740265,10_sp_aij_17,11563241,0.1,10,1988,38,40,even
1381,16.060606060606062,0.0352740681869353,0.1125856139574722,0.0348914365087219,0.0303978768030178,0.1334363166765572,0.0687860628887377,0.2511311021751652,0.2232329425722445,0.0399943770679656,0.0470854733863663,10_sp_aij_17,11563241,0.1,10,1988,38,40,even
1382,16.666666666666668,0.0348105757820888,0.1184459851464858,0.037030772860813,0.0246560654741079,0.110810696382745,0.0906087477646616,0.2172360623726813,0.2353225399105416,0.0408196265001565,0.0469369901987947,10_sp_aij_17,11563241,0.1,10,1988,38,40,even
1383,17.575757575757578,0.0446310840908343,0.089601423681935,0.0272155543249278,0.0198871621982822,0.1137097049679807,0.1031271955459302,0.2613024736256891,0.3398258753159887,0.0390839842993109,0.0517733176418154,10_sp_aij_17,11563241,0.1,10,1988,38,40,even
1384,18.181818181818183,0.0508484779266397,0.0762867148266026,0.028311833565236,0.0165251543067715,0.1224779679024861,0.0987915348662619,0.354644297057379,0.3113113353171068,0.0400227797957112,0.0540746309384786,10_sp_aij_17,11563241,0.1,10,1988,38,40,even
1385,19.09090909090909,0.0635149762772117,0.0849823933876472,0.0169208493181029,0.016752038702953,0.0942353722494962,0.0973056086657987,0.2753406964435109,0.3283516877100727,0.0333946242097605,0.0536399690960269,10_sp_aij_17,11563241,0.1,10,1988,38,40,even
1386,20.0,0.0456365182488059,0.0935891271164541,0.0142383401088673,0.0116338616384517,0.1305679973535808,0.1045441487537276,0.3007127991851889,0.2748985334177568,0.0307791028838625,0.0536835909958094,10_sp_aij_17,11563241,0.1,10,1988,38,40,even
1387,20.60606060606061,0.0362622760018613,0.1016027698639171,0.0127296893479196,0.0097458182659412,0.139562634276918,0.110606337567753,0.300147563620396,0.2760139221432681,0.0264397240357077,0.0560453185806995,10_sp_aij_17,11563241,0.1,10,1988,38,40,even
1388,21.51515151515152,0.0286871998875906,0.1013946422927614,0.0124974475702587,0.0088433616229354,0.1500916029555441,0.1001535681896538,0.2881895378266459,0.313527308893994,0.0195714569069288,0.0712340931934695,10_sp_aij_17,11563241,0.1,10,1988,38,40,even
1389,22.12121212121212,0.0343894884248988,0.0967050706257874,0.0115544850798566,0.0078305859146071,0.1299090026976068,0.070391035910093,0.2543360697621574,0.2669116889975755,0.0231710561358988,0.0662935279239237,10_sp_aij_17,11563241,0.1,10,1988,38,40,even
1390,23.03030303030303,0.0367391524532067,0.0918749454586082,0.0108098001373764,0.006670244239741,0.1261564250139177,0.0883444320165471,0.3179346631122486,0.2392127666448514,0.0174645336331267,0.056462568977142,10_sp_aij_17,11563241,0.1,10,1988,38,40,even
1391,23.63636363636364,0.0428245336794592,0.0948133111583211,0.0103800502046523,0.0067639537545139,0.1399230752655201,0.0793534305189661,0.3073767681133634,0.2545659195066748,0.0207708438558711,0.0579222530548649,10_sp_aij_17,11563241,0.1,10,1988,38,40,even
1392,24.545454545454547,0.0685457529202865,0.0976350102946457,0.0115803440945482,0.0053544687539497,0.168156063593912,0.061142707343669,0.2779653993643396,0.212508828920803,0.0133563391689939,0.0557209659438208,10_sp_aij_17,11563241,0.1,10,1988,38,40,even
1393,25.151515151515152,0.0503228239204672,0.0897779822637183,0.0146985500914297,0.0043153571819646,0.1563063622051744,0.0814598581495599,0.2567544553850591,0.2309878363918761,0.0132220792339441,0.0544755191751631,10_sp_aij_17,11563241,0.1,10,1988,38,40,even
1394,26.060606060606062,0.0701169118773328,0.0909996414491521,0.0138157264497765,0.0042395565907681,0.1309053737337715,0.06076234393311,0.2843174180803605,0.2389542565201355,0.0151476201469852,0.0622233015181132,10_sp_aij_17,11563241,0.1,10,1988,38,40,even
1395,26.666666666666668,0.0574175644348229,0.1006433474866598,0.0123589554549187,0.004105008028977,0.1339980567376137,0.0681744620756878,0.2428166809613957,0.2215814765869983,0.0167053610099237,0.0559365711481082,10_sp_aij_17,11563241,0.1,10,1988,38,40,even
1396,27.575757575757574,0.0679929651153804,0.1186481197120928,0.0166999191203901,0.0040446679947394,0.1562340489573388,0.0732850856010199,0.2287587224232325,0.1711774343378304,0.0142725474041077,0.0488979207365196,10_sp_aij_17,11563241,0.1,10,1988,38,40,even
1397,28.181818181818183,0.0552413101493579,0.1120826847496591,0.0198642173705208,0.0042185683842043,0.1802680093833384,0.0753607969996557,0.2274529104713964,0.1955487084946871,0.0140310623720639,0.0418077426574212,10_sp_aij_17,11563241,0.1,10,1988,38,40,even
1398,29.090909090909093,0.0519716204493661,0.1258569675148298,0.0185884236202989,0.0043709310447313,0.1786450326419225,0.101124754573817,0.3152745705669126,0.1844292453612107,0.0146915574483109,0.0459332741286411,10_sp_aij_17,11563241,0.1,10,1988,38,40,even
1399,30.0,0.0448951330774082,0.114212376129556,0.0157474860375649,0.0048374648599466,0.1859995804400002,0.0815560789636136,0.343290965101791,0.1924362222567726,0.0142729987564606,0.0430773246605416,10_sp_aij_17,11563241,0.1,10,1988,38,40,even
1400,0.0,0.02,0.01,0.09,0.09,0.04,0.05,0.01,0.06,0.08,0.06,10_sp_aij_17,11942766,0.1,10,1988,38,40,even
1401,0.6060606060606061,0.0245554159366383,0.0141344375943774,0.0735251694435502,0.0835482881498662,0.0426355176255642,0.0520483193968089,0.0123295582439939,0.0580552747214591,0.0798409238760744,0.0726519310932222,10_sp_aij_17,11942766,0.1,10,1988,38,40,even
1402,1.5151515151515151,0.0317999871498453,0.0277268297533954,0.0776097951719339,0.0769517137022516,0.0556613151879722,0.0488862981285861,0.0194443103040186,0.0583006876259339,0.1005412070258291,0.0864743975969918,10_sp_aij_17,11942766,0.1,10,1988,38,40,even
1403,2.121212121212121,0.0342986462378738,0.0358695743556772,0.0747304850980075,0.0892508626512155,0.0571009469128219,0.0501688885335117,0.0298645002795272,0.0757997791377517,0.094087535424757,0.0977222990054717,10_sp_aij_17,11942766,0.1,10,1988,38,40,even
1404,3.0303030303030303,0.0523166937307903,0.032722470265808,0.0654885913880974,0.0778386810248576,0.0588737031181404,0.0825686457474318,0.0408004395641199,0.1057418995950639,0.1048699312566691,0.0900952708004143,10_sp_aij_17,11942766,0.1,10,1988,38,40,even
1405,3.6363636363636367,0.0569150740704092,0.0455452318839068,0.0795132309351378,0.068623061211391,0.0657169993596004,0.0733967419595389,0.0570288851467153,0.1140340246210427,0.0823522443305956,0.1190565402266575,10_sp_aij_17,11942766,0.1,10,1988,38,40,even
1406,4.545454545454546,0.057541805372952,0.0749059717872408,0.0829957203729165,0.0926271281558341,0.0612359503706078,0.0895987669036781,0.1148106170253297,0.1560830990124533,0.067973617700561,0.1089995342873047,10_sp_aij_17,11942766,0.1,10,1988,38,40,even
1407,5.151515151515151,0.0478425471214256,0.0651406851841064,0.0777700507334696,0.1001012004533808,0.0554155568172031,0.0848336055774072,0.1838191286333371,0.1911815545565177,0.0547420967524788,0.0981750637173521,10_sp_aij_17,11942766,0.1,10,1988,38,40,even
1408,6.0606060606060606,0.0532470082513965,0.0771190972456743,0.0779621436406485,0.1054916126978945,0.0644204761858324,0.0904923768492556,0.2296318263844602,0.2157944323535875,0.0658389606571446,0.0836427073470345,10_sp_aij_17,11942766,0.1,10,1988,38,40,even
1409,6.666666666666667,0.0484847568204071,0.1033065668076279,0.056774761047389,0.0985827869329686,0.0727153473294399,0.0868711293444329,0.2526558442038704,0.2261044850008692,0.081656983594839,0.0967879519372432,10_sp_aij_17,11942766,0.1,10,1988,38,40,even
1410,7.575757575757576,0.0603136883409347,0.1131413704752568,0.041686594005261,0.0858665855759,0.0912177989697161,0.0701130394797506,0.2154366145089603,0.2300921943738585,0.0682987913936039,0.1066853214455821,10_sp_aij_17,11942766,0.1,10,1988,38,40,even
1411,8.181818181818182,0.058918271774328,0.1409568124560826,0.0339085238338809,0.0742904796036522,0.0878139448503634,0.0589914915994753,0.2012821911315521,0.2355546762799293,0.0751142763943233,0.0981471548576747,10_sp_aij_17,11942766,0.1,10,1988,38,40,even
1412,9.090909090909092,0.0678459735764504,0.1584312361973641,0.037874527782924,0.0521255855973759,0.0780706509531816,0.0582286028866361,0.1760185646806446,0.2031828022945134,0.0641775371817082,0.0917677918672247,10_sp_aij_17,11942766,0.1,10,1988,38,40,even
1413,10.0,0.0743988433285498,0.1642828855379499,0.0391220040260872,0.0448190638264081,0.0731900015417943,0.0528057751301236,0.1977735240648609,0.2392688608660342,0.0629448449019288,0.1064120332174382,10_sp_aij_17,11942766,0.1,10,1988,38,40,even
1414,10.606060606060606,0.0731483223657362,0.1480242376685425,0.0292479057261578,0.042307706953979,0.1023882361669714,0.0480692008478402,0.226478869685601,0.2471379045172111,0.0658079488318199,0.0879989207620352,10_sp_aij_17,11942766,0.1,10,1988,38,40,even
1415,11.515151515151516,0.0705041083161637,0.1001199277221582,0.0243994936924406,0.0311994370295831,0.1220876204485452,0.0562536551843293,0.2144366358849846,0.2814903917216789,0.0616499078593422,0.0764134841108756,10_sp_aij_17,11942766,0.1,10,1988,38,40,even
1416,12.12121212121212,0.0687077621191367,0.1019336459397185,0.0340271941916612,0.0357378551135709,0.1306955503887246,0.0668043908442555,0.2620648972259403,0.2598382227630961,0.0595339494675628,0.0895733944734492,10_sp_aij_17,11942766,0.1,10,1988,38,40,even
1417,13.030303030303031,0.0743975283984173,0.0996639300571036,0.0439530880929349,0.0329510160044086,0.124441220048509,0.0686866800387049,0.2533143215457086,0.3348090565656072,0.0607542822812886,0.1077310838269846,10_sp_aij_17,11942766,0.1,10,1988,38,40,even
1418,13.636363636363637,0.0808780321423667,0.1116048230041919,0.0496880911789204,0.0317672967588256,0.153572673899048,0.0761245789729907,0.2350345236638389,0.2266725086911552,0.0490441853259893,0.0861879848325624,10_sp_aij_17,11942766,0.1,10,1988,38,40,even
1419,14.545454545454549,0.0778445274623311,0.1262623285885604,0.0521894631342023,0.038956266472234,0.1166632143712659,0.0770334500812461,0.3281115768665852,0.2043148788310244,0.044453521319419,0.087379226030915,10_sp_aij_17,11942766,0.1,10,1988,38,40,even
1420,15.151515151515152,0.0815949680738296,0.1264508986115461,0.0474600816387061,0.0355265092715545,0.1404142765343443,0.053638572728796,0.2697902584766753,0.1950979129103009,0.0427856481096864,0.0762977200566551,10_sp_aij_17,11942766,0.1,10,1988,38,40,even
1421,16.060606060606062,0.0738211617069225,0.1202396570650001,0.0593758999884017,0.037706430368731,0.1278486782375034,0.0544917558358632,0.2963536109783979,0.2105080723731046,0.0493287732345007,0.0750664364149196,10_sp_aij_17,11942766,0.1,10,1988,38,40,even
1422,16.666666666666668,0.0569542967621388,0.100389506790839,0.0589996467237212,0.0292307504544436,0.1508940881387847,0.0588912761473776,0.263585703816292,0.2255092675080486,0.0564210700535158,0.0759711713002815,10_sp_aij_17,11942766,0.1,10,1988,38,40,even
1423,17.575757575757578,0.0482522957056722,0.0892131495106163,0.0546747627357629,0.0302158954591013,0.166332100969714,0.0657379495471189,0.2330625618672507,0.2114467682581727,0.0457764758492574,0.0695299812410751,10_sp_aij_17,11942766,0.1,10,1988,38,40,even
1424,18.181818181818183,0.0569445801638509,0.1085846719252822,0.0451720843538608,0.0341137267105283,0.1481991622749134,0.0606721597952646,0.2859917052539475,0.2371888542719966,0.0494999645074032,0.0799969029462918,10_sp_aij_17,11942766,0.1,10,1988,38,40,even
1425,19.09090909090909,0.0496410901399362,0.1067156166170733,0.045418475591373,0.0330795603532895,0.1247785753789035,0.0698177830734679,0.2285154561188764,0.2421634690960215,0.037879519765484,0.0822908161971763,10_sp_aij_17,11942766,0.1,10,1988,38,40,even
1426,20.0,0.0464514561641022,0.1289745508757656,0.0312574412553635,0.0339768123734442,0.1014628289799625,0.0814369742594708,0.2721335714575098,0.2216427623318022,0.0375163632388772,0.0884871653980228,10_sp_aij_17,11942766,0.1,10,1988,38,40,even
1427,20.60606060606061,0.0395332110788109,0.0977104857812182,0.0273155324137731,0.0365399340833714,0.0950419266309627,0.0761949959479808,0.2573448447461308,0.2752035137184746,0.0254307905375611,0.0679813394621527,10_sp_aij_17,11942766,0.1,10,1988,38,40,even
1428,21.51515151515152,0.0471631790969706,0.0989282416616998,0.0209089492350087,0.0317923444261765,0.1055761883584435,0.0738165599460999,0.3004174925288283,0.2799703259185641,0.0226052474856507,0.0641960103515062,10_sp_aij_17,11942766,0.1,10,1988,38,40,even
1429,22.12121212121212,0.044145758799246,0.0884519939703773,0.019688150867359,0.0355545040881889,0.1182909774915855,0.0810978647234069,0.2845929518827195,0.2845404629685769,0.0215248323207509,0.059496520586935,10_sp_aij_17,11942766,0.1,10,1988,38,40,even
1430,23.03030303030303,0.0555816427247036,0.1056811617207136,0.0262895272074128,0.0238669657016514,0.1216033716853361,0.0577421729904018,0.2879775741434352,0.3231582046858325,0.0151943457727394,0.0507997731440067,10_sp_aij_17,11942766,0.1,10,1988,38,40,even
1431,23.63636363636364,0.046200450323915,0.1031716176517472,0.0283224438844261,0.0218155144291018,0.1359179291179789,0.0589907526096488,0.2763624562209359,0.3375905421263652,0.0106784878456912,0.0490346006252002,10_sp_aij_17,11942766,0.1,10,1988,38,40,even
1432,24.545454545454547,0.0404284722880328,0.1136981158164998,0.0319113091265781,0.0156376150494996,0.1539955294060208,0.0629384572099739,0.2799582506458937,0.2643547560485043,0.0089127326668063,0.0632218772681957,10_sp_aij_17,11942766,0.1,10,1988,38,40,even
1433,25.151515151515152,0.0467343731165021,0.0991729980195824,0.0331946784641634,0.0165052905312022,0.1761468120147915,0.0694246070654423,0.2561453839323552,0.261012748064501,0.0093946822743717,0.0728311162578241,10_sp_aij_17,11942766,0.1,10,1988,38,40,even
1434,26.060606060606062,0.0392513767052148,0.1040720339569927,0.0424437735872128,0.0186792201562653,0.1493486085222205,0.0630696724035418,0.3174311039746288,0.2269501919327629,0.01131280446414,0.0758722670159448,10_sp_aij_17,11942766,0.1,10,1988,38,40,even
1435,26.666666666666668,0.0345553694774654,0.1154734513719402,0.0501402833905671,0.0169038206890145,0.1488321127106522,0.0625236945522505,0.2964603003698451,0.2406241984486399,0.0128039800609576,0.0886765728148858,10_sp_aij_17,11942766,0.1,10,1988,38,40,even
1436,27.575757575757574,0.0313179712787329,0.0900528304676692,0.0603437184778722,0.0188593792470195,0.1826855183184192,0.0503992833987843,0.2499393412594438,0.2896757509795245,0.0132262680702779,0.1098038918033657,10_sp_aij_17,11942766,0.1,10,1988,38,40,even
1437,28.181818181818183,0.027863906463675,0.1128776363021126,0.0616804219494693,0.0183659592727093,0.2256895408991645,0.0555832585385153,0.2664111838037061,0.2654117571939774,0.0115775123776449,0.1078761266325259,10_sp_aij_17,11942766,0.1,10,1988,38,40,even
1438,29.090909090909093,0.0327767721137219,0.0943728809307039,0.0656937954982101,0.0144973602430431,0.2318685638843529,0.0785047598653694,0.2146684670987451,0.2797035659654784,0.0117761310569721,0.0952308421323763,10_sp_aij_17,11942766,0.1,10,1988,38,40,even
1439,30.0,0.0208343131986167,0.0942297675529083,0.0803392845776757,0.0168456311937651,0.205147826596721,0.0831572804811685,0.2539864610715897,0.2882719815241918,0.0129305805258085,0.077026404567714,10_sp_aij_17,11942766,0.1,10,1988,38,40,even
1440,0.0,0.02,0.06,0.04,0.05,0.01,0.02,0.02,0.07,0.08,0.03,10_sp_aij_17,12305126,0.1,10,1988,38,40,even
1441,0.6060606060606061,0.022607796684498,0.0736604133891264,0.0363785191862025,0.0322275503166415,0.0144049940275013,0.029377407035813,0.0301907137253871,0.0869290487365509,0.0653667086129403,0.0344233691610865,10_sp_aij_17,12305126,0.1,10,1988,38,40,even
1442,1.5151515151515151,0.02620532672121,0.0923789990440895,0.0438168700925609,0.032877363280654,0.0280182900232854,0.0450401796655285,0.0467484120831156,0.1578423858333114,0.054321607140598,0.0534346548476893,10_sp_aij_17,12305126,0.1,10,1988,38,40,even
1443,2.121212121212121,0.0289354443637127,0.0956998682080867,0.0322661519494423,0.0348276591616818,0.0374827382303097,0.060177518471666,0.0671867168954899,0.1607988504352119,0.0484336187686128,0.0720946793229382,10_sp_aij_17,12305126,0.1,10,1988,38,40,even
1444,3.0303030303030303,0.0258203404923405,0.1023372220551321,0.0396512538850565,0.0332287897178229,0.0579522487781196,0.0705499943363435,0.1172732357190121,0.1947972547378633,0.0464275422675572,0.0757629117700989,10_sp_aij_17,12305126,0.1,10,1988,38,40,even
1445,3.6363636363636367,0.0273210374300633,0.0973844981388081,0.044281948994685,0.0278931842447944,0.0671406831078882,0.0661114549925472,0.1508692996862193,0.1916076974873109,0.0521469191379525,0.0536010927848273,10_sp_aij_17,12305126,0.1,10,1988,38,40,even
1446,4.545454545454546,0.0257817309678674,0.1022395176582979,0.045413927272903,0.0331491650177273,0.0852915246590713,0.0568616883062864,0.2456622685200096,0.236075440264826,0.0491582523717352,0.0608934220995921,10_sp_aij_17,12305126,0.1,10,1988,38,40,even
1447,5.151515151515151,0.0307023960759877,0.1267827796381541,0.0444350681075106,0.0268686407126182,0.1022372613853196,0.0807886030454214,0.2531208937986144,0.2454384616318788,0.0431546876148126,0.071978315165512,10_sp_aij_17,12305126,0.1,10,1988,38,40,even
1448,6.0606060606060606,0.0349712783268408,0.1475324480414974,0.0415160622220567,0.0323559104768255,0.122858976907406,0.1023243901762549,0.2206984599949853,0.3178066359721175,0.0428480360134148,0.0889891800172606,10_sp_aij_17,12305126,0.1,10,1988,38,40,even
1449,6.666666666666667,0.0363607912230268,0.1592440549437405,0.0348045500910394,0.027724067862891,0.123095003788195,0.0764473714061564,0.2564576312980424,0.2626191056013179,0.0406120572105032,0.1024684807840701,10_sp_aij_17,12305126,0.1,10,1988,38,40,even
1450,7.575757575757576,0.0407445179714785,0.1696612357214172,0.0314837916607303,0.0325879485386908,0.1301523468720274,0.0921930277805933,0.2724272712704862,0.2068397752458702,0.0360074557979542,0.1046896271130987,10_sp_aij_17,12305126,0.1,10,1988,38,40,even
1451,8.181818181818182,0.0399067012490475,0.1323082777302694,0.0330647390984132,0.0271602021157158,0.1349901742641216,0.1017969545986837,0.2393536787563189,0.1984580709057747,0.0289634657435767,0.1199880042957008,10_sp_aij_17,12305126,0.1,10,1988,38,40,even
1452,9.090909090909092,0.0488530461184207,0.1033105461791362,0.0315516689702008,0.0229745011089086,0.1593176383050064,0.118437652060536,0.2306076574639063,0.2080070109602725,0.0246629579016132,0.1142495331326414,10_sp_aij_17,12305126,0.1,10,1988,38,40,even
1453,10.0,0.0472445940069388,0.1079429326213682,0.0371459305012053,0.0242984216191923,0.135952679326195,0.1005775902058841,0.2431913166393789,0.1711509710339197,0.0175895939706382,0.0940158352306984,10_sp_aij_17,12305126,0.1,10,1988,38,40,even
1454,10.606060606060606,0.0517319220590069,0.1227507085580129,0.0359497834600327,0.0260763511053592,0.1932899003483052,0.1204165810315764,0.2206287805643565,0.1522469204747828,0.0155634538676172,0.0895737582660628,10_sp_aij_17,12305126,0.1,10,1988,38,40,even
1455,11.515151515151516,0.0439595172633095,0.0904410933231705,0.0299465128390266,0.0266196779041736,0.1513615532641914,0.1489585900790065,0.2310625803565636,0.1457526451656634,0.0153314023034854,0.0976920846619116,10_sp_aij_17,12305126,0.1,10,1988,38,40,even
1456,12.12121212121212,0.0516487171424541,0.1000096624798882,0.0368463396754684,0.0355396369102513,0.1748626274329888,0.1419543900404231,0.2331400553000896,0.1500924749130023,0.01584790893688,0.0846147576537164,10_sp_aij_17,12305126,0.1,10,1988,38,40,even
1457,13.030303030303031,0.0523284006536689,0.1177801300896294,0.0490517151169183,0.0363754949493337,0.1824327822053281,0.1138111649162613,0.1487619744396046,0.1573523552343748,0.0204758836969332,0.1250994481490336,10_sp_aij_17,12305126,0.1,10,1988,38,40,even
1458,13.636363636363637,0.0478694411944291,0.1117659760027338,0.0607481808791529,0.0370998185106402,0.1486534490302383,0.1231597850170558,0.1407172682197353,0.1207468291152151,0.0252240048155532,0.1093321992025655,10_sp_aij_17,12305126,0.1,10,1988,38,40,even
1459,14.545454545454549,0.0432727904197111,0.1107634100697906,0.0645750120948031,0.0411425680272835,0.1363200128764764,0.111922063839141,0.1741658475913804,0.1302407601860016,0.0281780288721374,0.1182043877040871,10_sp_aij_17,12305126,0.1,10,1988,38,40,even
1460,15.151515151515152,0.0426612153989311,0.1363002039815526,0.0620481030928671,0.0405590389965722,0.1243671226338077,0.099487759957225,0.1884723561256784,0.1224249505420133,0.0332851686190177,0.1263346791973856,10_sp_aij_17,12305126,0.1,10,1988,38,40,even
1461,16.060606060606062,0.059686864806833,0.1642238641160439,0.0675145696742607,0.0486084011205219,0.1159657933980727,0.1048534525755261,0.1630113366092012,0.1194894695640101,0.0277708888458972,0.1113736339983135,10_sp_aij_17,12305126,0.1,10,1988,38,40,even
1462,16.666666666666668,0.0590465593035827,0.1359580282418152,0.0778998000919063,0.0489975916169244,0.1249999358381795,0.1155056715008776,0.1603873376950455,0.1358679243114091,0.0296231436640106,0.1234236617744516,10_sp_aij_17,12305126,0.1,10,1988,38,40,even
1463,17.575757575757578,0.0537862985890257,0.1443054382097637,0.0568400896740441,0.0460848033121207,0.1411209824152813,0.1019226370168667,0.2328053679822985,0.1460199418049518,0.0319535216971343,0.111985687190881,10_sp_aij_17,12305126,0.1,10,1988,38,40,even
1464,18.181818181818183,0.0538984768070566,0.1581555707747675,0.0727402329867557,0.0629924317933065,0.1277601003503534,0.0991806240039741,0.2407999238906309,0.1691241434446001,0.0406715608529416,0.1223231576159468,10_sp_aij_17,12305126,0.1,10,1988,38,40,even
1465,19.09090909090909,0.0747581853423249,0.173133579370172,0.0440608667169321,0.042202283551695,0.1129853217360353,0.0835836849812646,0.2382505764728057,0.1332673533791504,0.0545497362439351,0.1060958197574872,10_sp_aij_17,12305126,0.1,10,1988,38,40,even
1466,20.0,0.0728260499001676,0.1093334899966446,0.0409104957863309,0.0439658748995976,0.1339978324422293,0.0659531832568433,0.2524623306679825,0.1485328472874312,0.0653925469223762,0.0906522329956057,10_sp_aij_17,12305126,0.1,10,1988,38,40,even
1467,20.60606060606061,0.0677570097966742,0.1247547723797509,0.0345703740510317,0.0513411394525655,0.1148617979697644,0.0819194198205877,0.2342852563512814,0.1533863322411435,0.0663058690771572,0.109115322469807,10_sp_aij_17,12305126,0.1,10,1988,38,40,even
1468,21.51515151515152,0.078916453810463,0.148167540572304,0.0474372333107566,0.0558838223889206,0.1061469673869869,0.0740359101656065,0.2419670947289608,0.1714945202447459,0.07513966769654,0.1209926173067156,10_sp_aij_17,12305126,0.1,10,1988,38,40,even
1469,22.12121212121212,0.094715450774333,0.1328100151181975,0.0324000443738997,0.0595639817682921,0.1046745522117425,0.0556622206965715,0.2198199904664895,0.2057484136438695,0.0575907359853879,0.1104385167350029,10_sp_aij_17,12305126,0.1,10,1988,38,40,even
1470,23.03030303030303,0.072750214394612,0.1350764304877927,0.0402007047510443,0.054716845637585,0.1429879797588833,0.0673595907956397,0.2039288043304874,0.2379886255925468,0.0684893811926055,0.0963762741575168,10_sp_aij_17,12305126,0.1,10,1988,38,40,even
1471,23.63636363636364,0.0736086020311361,0.128927041939848,0.0421237069334593,0.0518594212039213,0.1211015631464099,0.0697604229647375,0.2402336390407558,0.2228133645622937,0.066835877498877,0.0795196841372441,10_sp_aij_17,12305126,0.1,10,1988,38,40,even
1472,24.545454545454547,0.0561014036882019,0.1267489343484067,0.04711346702261,0.0642978907916093,0.1270145236834974,0.0719330265275081,0.203191599486626,0.2874166530629893,0.0606354649615063,0.0658260839758605,10_sp_aij_17,12305126,0.1,10,1988,38,40,even
1473,25.151515151515152,0.0586832249091199,0.1397929858031742,0.0487543639980649,0.0710830141740446,0.1069609827626294,0.068051749671722,0.2641629167554493,0.2442682628566323,0.0553309363684504,0.0736288854742475,10_sp_aij_17,12305126,0.1,10,1988,38,40,even
1474,26.060606060606062,0.0530311843237852,0.109015609958141,0.0473637156638555,0.0546397341703254,0.0886176410165348,0.0719566943054497,0.2772348541447037,0.2389004933568236,0.0390027815833901,0.085715591625011,10_sp_aij_17,12305126,0.1,10,1988,38,40,even
1475,26.666666666666668,0.0605616197777919,0.105466277990994,0.0479727821520958,0.0406305974428837,0.118641973634014,0.0900153378263713,0.2150535061831484,0.2854317188927084,0.0316900747733462,0.0920422500364398,10_sp_aij_17,12305126,0.1,10,1988,38,40,even
1476,27.575757575757574,0.0773630417438939,0.129361404700819,0.0438373669209771,0.024547373016263,0.1336688454298763,0.0709853212959673,0.250566800367741,0.2794567731082148,0.0350522935699452,0.0760598756757516,10_sp_aij_17,12305126,0.1,10,1988,38,40,even
1477,28.181818181818183,0.0739537786146138,0.1245850269210945,0.0465951379238077,0.0229983073227264,0.1478392135243505,0.0593922280916679,0.1736686778466441,0.3272793822450459,0.0445523258051097,0.0969985236043678,10_sp_aij_17,12305126,0.1,10,1988,38,40,even
1478,29.090909090909093,0.0871804455416455,0.1109470382770031,0.0472388724248938,0.0147395227279401,0.1047066776488734,0.0721693802706553,0.204329864492343,0.2615971546139903,0.0400291100780993,0.0944673339217106,10_sp_aij_17,12305126,0.1,10,1988,38,40,even
1479,30.0,0.0912727991403768,0.119787771488665,0.0526806572090286,0.0114974046748881,0.086713789854573,0.0636421292363806,0.2523942202106668,0.2175701407580063,0.0467269673019211,0.0811422387534482,10_sp_aij_17,12305126,0.1,10,1988,38,40,even
1480,0.0,0.09,0.09,0.01,0.03,0.06,0.06,0.03,0.08,0.07,0.05,10_sp_aij_17,12733201,0.1,10,1988,38,40,even
1481,0.6060606060606061,0.0640141213531772,0.094989521831849,0.009242403415087,0.0358081531757976,0.0880874169779078,0.0552186640457117,0.0341489886224159,0.0983776408441058,0.0681092081474488,0.0459216711879577,10_sp_aij_17,12733201,0.1,10,1988,38,40,even
1482,1.5151515151515151,0.0649209119065998,0.1231910786478996,0.0101845119482505,0.0424030763916074,0.1221626351277632,0.0657904791093211,0.0702233613354902,0.1087956388243671,0.0771016160065483,0.0541276375473243,10_sp_aij_17,12733201,0.1,10,1988,38,40,even
1483,2.121212121212121,0.0601096011034996,0.130839575714983,0.0124046450298443,0.0618339297127231,0.1342230315147138,0.0683669968071378,0.0841494053325001,0.1615806705104427,0.0845007074897716,0.0596982927470881,10_sp_aij_17,12733201,0.1,10,1988,38,40,even
1484,3.0303030303030303,0.0657798989678127,0.1315445550772466,0.011359375663599,0.0562058878018878,0.1417435739260555,0.0809845017004944,0.1248909763698971,0.2041836292644939,0.0847104420063998,0.0738912436914934,10_sp_aij_17,12733201,0.1,10,1988,38,40,even
1485,3.6363636363636367,0.0589027820620855,0.1300351052715225,0.0115923124724386,0.0504533702406823,0.1374707310906255,0.0739869752367249,0.1583271706800826,0.2085862434710307,0.0831979191573956,0.0708202877616815,10_sp_aij_17,12733201,0.1,10,1988,38,40,even
1486,4.545454545454546,0.072730974408724,0.116288945594375,0.0100858928748605,0.0480697942545657,0.171942840991642,0.0810819902298432,0.2133510279422472,0.2276824835143766,0.0780179456082966,0.0672524947490169,10_sp_aij_17,12733201,0.1,10,1988,38,40,even
1487,5.151515151515151,0.056595454214981,0.1117699172232522,0.008402136300995,0.0351627689576822,0.1519068701131241,0.0691411556618002,0.2319263877078173,0.2338520851046794,0.0624132547677529,0.0747220390793189,10_sp_aij_17,12733201,0.1,10,1988,38,40,even
1488,6.0606060606060606,0.0537246855129144,0.1143377291917695,0.0145380986905735,0.0281377710492839,0.170421126706814,0.0829958342971274,0.2411157360722686,0.3019958997735836,0.0546213006717638,0.0781207163039114,10_sp_aij_17,12733201,0.1,10,1988,38,40,even
1489,6.666666666666667,0.0578460987706005,0.1489119003084476,0.0150350406819953,0.027325985286127,0.1680083414538174,0.0881028526179273,0.2546604315054839,0.3306133368247564,0.0501427305605351,0.0643698727823658,10_sp_aij_17,12733201,0.1,10,1988,38,40,even
1490,7.575757575757576,0.059686915791536,0.1707150216548418,0.0133227780113484,0.0197059516357435,0.1619128368525476,0.0853440310235596,0.2887284825158628,0.2907840421382361,0.055081784030727,0.0531186368430513,10_sp_aij_17,12733201,0.1,10,1988,38,40,even
1491,8.181818181818182,0.0608058030637458,0.1418055120113322,0.0112298959000534,0.0149700790594659,0.1229367866336575,0.0801574204515928,0.2549495214256699,0.2864461699911272,0.0535489055970234,0.057445707093674,10_sp_aij_17,12733201,0.1,10,1988,38,40,even
1492,9.090909090909092,0.047633497047011,0.1232463007620419,0.0127346209757637,0.0179933554737152,0.1564140407072481,0.0726289266240844,0.272135680645713,0.3065069135177012,0.0395140157809357,0.052939967720057,10_sp_aij_17,12733201,0.1,10,1988,38,40,even
1493,10.0,0.0327611514950536,0.1212020343294536,0.01263885244146,0.0140649406125994,0.141656754738884,0.0634536371290328,0.2428917252587622,0.3039142720947,0.0270640212578982,0.0653023070288389,10_sp_aij_17,12733201,0.1,10,1988,38,40,even
1494,10.606060606060606,0.0309815209540642,0.1052416608960392,0.0149394166866529,0.0110174921412471,0.1569145131327322,0.0820778859986437,0.258830415435811,0.3257729632522332,0.0250714237480129,0.0603013007755758,10_sp_aij_17,12733201,0.1,10,1988,38,40,even
1495,11.515151515151516,0.030712874139217,0.0975044926984868,0.0168347145681039,0.0119098764975874,0.1891030518743024,0.0875573550471354,0.254020047761746,0.3223792096004665,0.0218629074330387,0.050755549252741,10_sp_aij_17,12733201,0.1,10,1988,38,40,even
1496,12.12121212121212,0.0270700249083149,0.1035079688677681,0.0233804559991112,0.0099274651071875,0.1847598824569369,0.0833245820910387,0.2050694123472354,0.3148525730465484,0.0203292020902811,0.0503848118041387,10_sp_aij_17,12733201,0.1,10,1988,38,40,even
1497,13.030303030303031,0.0240341947481433,0.0838557808528792,0.0254885564553604,0.0106490749348514,0.180325509754714,0.1083653383424208,0.1903640791096901,0.3051547750114481,0.016625230522471,0.0515187194029701,10_sp_aij_17,12733201,0.1,10,1988,38,40,even
1498,13.636363636363637,0.0328887622415629,0.0975008594292394,0.0209082692749596,0.0074204622674063,0.1663780445463943,0.1073878680553453,0.2036160229160984,0.2387313955577805,0.0134756152649792,0.0587942624736026,10_sp_aij_17,12733201,0.1,10,1988,38,40,even
1499,14.545454545454549,0.0370928734810873,0.0862785069371913,0.0153536627301787,0.0084450070321735,0.1619012192728688,0.1257555808915345,0.2615195911479486,0.1771073664850826,0.011014422697218,0.0660944126226756,10_sp_aij_17,12733201,0.1,10,1988,38,40,even
1500,15.151515151515152,0.0441748797689908,0.09312324052443,0.0158200817087793,0.0074056387941983,0.16732143067041,0.1289854060002069,0.2876810433216683,0.1759018836673567,0.0113796013992404,0.0490078627898312,10_sp_aij_17,12733201,0.1,10,1988,38,40,even
1501,16.060606060606062,0.047713184041546,0.1283139916411827,0.013702855587753,0.0092389618672803,0.1287415875370293,0.1044127142036884,0.3493105564939657,0.2259371047288114,0.0098999445868642,0.0501697829954624,10_sp_aij_17,12733201,0.1,10,1988,38,40,even
1502,16.666666666666668,0.0409355635201174,0.1005099824368871,0.0101685185256773,0.0088468911751882,0.1052627790456121,0.0879980491344555,0.2592008134481532,0.2214405788216785,0.0096987214206467,0.0494350584166696,10_sp_aij_17,12733201,0.1,10,1988,38,40,even
1503,17.575757575757578,0.0498546079240995,0.1056252784547895,0.0133928065194135,0.0072097797168142,0.0953602035783283,0.0746029232572745,0.2480399240350941,0.2486020602547773,0.0121424069028116,0.0582162261933596,10_sp_aij_17,12733201,0.1,10,1988,38,40,even
1504,18.181818181818183,0.0407461230585829,0.0939532759319856,0.01371120047549,0.0080321863657382,0.1082961823701365,0.0781918227262053,0.261762047066246,0.2589439825531476,0.0131802921389151,0.0507322407348474,10_sp_aij_17,12733201,0.1,10,1988,38,40,even
1505,19.09090909090909,0.0371277157367693,0.1037478588100697,0.0130496085662775,0.0066710036015742,0.0992911673192545,0.0685894432417024,0.2134673052913258,0.207329513401949,0.0117227927132793,0.0610245408936052,10_sp_aij_17,12733201,0.1,10,1988,38,40,even
1506,20.0,0.0360022552132488,0.1020769731144014,0.014443656621714,0.0057628897176176,0.1513435393124685,0.0672337455000762,0.2564319145057018,0.2437375165737887,0.0100806580391816,0.045813524394314,10_sp_aij_17,12733201,0.1,10,1988,38,40,even
1507,20.60606060606061,0.0313680668945953,0.0975441918479997,0.0174800057635812,0.0067789200963214,0.1587388101835981,0.0645147050034823,0.2757975160696733,0.249265052379345,0.0085401682845503,0.0340443086525395,10_sp_aij_17,12733201,0.1,10,1988,38,40,even
1508,21.51515151515152,0.0233660673169869,0.0723352900039074,0.0254534320456151,0.0050607579501966,0.1739495804782229,0.0885490739000201,0.2566080044035671,0.3180129777025228,0.0069918534854558,0.0380978116308223,10_sp_aij_17,12733201,0.1,10,1988,38,40,even
1509,22.12121212121212,0.0223554078459167,0.0728283182589436,0.026772204567175,0.0042172848552867,0.1661571369283094,0.1138451495495598,0.2785454780594046,0.3117074301321893,0.0075786132033585,0.0397952121028264,10_sp_aij_17,12733201,0.1,10,1988,38,40,even
1510,23.03030303030303,0.026930025368581,0.0778598512063608,0.0332374944043934,0.0037507762466895,0.160630665190855,0.1202131729049721,0.3059560381834004,0.2724200671554503,0.0056067043634303,0.0433583268451118,10_sp_aij_17,12733201,0.1,10,1988,38,40,even
1511,23.63636363636364,0.0285426592749755,0.067839401589938,0.0315778837252478,0.0039384390565394,0.1569839468397399,0.109744185425583,0.378339793174826,0.2663073214971272,0.0043419102595823,0.0492048659909058,10_sp_aij_17,12733201,0.1,10,1988,38,40,even
1512,24.545454545454547,0.0268960138974556,0.092167226762815,0.0417133421636509,0.0033444539810399,0.1595886781759193,0.0960752454136003,0.3135474886989183,0.2701258596764863,0.0046126105892021,0.045478209335329,10_sp_aij_17,12733201,0.1,10,1988,38,40,even
1513,25.151515151515152,0.0293731999919286,0.0940457021046979,0.0377989925584423,0.0,0.1568136212525512,0.1180877137182255,0.2964168112116063,0.2697304542685676,0.003638410137402,0.0520263700610609,10_sp_aij_17,12733201,0.1,10,1988,38,40,even
1514,26.060606060606062,0.0325566879733031,0.109808871907317,0.0265190658539505,0.0,0.1645129037293754,0.1045273497662596,0.2284692153918077,0.2630638755713463,0.0043153861071687,0.0583938770457172,10_sp_aij_17,12733201,0.1,10,1988,38,40,even
1515,26.666666666666668,0.033833421035338,0.1161781258174907,0.0301943209171355,0.0,0.1639131164250318,0.1119051383737738,0.2322720582832291,0.2186372521552443,0.0036566377257915,0.0679968088488305,10_sp_aij_17,12733201,0.1,10,1988,38,40,even
1516,27.575757575757574,0.0268276023428118,0.1243237211512403,0.0313401688624052,0.0,0.1437177759108281,0.1209990528889735,0.2419257577283967,0.1868263898922381,0.0043311689842768,0.066744361430981,10_sp_aij_17,12733201,0.1,10,1988,38,40,even
1517,28.181818181818183,0.0295606768177737,0.1290578620561047,0.0257398690720331,0.0,0.1219019379276288,0.1249239154918385,0.2438400791383604,0.2168581041196841,0.0037175974030088,0.0662652505548783,10_sp_aij_17,12733201,0.1,10,1988,38,40,even
1518,29.090909090909093,0.0406750817106509,0.1127061085796862,0.0231032255985152,0.0,0.1218785942097484,0.0905306827272694,0.2261917523693105,0.1856327606718668,0.0042230811999546,0.0663200612518555,10_sp_aij_17,12733201,0.1,10,1988,38,40,even
1519,30.0,0.0440956048224607,0.0948399737000151,0.0314565155521407,0.0,0.1305246132281501,0.0923934323337386,0.2237180898187936,0.2179516990670462,0.0053755709722924,0.0820099282475144,10_sp_aij_17,12733201,0.1,10,1988,38,40,even
