,time,species_0,species_1,species_2,species_3,species_4,species_5,species_6,species_7,species_8,species_9,ground_truth,timeseries_id,noise,n_species,did,n_timeseries,n_timepoints,sampling_scheme
0,0.0,0.04,0.05,0.01,0.02,0.02,0.07,0.01,0.09,0.07,0.03,10_sp_aij_37,36656,0.1,10,6361,33,20,even
1,1.5151515151515151,0.1493193746195,0.060072897112194,0.0100959465000953,0.0307487188420195,0.0420862765278398,0.0956147183771487,0.0112013838106132,0.1452720716715665,0.1130180984176539,0.0735836989729623,10_sp_aij_37,36656,0.1,10,6361,33,20,even
2,3.0303030303030303,0.291970357888432,0.0885605231558382,0.0101645870296543,0.0712306437615026,0.0511767660972321,0.0999708623713811,0.019586388163236,0.2373574902491721,0.147810376270356,0.1249830996198775,10_sp_aij_37,36656,0.1,10,6361,33,20,even
3,4.545454545454546,0.3612182335340845,0.1066088399321226,0.0145954470310203,0.0989084451565745,0.0492723907567713,0.0885920956054536,0.0270456953243172,0.3525927113750945,0.2193846690492031,0.2174928890867485,10_sp_aij_37,36656,0.1,10,6361,33,20,even
4,6.0606060606060606,0.416195817279422,0.1027111117797966,0.0340272584639417,0.1640184114602265,0.0599845589372423,0.0644570557253098,0.0416891240107368,0.3294764972744984,0.3579933651694628,0.3404997797245651,10_sp_aij_37,36656,0.1,10,6361,33,20,even
5,7.878787878787879,0.3977476190000897,0.0972702484093037,0.1140548689686304,0.2053597456507898,0.0609429482004899,0.0320330038808938,0.0815163279989429,0.3019695489973933,0.3298510683297503,0.2897761480182423,10_sp_aij_37,36656,0.1,10,6361,33,20,even
6,9.393939393939394,0.2758196347156754,0.0844833746530249,0.1317055231095521,0.1916424887643197,0.0813022860992121,0.0175636209434343,0.1114002630441641,0.2552492597563554,0.3383679918976887,0.3237174056391765,10_sp_aij_37,36656,0.1,10,6361,33,20,even
7,10.90909090909091,0.2873646776277872,0.1049447613037345,0.1397734954241433,0.1449808654495756,0.1074995129675594,0.0129347251264485,0.1577479761580118,0.2110308082055051,0.2794069395237306,0.2359843168530915,10_sp_aij_37,36656,0.1,10,6361,33,20,even
8,12.424242424242424,0.3218950849939002,0.0793357861012951,0.2001766358285069,0.2671635476163347,0.1693780102489573,0.0218821482394325,0.1830103767908565,0.1757030150336478,0.2796500307992522,0.294291599164322,10_sp_aij_37,36656,0.1,10,6361,33,20,even
9,13.93939393939394,0.3225055105042411,0.092385331662638,0.1864555766982481,0.2878566766871007,0.1601833488201375,0.0213484061328223,0.3074610343604445,0.2128969244798023,0.38848879175671,0.2260098797301963,10_sp_aij_37,36656,0.1,10,6361,33,20,even
10,15.757575757575758,0.3311543202034798,0.0851518976702606,0.1689913711444229,0.3115348090141656,0.1533076107313248,0.0174115884967175,0.2069975746625057,0.167473193105364,0.3880276121822936,0.2769045188106542,10_sp_aij_37,36656,0.1,10,6361,33,20,even
11,17.272727272727273,0.4122773889777715,0.1069160077103161,0.2142617176635102,0.3464617217853223,0.1294464939036366,0.0151612024350823,0.2693344991630169,0.1859972680290497,0.4446792925640168,0.3045989396031456,10_sp_aij_37,36656,0.1,10,6361,33,20,even
12,18.78787878787879,0.3958842833623385,0.1385486690928767,0.2161058499852984,0.310639970823217,0.1532361601326485,0.0185265945865657,0.3226075917842639,0.210760257650362,0.3982536575220277,0.2490314470308621,10_sp_aij_37,36656,0.1,10,6361,33,20,even
13,20.303030303030305,0.4460763102432813,0.1776720770131138,0.2202967434728031,0.3355458088310235,0.1358060015887593,0.0218812874998092,0.3356730230319679,0.2307702525914176,0.3304410011154038,0.1892259486266095,10_sp_aij_37,36656,0.1,10,6361,33,20,even
14,21.81818181818182,0.4037941167071828,0.128907200505971,0.2200123023105465,0.3585892100434584,0.1354723167261731,0.0260786168076265,0.2671136042748179,0.1763404990622657,0.421735050762053,0.1881220269611114,10_sp_aij_37,36656,0.1,10,6361,33,20,even
15,23.63636363636364,0.3726037251945155,0.2528644699643313,0.2181984352670401,0.3984522465114608,0.1272161017284586,0.0187983128131896,0.2654129176652178,0.1832558310663904,0.3298541291145362,0.2634079921566147,10_sp_aij_37,36656,0.1,10,6361,33,20,even
16,25.151515151515152,0.4702762094365786,0.1531236658072054,0.2269494932574775,0.3164303627315936,0.153418980924546,0.0250568921743666,0.2786742544724568,0.1476914864631158,0.2846416033039517,0.2265178308828252,10_sp_aij_37,36656,0.1,10,6361,33,20,even
17,26.666666666666668,0.4401192002502067,0.1515268143508179,0.1543526962300329,0.3080945464867724,0.2049191942104714,0.0309207776215695,0.2586393732552227,0.1631871937276502,0.3757481294357195,0.3009565264219994,10_sp_aij_37,36656,0.1,10,6361,33,20,even
18,28.181818181818183,0.2964760470226792,0.1502238678341014,0.1868046074903899,0.392084182839264,0.1898509863553924,0.0415440690445521,0.2713403068132434,0.1616967880907101,0.362905909616321,0.2378361656298017,10_sp_aij_37,36656,0.1,10,6361,33,20,even
19,30.0,0.306186975476403,0.1443279582757463,0.1980308959237392,0.4007421983017352,0.1640072572767053,0.0450058887778932,0.206380474987537,0.1774269092060756,0.3680222605367175,0.2431087128770752,10_sp_aij_37,36656,0.1,10,6361,33,20,even
20,0.0,0.07,0.09,0.06,0.08,0.05,0.07,0.01,0.02,0.03,0.06,10_sp_aij_37,41300,0.1,10,6361,33,20,even
21,1.5151515151515151,0.1737402434719604,0.1159124426306168,0.0607325610405256,0.1226268272187469,0.1211520929565462,0.1056381330002509,0.0164966710541246,0.0520011471647775,0.0413567336583014,0.1193480198083763,10_sp_aij_37,41300,0.1,10,6361,33,20,even
22,3.0303030303030303,0.2216523622953372,0.0999346235788721,0.0688769613875082,0.1292661293830635,0.1360710277341696,0.1285821088580677,0.0322737657231738,0.1386108654642618,0.0956928482919117,0.1379697263882381,10_sp_aij_37,41300,0.1,10,6361,33,20,even
23,4.545454545454546,0.342522632829302,0.1396753684113799,0.0729690794672168,0.1604619340479744,0.1203309334298301,0.0876798878997363,0.0469503941604398,0.2190269593523318,0.2256346556814967,0.1851700322553587,10_sp_aij_37,41300,0.1,10,6361,33,20,even
24,6.0606060606060606,0.3794066578230508,0.125885196833893,0.0872903633378614,0.161395172715893,0.1113004378974348,0.0624710663081315,0.0924966134298496,0.2653040846413641,0.3179540734615168,0.2329400359582564,10_sp_aij_37,41300,0.1,10,6361,33,20,even
25,7.878787878787879,0.3564537138992627,0.1051491804573633,0.1099941393804673,0.2354204363075969,0.1022457672980471,0.0466735857803281,0.1539238965146122,0.3543662969592428,0.3601407375482386,0.2760857777307001,10_sp_aij_37,41300,0.1,10,6361,33,20,even
26,9.393939393939394,0.4272915620236613,0.1184412347913339,0.1532222660256319,0.2938499828661485,0.081470535937394,0.0321563587170382,0.1841242338388565,0.2497072620613918,0.3435916919659281,0.2645271426410295,10_sp_aij_37,41300,0.1,10,6361,33,20,even
27,10.90909090909091,0.3985530525264263,0.1827493745960586,0.1990776595838627,0.2876720806562529,0.0889744475933938,0.0298706747580837,0.1774447764146632,0.2435538152757073,0.3426261948821348,0.3014686820279437,10_sp_aij_37,41300,0.1,10,6361,33,20,even
28,12.424242424242424,0.4691846741200279,0.1983420474873087,0.2030570283138131,0.4034041398184453,0.0902833050966696,0.0416577641639354,0.181810450747816,0.2563270641099703,0.3865701064012126,0.3320226743064926,10_sp_aij_37,41300,0.1,10,6361,33,20,even
29,13.93939393939394,0.3702548588362495,0.1810735830822781,0.1955249723424532,0.2722685948988754,0.106487026645706,0.0354469861887908,0.1705804086209419,0.1891370007724302,0.3691092717931084,0.2717922911471435,10_sp_aij_37,41300,0.1,10,6361,33,20,even
30,15.757575757575758,0.43706959566332,0.2087216574660033,0.1778669198347872,0.2772156245138172,0.1294479497630028,0.0636594337025003,0.2360256727002896,0.2501645688884235,0.429327330364497,0.2516993817619096,10_sp_aij_37,41300,0.1,10,6361,33,20,even
31,17.272727272727273,0.4342648784358923,0.197760027226361,0.1325486378218082,0.3217276038195122,0.1327049729386582,0.0568282038039221,0.3426354839911839,0.230755275702112,0.342634538216884,0.2962237589835832,10_sp_aij_37,41300,0.1,10,6361,33,20,even
32,18.78787878787879,0.3324361698617589,0.1566197020147511,0.1713326136450155,0.3008307087710998,0.1170280459744491,0.038846290147549,0.2637324988099168,0.2485038343304685,0.3870116032819989,0.2292958928464148,10_sp_aij_37,41300,0.1,10,6361,33,20,even
33,20.303030303030305,0.4876048149279921,0.1703799638702778,0.1518318364211868,0.3172024459089472,0.1200715785535308,0.0363426180482284,0.2505676589230547,0.2211704875192753,0.3956605958027711,0.2630283757513434,10_sp_aij_37,41300,0.1,10,6361,33,20,even
34,21.81818181818182,0.3364280803794646,0.1758684999487058,0.1783050237406236,0.2689770395215975,0.1461395350666255,0.0338693653498161,0.2559351097767114,0.2264555710056426,0.3422562646692509,0.2101749899000423,10_sp_aij_37,41300,0.1,10,6361,33,20,even
35,23.63636363636364,0.4537419344265528,0.1957076670413013,0.1573636642062061,0.3084159701286714,0.1931997140123761,0.0354391888361502,0.2548876684099819,0.253390626747604,0.4761989212488811,0.2751580121574728,10_sp_aij_37,41300,0.1,10,6361,33,20,even
36,25.151515151515152,0.4113540831040823,0.2005335282487831,0.126627262687123,0.2881205065531828,0.1437677536033461,0.0282643504618367,0.2627457512650585,0.1973078342902952,0.3030190101959332,0.3166128979706325,10_sp_aij_37,41300,0.1,10,6361,33,20,even
37,26.666666666666668,0.3829000880438834,0.1584441810569455,0.1322365411219751,0.366925128972682,0.13648640917946,0.0355578481364919,0.273607576707531,0.1750506140383999,0.3428900470237073,0.2583818007192083,10_sp_aij_37,41300,0.1,10,6361,33,20,even
38,28.181818181818183,0.3402080366855027,0.1764411208374192,0.1642746420747326,0.3476850464526315,0.1339021970651164,0.0392106641816336,0.2058350531557893,0.1667405366349501,0.4186318056170104,0.213753465091181,10_sp_aij_37,41300,0.1,10,6361,33,20,even
39,30.0,0.4318668650429344,0.1613273516081545,0.1784499212614606,0.3166985318234411,0.1296393509205724,0.0451840676914819,0.2230865323190271,0.2740424421646588,0.2713086203265309,0.2157694101789191,10_sp_aij_37,41300,0.1,10,6361,33,20,even
40,0.0,0.06,0.09,0.02,0.06,0.03,0.03,0.04,0.03,0.02,0.03,10_sp_aij_37,416304,0.1,10,6361,33,20,even
41,1.5151515151515151,0.1548299094588363,0.1113183266564977,0.0361882536234289,0.1324719995765783,0.0389031672024516,0.0638847563623725,0.0400644080298413,0.0617160762812766,0.0353291889622548,0.0360978100514326,10_sp_aij_37,416304,0.1,10,6361,33,20,even
42,3.0303030303030303,0.2835175460860578,0.1140458105602564,0.0547602054583791,0.2080922437295614,0.0827958635648474,0.131949404869289,0.0513447155277952,0.1593746098314082,0.0637732796567301,0.0826062899295179,10_sp_aij_37,416304,0.1,10,6361,33,20,even
43,4.545454545454546,0.3132641132424508,0.1165468279813409,0.0600545654323766,0.1955736662117495,0.091812056349324,0.1293995154436681,0.0777328024851794,0.2516319221552261,0.1241938155646604,0.1291595970605,10_sp_aij_37,416304,0.1,10,6361,33,20,even
44,6.0606060606060606,0.3017208335783137,0.0969301273888079,0.0827758147493141,0.1972405278381824,0.1169402190911068,0.0997477213589843,0.081656496894198,0.2967577393326533,0.1852463598770849,0.1825854661959652,10_sp_aij_37,416304,0.1,10,6361,33,20,even
45,7.878787878787879,0.3571982118333195,0.0701841759778986,0.1034575666026579,0.2339185229883802,0.0848238328240015,0.1075529618212536,0.1444203567908888,0.3940204475286648,0.3860429077079839,0.2501863407773957,10_sp_aij_37,416304,0.1,10,6361,33,20,even
46,9.393939393939394,0.4103981023479453,0.1007098422241253,0.1312158375068133,0.2532933059365057,0.1273642019547642,0.0404550892159114,0.2196943868608279,0.258404694520299,0.4152202513353311,0.3244106383189702,10_sp_aij_37,416304,0.1,10,6361,33,20,even
47,10.90909090909091,0.3806644803380182,0.12347862163674,0.1156886443507411,0.26084982244691,0.091417401790056,0.0284709174180513,0.1453399431500686,0.269041461569203,0.3073693507826543,0.291536705020903,10_sp_aij_37,416304,0.1,10,6361,33,20,even
48,12.424242424242424,0.4411853296927587,0.1235777564068954,0.1292029323428576,0.2070932865471855,0.1297986375734005,0.016356888756134,0.2036055453112878,0.1964755066042869,0.4598155203348699,0.2919464480030412,10_sp_aij_37,416304,0.1,10,6361,33,20,even
49,13.93939393939394,0.3906139189160824,0.1078026216067446,0.1819364314181296,0.270487680989518,0.1158707582320095,0.0110626837687061,0.2044716510480687,0.2168611914158069,0.4107241135297511,0.3227006674787367,10_sp_aij_37,416304,0.1,10,6361,33,20,even
50,15.757575757575758,0.3458185448471151,0.1725302265411836,0.2009221370276822,0.3047007417442148,0.1127212103145067,0.0084983444867859,0.1603163679078288,0.1764662549929631,0.4115279213864417,0.2881723253853708,10_sp_aij_37,416304,0.1,10,6361,33,20,even
51,17.272727272727273,0.4504777687583736,0.1367085244042356,0.1379118366488925,0.2916904146856593,0.1217564270468177,0.0063811239385421,0.1968815892739511,0.2191292447294807,0.4441735713039074,0.271920475002142,10_sp_aij_37,416304,0.1,10,6361,33,20,even
52,18.78787878787879,0.5311259091440016,0.1537174614888553,0.145809631843381,0.292500025173001,0.1178795194098202,0.0060606601182222,0.2780825397295678,0.2220536141282231,0.3925082219129427,0.1950979722180969,10_sp_aij_37,416304,0.1,10,6361,33,20,even
53,20.303030303030305,0.4221743383702071,0.2216337448708224,0.1300302389059927,0.3197393885976452,0.0994398342320221,0.0048967021557954,0.1787774977279353,0.2788626042680079,0.4162127842225506,0.2168395054081491,10_sp_aij_37,416304,0.1,10,6361,33,20,even
54,21.81818181818182,0.3870862160933262,0.192756130782227,0.1508210351474701,0.2208445235454585,0.1030490998331237,0.0058380536667315,0.2104361871306146,0.2195374462059212,0.4930902039418643,0.2612593099264871,10_sp_aij_37,416304,0.1,10,6361,33,20,even
55,23.63636363636364,0.4614428259532409,0.1972000836326376,0.195873728713107,0.4280569985307449,0.1040930021176383,0.0065507449118009,0.1839634181264497,0.2137814924063143,0.3501583532872318,0.2272276717431819,10_sp_aij_37,416304,0.1,10,6361,33,20,even
56,25.151515151515152,0.4628087423501233,0.2206458147449138,0.2120847975759299,0.4417915838772029,0.0773036857538016,0.0068370955999779,0.3244664609514555,0.2428384968203692,0.4041793442196293,0.236317514973769,10_sp_aij_37,416304,0.1,10,6361,33,20,even
57,26.666666666666668,0.4692676277045048,0.2035659264942458,0.2113024298611889,0.4101099515648376,0.0943328760644652,0.0070232232589241,0.2784949275858989,0.1728347702604438,0.3921968576682018,0.2690241177071985,10_sp_aij_37,416304,0.1,10,6361,33,20,even
58,28.181818181818183,0.4074149766080503,0.2326746641749542,0.2566004554492623,0.4195105942047586,0.1098725247557218,0.0097416500998885,0.2828696164946611,0.1843496064613873,0.4567491826071475,0.1906021933175695,10_sp_aij_37,416304,0.1,10,6361,33,20,even
59,30.0,0.4242209668217379,0.2788150351855391,0.2445161330204808,0.3355586207025642,0.1013241915707596,0.0102769109649061,0.1991637008068697,0.2089719681346502,0.4294923930816149,0.2250661480767337,10_sp_aij_37,416304,0.1,10,6361,33,20,even
60,0.0,0.08,0.01,0.03,0.07,0.01,0.07,0.06,0.09,0.07,0.03,10_sp_aij_37,591973,0.1,10,6361,33,20,even
61,1.5151515151515151,0.1411405354826361,0.015152050862932,0.0353196670331815,0.1292411731951845,0.0278017388865347,0.0884039272680516,0.0333522857814225,0.16092550922463,0.0863231420186261,0.0838227377217534,10_sp_aij_37,591973,0.1,10,6361,33,20,even
62,3.0303030303030303,0.2601970005344504,0.0211547908351279,0.0700059502243437,0.1842458192394596,0.0526515780456589,0.0884200666391857,0.0415179676597624,0.2898365843809884,0.1796981651500553,0.1233775261471553,10_sp_aij_37,591973,0.1,10,6361,33,20,even
63,4.545454545454546,0.3950418290711906,0.0325685276312077,0.1124112134521687,0.2209561564964801,0.0611714591480357,0.0584995083178862,0.0367920314713104,0.2832742701782471,0.2239693501596944,0.1919076166560008,10_sp_aij_37,591973,0.1,10,6361,33,20,even
64,6.0606060606060606,0.3776460671673367,0.0455749549888968,0.1797994496192055,0.2518905980627532,0.0760699638324682,0.0357274300834775,0.0619530794697192,0.3102130159904245,0.2790253043250519,0.2518901267059351,10_sp_aij_37,591973,0.1,10,6361,33,20,even
65,7.878787878787879,0.4208572378921048,0.086465558099658,0.2529372741281595,0.2709079593391014,0.0718069594363331,0.0242556641439116,0.139896873459468,0.2713893302737697,0.3886341942587805,0.2653184556583501,10_sp_aij_37,591973,0.1,10,6361,33,20,even
66,9.393939393939394,0.3424625806166469,0.1474639075219391,0.2487597962348466,0.4197581349318713,0.1318469176037827,0.0295122587783041,0.1727977764005335,0.1917271740247751,0.3464328287634137,0.334669871645479,10_sp_aij_37,591973,0.1,10,6361,33,20,even
67,10.90909090909091,0.50234431591549,0.2277695702414592,0.2007839882248915,0.3427605857142352,0.0985703987986812,0.0388624873897885,0.1920562159484394,0.2129232491500635,0.4142035149004206,0.2210130643936349,10_sp_aij_37,591973,0.1,10,6361,33,20,even
68,12.424242424242424,0.4713174221591529,0.2854403651122676,0.1794152139796855,0.3543051670008876,0.0825729820637201,0.0324166942887224,0.2452730764396163,0.2320466611497182,0.4546535653455958,0.2441283254991151,10_sp_aij_37,591973,0.1,10,6361,33,20,even
69,13.93939393939394,0.2973442233328706,0.2066452156195967,0.1762299703235157,0.3807433596680859,0.1396617336927412,0.0303519473721215,0.2810795385174433,0.2214431545344456,0.3697919336043824,0.2472807862608132,10_sp_aij_37,591973,0.1,10,6361,33,20,even
70,15.757575757575758,0.2985418086029354,0.1427861692129466,0.1923717049961917,0.3905886959942063,0.1921232037877362,0.0306237668961464,0.3248731673644104,0.1357312145744467,0.3531234665950338,0.2750771889698,10_sp_aij_37,591973,0.1,10,6361,33,20,even
71,17.272727272727273,0.3850230351290636,0.1804686319312949,0.2036202358451305,0.3510544943043514,0.1697588826560686,0.0348174995731539,0.2178455534397859,0.1661153971676873,0.3195905823118,0.2096013232737392,10_sp_aij_37,591973,0.1,10,6361,33,20,even
72,18.78787878787879,0.3867144736104058,0.2309654539545795,0.137136761195561,0.3609573838792956,0.1474647612383237,0.0346465382373263,0.2246234144475743,0.2248931932228694,0.4806223471599514,0.1828517134948764,10_sp_aij_37,591973,0.1,10,6361,33,20,even
73,20.303030303030305,0.4034933621816818,0.2197760467761326,0.1127654706615827,0.353335770512852,0.1573433415408658,0.0499492995640174,0.3168865809991711,0.225956551224527,0.346286475276129,0.2416455237164051,10_sp_aij_37,591973,0.1,10,6361,33,20,even
74,21.81818181818182,0.4660981733023779,0.2414717896854251,0.0992736884690032,0.4234188173334865,0.1938690368456152,0.062009811955657,0.415729807222311,0.2137925475895228,0.3991884086841212,0.2413911998625325,10_sp_aij_37,591973,0.1,10,6361,33,20,even
75,23.63636363636364,0.3166177452471359,0.1605414746357331,0.1801529092324268,0.3139869218081488,0.1196281857401476,0.0478330241620347,0.2499964531451564,0.2510657425651509,0.3626744179651225,0.2499643465773655,10_sp_aij_37,591973,0.1,10,6361,33,20,even
76,25.151515151515152,0.4195704541221388,0.2023818508825073,0.1850691356275827,0.2675471027475029,0.1160237825297999,0.0409188626946287,0.2482154837168451,0.1816730721448453,0.409018118269272,0.2403640852917672,10_sp_aij_37,591973,0.1,10,6361,33,20,even
77,26.666666666666668,0.526834715116511,0.2106836695697362,0.1902071070933905,0.3426059819797781,0.1006857161097268,0.0350371592282493,0.2189487090140332,0.2825381074759419,0.3565032916896259,0.2673343031340796,10_sp_aij_37,591973,0.1,10,6361,33,20,even
78,28.181818181818183,0.4292413371165428,0.2787942556012916,0.158099396449949,0.293169407495369,0.0660941019108801,0.0358845293856581,0.2310696055651247,0.2702754354977226,0.3292986563372708,0.3153925092152729,10_sp_aij_37,591973,0.1,10,6361,33,20,even
79,30.0,0.3965968785428901,0.1604145185576423,0.1911878070008342,0.4260018754330231,0.1035288814593251,0.0296763902964878,0.2521055504798373,0.199950335442006,0.4345189550734245,0.2880466039794355,10_sp_aij_37,591973,0.1,10,6361,33,20,even
80,0.0,0.09,0.08,0.05,0.07,0.05,0.09,0.03,0.07,0.04,0.08,10_sp_aij_37,2091765,0.1,10,6361,33,20,even
81,1.5151515151515151,0.2076507738333999,0.0976110788780266,0.0832625070467985,0.1034055495814631,0.0717673458472209,0.0723860313870541,0.028040043983028,0.1351901545079629,0.0493745855746199,0.1359379206288562,10_sp_aij_37,2091765,0.1,10,6361,33,20,even
82,3.0303030303030303,0.2824719776078671,0.0798156858147688,0.1000338374125245,0.1372812431410477,0.1210921340937638,0.0849213177962321,0.0409743015920719,0.2583137327439166,0.1600540538154264,0.2125955234145429,10_sp_aij_37,2091765,0.1,10,6361,33,20,even
83,4.545454545454546,0.332776942858325,0.0661891299445307,0.0927649583746998,0.1862226454467885,0.1206442655690459,0.065412032883763,0.0678354886006751,0.336397478702939,0.3150181357289863,0.2781606439683476,10_sp_aij_37,2091765,0.1,10,6361,33,20,even
84,6.0606060606060606,0.3995141255242206,0.0740260655317995,0.1385804420412851,0.2769606861022249,0.2004257385798372,0.0427600474733465,0.1394157007039333,0.4107700530831361,0.4212440453379906,0.3472223906490093,10_sp_aij_37,2091765,0.1,10,6361,33,20,even
85,7.878787878787879,0.5702339935618755,0.1141286841519571,0.2308304261090719,0.2721052187169125,0.1401068284598993,0.0191302616270192,0.2171966356581502,0.2502434298898712,0.5876083274180647,0.2902238009771056,10_sp_aij_37,2091765,0.1,10,6361,33,20,even
86,9.393939393939394,0.4495481540830059,0.1095581115531728,0.2251475144524773,0.2426322470823705,0.1111701994152443,0.0111886585371869,0.2538031242964713,0.2948205729417794,0.5932027856350085,0.244017841882207,10_sp_aij_37,2091765,0.1,10,6361,33,20,even
87,10.90909090909091,0.3579507809505931,0.124210252601665,0.1866302627713739,0.2859509712679504,0.0854625480969875,0.0075975663368306,0.2846826182916726,0.2183141263067465,0.3942721989800034,0.3165829821054614,10_sp_aij_37,2091765,0.1,10,6361,33,20,even
88,12.424242424242424,0.4129075433299319,0.1495400952880211,0.2555881227490321,0.3246373938712008,0.1220541482979584,0.0121825097823839,0.3436851073912959,0.1671584467277266,0.311324571995465,0.2262342796358195,10_sp_aij_37,2091765,0.1,10,6361,33,20,even
89,13.93939393939394,0.2568369686312389,0.1230992395167095,0.1463940450052623,0.3848252364745066,0.1402955646128052,0.0125890378116785,0.3043628978418792,0.1779590790569634,0.3702955591530495,0.2668730520573208,10_sp_aij_37,2091765,0.1,10,6361,33,20,even
90,15.757575757575758,0.3668793532683924,0.1605115187907949,0.2176066041324296,0.2912457820194421,0.1613162611897896,0.0139804909398484,0.3076206426304876,0.1621455234039033,0.3361739220348467,0.2302845135480982,10_sp_aij_37,2091765,0.1,10,6361,33,20,even
91,17.272727272727273,0.3434121081852713,0.1997102675278149,0.1817932721172152,0.3187686340443597,0.1151868597403261,0.0264064149998135,0.3139275042492825,0.1527665057669143,0.3575093483270483,0.2637034483289029,10_sp_aij_37,2091765,0.1,10,6361,33,20,even
92,18.78787878787879,0.2962373893768301,0.1292399566353022,0.1464748360540229,0.2931866580249603,0.0969138700052774,0.0242479510548611,0.2377891955253107,0.1966908889973634,0.3598976868038788,0.222014919280432,10_sp_aij_37,2091765,0.1,10,6361,33,20,even
93,20.303030303030305,0.3780990068330777,0.1315020782599271,0.1885027688940728,0.4142044196350237,0.107010426830821,0.0218700159474481,0.2548899134311431,0.1713576740092708,0.3391101152351065,0.3145993201515473,10_sp_aij_37,2091765,0.1,10,6361,33,20,even
94,21.81818181818182,0.4309106793738049,0.1324952124302878,0.2136283816282294,0.321977513334602,0.1023099399794799,0.0182414549945265,0.2524968568571854,0.16369004248334,0.4236103293800101,0.2140389455706695,10_sp_aij_37,2091765,0.1,10,6361,33,20,even
95,23.63636363636364,0.5370721023421504,0.1554297823338581,0.2176335236974569,0.3439062909238848,0.0878146705913233,0.0134371365123766,0.2216582091865818,0.2218526533655423,0.3459111827508694,0.3401912145431546,10_sp_aij_37,2091765,0.1,10,6361,33,20,even
96,25.151515151515152,0.4887436382122638,0.1888711548633669,0.2293735869249211,0.3706241314164057,0.1537086554074466,0.0123593952188439,0.2675167650771545,0.2192927851947669,0.5024693834425686,0.2301605578354511,10_sp_aij_37,2091765,0.1,10,6361,33,20,even
97,26.666666666666668,0.421752865879644,0.2333167774116765,0.259486393196139,0.3736180180558665,0.0849450086591494,0.0129332279612196,0.3671722428789124,0.1882864152356882,0.4257899046874094,0.2524541461417235,10_sp_aij_37,2091765,0.1,10,6361,33,20,even
98,28.181818181818183,0.4333245826387636,0.2774009184787652,0.1867447781582015,0.3888695918631977,0.0946895546920046,0.0094376648545612,0.2444229384868497,0.2176721950053333,0.4152307757275396,0.2420477544588522,10_sp_aij_37,2091765,0.1,10,6361,33,20,even
99,30.0,0.5308650569983554,0.2219563202988723,0.1442913813161541,0.24938109156189,0.0748029964078393,0.0128765438490539,0.3476286178533267,0.1943699225473431,0.4041594490458424,0.2327889435158586,10_sp_aij_37,2091765,0.1,10,6361,33,20,even
100,0.0,0.02,0.02,0.02,0.02,0.04,0.09,0.05,0.04,0.02,0.04,10_sp_aij_37,2369231,0.1,10,6361,33,20,even
101,1.5151515151515151,0.066606891646347,0.0223243664683111,0.0193326337865021,0.0403856134567986,0.0870896294046442,0.1353625505216021,0.0538053091605832,0.0774923938427679,0.0401727517794347,0.0597788844387501,10_sp_aij_37,2369231,0.1,10,6361,33,20,even
102,3.0303030303030303,0.2188392023964251,0.0207322094419453,0.033515101428906,0.0478454107336465,0.1364993960785424,0.1864055502921688,0.072566136722359,0.176837629747724,0.0677899243139684,0.082407863954907,10_sp_aij_37,2369231,0.1,10,6361,33,20,even
103,4.545454545454546,0.3353770133881072,0.026344918017857,0.0450332392475452,0.0823144861863623,0.1499651133624408,0.1693083316493792,0.0630050022147462,0.3664583665358697,0.1248301890760191,0.1399682858966068,10_sp_aij_37,2369231,0.1,10,6361,33,20,even
104,6.0606060606060606,0.3515311116381606,0.0329957951498705,0.0765848513378382,0.131375210440993,0.1611109453352087,0.0955351030694371,0.0735044240335038,0.2754920269100966,0.1888782876249945,0.1701792995952908,10_sp_aij_37,2369231,0.1,10,6361,33,20,even
105,7.878787878787879,0.4356515331967581,0.0585065891697257,0.0912229178553492,0.155088387304939,0.1429677904583215,0.0627306169093734,0.0875876856944918,0.3657375371184029,0.327790386906659,0.1929008801133183,10_sp_aij_37,2369231,0.1,10,6361,33,20,even
106,9.393939393939394,0.4628837519652307,0.066075476623258,0.1138180013849669,0.2366407290855219,0.1103258101218361,0.0433802715399706,0.18659716124039,0.3517973244137755,0.3725465031616036,0.2187909025270967,10_sp_aij_37,2369231,0.1,10,6361,33,20,even
107,10.90909090909091,0.3404610233541525,0.0661836458791181,0.1499823167629671,0.2729736695750437,0.07359243649803,0.0392110493395362,0.211901354019305,0.2479758026164299,0.3338043659084815,0.2663470531862846,10_sp_aij_37,2369231,0.1,10,6361,33,20,even
108,12.424242424242424,0.4208275659955175,0.111830339900194,0.1883593258846488,0.3472370025891981,0.0893461551872289,0.0295301348727942,0.2045343232336889,0.1950244071005123,0.4022329690014373,0.2285065394423299,10_sp_aij_37,2369231,0.1,10,6361,33,20,even
109,13.93939393939394,0.3681164789425453,0.1376698018817327,0.1927353482470319,0.2836543535256106,0.0913502598789715,0.0259231201183189,0.2140828419866522,0.2226416875748968,0.39168099826548,0.2971187663679049,10_sp_aij_37,2369231,0.1,10,6361,33,20,even
110,15.757575757575758,0.3828448994924913,0.1207930128033337,0.2593126053840109,0.3387157290535175,0.0882717095775314,0.0201970644904312,0.2227350177409753,0.2501508611755421,0.4443668472824889,0.2469354250236121,10_sp_aij_37,2369231,0.1,10,6361,33,20,even
111,17.272727272727273,0.3088483741905229,0.0893917372981961,0.1651696748730754,0.2900428947918526,0.1416092557652213,0.0234517338373458,0.2163830759289395,0.2075951602839124,0.3529326533467708,0.2878583810097634,10_sp_aij_37,2369231,0.1,10,6361,33,20,even
112,18.78787878787879,0.368712096272476,0.1259828911243224,0.1856578206426968,0.2758386657856501,0.1280984599002152,0.0210072513406193,0.2086937136776373,0.1584547397847035,0.2328257956561487,0.2934072840051615,10_sp_aij_37,2369231,0.1,10,6361,33,20,even
113,20.303030303030305,0.4040166146948622,0.1997541479274991,0.171412772415025,0.2825700811390203,0.1693161316858845,0.025146724309996,0.2173697704429384,0.1990507741390461,0.3971601024997344,0.2674889687410732,10_sp_aij_37,2369231,0.1,10,6361,33,20,even
114,21.81818181818182,0.3826659810843092,0.1902005871448943,0.2141816895426201,0.3106178212491184,0.1074407787541414,0.0294390701925703,0.2217976572117492,0.2316221455720506,0.3104055540055702,0.2558032401536322,10_sp_aij_37,2369231,0.1,10,6361,33,20,even
115,23.63636363636364,0.4402531867005546,0.2354037247300622,0.1884992745032761,0.3610759317192183,0.1640088511928129,0.0277791869917928,0.2851628862674694,0.1932500511191251,0.478021073231486,0.1987824961535389,10_sp_aij_37,2369231,0.1,10,6361,33,20,even
116,25.151515151515152,0.3612051192081374,0.1709284201511228,0.1058244187843623,0.3642054582794707,0.1618419186006719,0.0309959047280223,0.2394291851545203,0.2208327474633979,0.3214840000508323,0.2799837362124107,10_sp_aij_37,2369231,0.1,10,6361,33,20,even
117,26.666666666666668,0.4304839294370062,0.1256021957327502,0.1580893769098253,0.2413818720520424,0.1532069863212954,0.0232097531295058,0.3096256520031112,0.2093133179718106,0.3681003940081349,0.3448416873505561,10_sp_aij_37,2369231,0.1,10,6361,33,20,even
118,28.181818181818183,0.4383814941149184,0.1053529757455649,0.1760263058455025,0.2970113585901229,0.1699398622636692,0.014725009976664,0.2654629362871165,0.2160528217671323,0.2840530477575952,0.2532482780385817,10_sp_aij_37,2369231,0.1,10,6361,33,20,even
119,30.0,0.4745592309374363,0.10720784652506,0.1462209122964608,0.3278262525322908,0.1542608493519305,0.0155046214444094,0.2123667980198745,0.2257957446354719,0.3286526834090393,0.311188239000945,10_sp_aij_37,2369231,0.1,10,6361,33,20,even
120,0.0,0.06,0.03,0.06,0.01,0.05,0.04,0.06,0.01,0.04,0.09,10_sp_aij_37,2753893,0.1,10,6361,33,20,even
121,1.5151515151515151,0.1998249939590957,0.0430262692918335,0.0796140753881422,0.0263950697959929,0.0598499106028092,0.0632968810029381,0.0410476709384588,0.0247730478025669,0.0985896434907447,0.1139256536360512,10_sp_aij_37,2753893,0.1,10,6361,33,20,even
122,3.0303030303030303,0.3585619401016214,0.0848292778364392,0.1277368407858437,0.0820928246047133,0.062271956661521,0.0947590327212087,0.046771622840417,0.0689666949029004,0.0828250310738753,0.1043943619563693,10_sp_aij_37,2753893,0.1,10,6361,33,20,even
123,4.545454545454546,0.332599147542202,0.1191877576979398,0.1145258295431926,0.1278209460371353,0.0536097235925839,0.1632853892700098,0.0695944251807636,0.1934952405512229,0.1018281373374215,0.1284332242884825,10_sp_aij_37,2753893,0.1,10,6361,33,20,even
124,6.0606060606060606,0.2844466684562492,0.1191530621036827,0.1148818122816017,0.1813734249475732,0.0852833322924392,0.1392132745104077,0.0724017340854407,0.2736380576732073,0.1779082659764135,0.106724100853655,10_sp_aij_37,2753893,0.1,10,6361,33,20,even
125,7.878787878787879,0.3728577669166809,0.1061843909387865,0.0937146017257923,0.1676152041168897,0.1176187444947381,0.1030956802426259,0.1087524314097307,0.301453770210674,0.2814054721484484,0.1789267533196652,10_sp_aij_37,2753893,0.1,10,6361,33,20,even
126,9.393939393939394,0.3855763495444346,0.115138081995697,0.1355199590716335,0.1985934846592921,0.0965454454186128,0.0566709871569396,0.2169880242872762,0.3321972694463968,0.3360524827072354,0.2259557385508293,10_sp_aij_37,2753893,0.1,10,6361,33,20,even
127,10.90909090909091,0.3793565876704988,0.1239831403185425,0.1780032405819869,0.2740267409440661,0.0945181085540248,0.0377173304820779,0.1418911521116773,0.3416834995254739,0.4481677380926722,0.27562894197085,10_sp_aij_37,2753893,0.1,10,6361,33,20,even
128,12.424242424242424,0.4601665563744603,0.1017260575691343,0.1549981498983208,0.2958980979315317,0.1074990210060843,0.0270839412223628,0.1155780204865444,0.3251949867322196,0.4236527599199907,0.2828964393223344,10_sp_aij_37,2753893,0.1,10,6361,33,20,even
129,13.93939393939394,0.3345076130788025,0.0934273010232253,0.1918284069964961,0.2526526933417764,0.1010933890090056,0.0152401159193664,0.1427259496265375,0.2695842289951489,0.3437544285564782,0.2495312682907625,10_sp_aij_37,2753893,0.1,10,6361,33,20,even
130,15.757575757575758,0.3804431343855449,0.1415868381244265,0.1900951001277781,0.3142253909115644,0.12135026532475,0.0093299248041819,0.2029907786529297,0.1831930436969472,0.3223571093093564,0.2985106819963625,10_sp_aij_37,2753893,0.1,10,6361,33,20,even
131,17.272727272727273,0.4665889380033186,0.2028860634427105,0.1106962358629023,0.3413246457092266,0.1256684323086911,0.007541829679305,0.2667286684609062,0.147266966601822,0.3667613342563651,0.2258510463368312,10_sp_aij_37,2753893,0.1,10,6361,33,20,even
132,18.78787878787879,0.5115565487252988,0.2142551138055011,0.1795686437062433,0.3350398506311867,0.1357538123459618,0.0072189106239483,0.2928243767815593,0.1838395986426215,0.3602291713141404,0.2070921122529058,10_sp_aij_37,2753893,0.1,10,6361,33,20,even
133,20.303030303030305,0.4189997375705265,0.1868830149772088,0.1973904464072075,0.3548743000796667,0.1094104323581732,0.0114065006421501,0.2890825536250024,0.1902311714415155,0.3621464334542986,0.2626399374986234,10_sp_aij_37,2753893,0.1,10,6361,33,20,even
134,21.81818181818182,0.4527380820397359,0.1773065601602336,0.1706257424502315,0.3126877685332574,0.1281736303267302,0.0142464016804633,0.2374515001455109,0.2067825058656911,0.4101883105918401,0.2045394408619368,10_sp_aij_37,2753893,0.1,10,6361,33,20,even
135,23.63636363636364,0.4384198976950771,0.1539596993457782,0.1901049328933509,0.3800484214753846,0.114507185266357,0.0086861172565679,0.3394375363509607,0.1879427053822994,0.4082151559219827,0.2594704293271649,10_sp_aij_37,2753893,0.1,10,6361,33,20,even
136,25.151515151515152,0.3477466782729346,0.1983730566192393,0.2294069975124645,0.4247875756803765,0.1601080910114973,0.0089603551594002,0.3003086616571669,0.171109467535915,0.4144368494835057,0.2265435473308357,10_sp_aij_37,2753893,0.1,10,6361,33,20,even
137,26.666666666666668,0.2788183191945142,0.1492700904597097,0.1718117913970315,0.3704674465087135,0.1435450446494384,0.0105573726365499,0.302986652982428,0.1658466102958214,0.2971174091455565,0.2299179964283405,10_sp_aij_37,2753893,0.1,10,6361,33,20,even
138,28.181818181818183,0.3556289951607558,0.1927526321870192,0.1326918450689256,0.4495509947594388,0.1534333269650223,0.0114800581466904,0.2403556243085923,0.1597095380799777,0.423572890970048,0.2534155094527059,10_sp_aij_37,2753893,0.1,10,6361,33,20,even
139,30.0,0.3690093334316695,0.155530133317055,0.147146874206462,0.3615195629866633,0.1278109847088893,0.0113723363112949,0.2386564505812081,0.1641916243479378,0.358850132580821,0.2777217656365168,10_sp_aij_37,2753893,0.1,10,6361,33,20,even
140,0.0,0.07,0.09,0.01,0.04,0.01,0.09,0.03,0.08,0.08,0.09,10_sp_aij_37,2858482,0.1,10,6361,33,20,even
141,1.5151515151515151,0.1752274828431768,0.0872649127705621,0.0194849256037994,0.063126227218638,0.0224185879204584,0.0940429218942828,0.0317626372324762,0.1436536177704541,0.1032519576326754,0.160838860873984,10_sp_aij_37,2858482,0.1,10,6361,33,20,even
142,3.0303030303030303,0.2724923863108577,0.0606390770637265,0.0277727424790516,0.0963651647989565,0.0392319471675522,0.0978289236180369,0.0499081108475973,0.23873297182927,0.1615433545707262,0.2033705705168473,10_sp_aij_37,2858482,0.1,10,6361,33,20,even
143,4.545454545454546,0.3132328366768079,0.0554620647497357,0.0382063091908032,0.1334013140100398,0.0677128886405047,0.0457853983219616,0.057928891512008,0.3496784997066897,0.2386380553293514,0.2471517236781951,10_sp_aij_37,2858482,0.1,10,6361,33,20,even
144,6.0606060606060606,0.3139002511897357,0.0865840488677162,0.0619540111294645,0.16038749076671,0.0701428923680098,0.0363528189018426,0.0987898998563484,0.3584608175617619,0.3521808669179851,0.3594532995914427,10_sp_aij_37,2858482,0.1,10,6361,33,20,even
145,7.878787878787879,0.3562151115519075,0.1327190301187422,0.1174356245326271,0.257433737146529,0.1183845275873395,0.023716055842587,0.1284627786986142,0.2324937775113947,0.3748604925514613,0.2768469177944225,10_sp_aij_37,2858482,0.1,10,6361,33,20,even
146,9.393939393939394,0.4912198700454891,0.1114698102914903,0.1663429530326242,0.3567369024469246,0.1152890968869478,0.0142463727107016,0.1691724548799101,0.2381397678455205,0.4982975693244714,0.3414013403815351,10_sp_aij_37,2858482,0.1,10,6361,33,20,even
147,10.90909090909091,0.5025964823975713,0.1396084069962882,0.2668440914615285,0.4112653546748437,0.1313301618121445,0.0102818129581374,0.2477495862277384,0.2177768937684367,0.430980970381015,0.317999764835794,10_sp_aij_37,2858482,0.1,10,6361,33,20,even
148,12.424242424242424,0.387932028544277,0.1683855777049727,0.2030228387419799,0.3930955559032411,0.1176033715638889,0.0092985942798109,0.2529116356435109,0.1704029049526897,0.3301608399023718,0.2997291802266179,10_sp_aij_37,2858482,0.1,10,6361,33,20,even
149,13.93939393939394,0.4083279778134319,0.1719679941736051,0.179706885236304,0.3112698426502767,0.118735185965812,0.009236908889754,0.2282310889716025,0.1591481874792369,0.3559608332475693,0.2859706609390589,10_sp_aij_37,2858482,0.1,10,6361,33,20,even
150,15.757575757575758,0.386963266517403,0.2129871548977651,0.1495673060508518,0.3480161573116862,0.1290207411999439,0.0126022985618589,0.2456352225693737,0.2165322961825807,0.3803118948407947,0.2671429945161431,10_sp_aij_37,2858482,0.1,10,6361,33,20,even
151,17.272727272727273,0.4211410868125991,0.1767120119810137,0.1561975657959469,0.3963023284136909,0.142819023423157,0.010003028699915,0.2870993941887218,0.2680955718459749,0.457760613720133,0.3194240486297646,10_sp_aij_37,2858482,0.1,10,6361,33,20,even
152,18.78787878787879,0.4640545698900984,0.1747276640791387,0.2045147205483955,0.3462297708959881,0.1638200182960068,0.0064833112316972,0.2705450338264977,0.151084121023718,0.3937852474354564,0.229970706054175,10_sp_aij_37,2858482,0.1,10,6361,33,20,even
153,20.303030303030305,0.3610355916394842,0.2228545628944128,0.1231377537993152,0.3508669644779146,0.1718277150114934,0.0071304741579532,0.2386440282347512,0.189699765736055,0.397680187931893,0.2993624933597712,10_sp_aij_37,2858482,0.1,10,6361,33,20,even
154,21.81818181818182,0.3926773688417858,0.1912610936471811,0.1521894197991786,0.3617465849728151,0.1700630153962479,0.0097792174712269,0.2983481846737621,0.1563948147038374,0.3421141158229807,0.3210977434039209,10_sp_aij_37,2858482,0.1,10,6361,33,20,even
155,23.63636363636364,0.4397042828791458,0.1736553667297264,0.2423685810872315,0.3372228761162004,0.1651452928983466,0.0123698332871462,0.2483048695949053,0.1554703634932557,0.3996442721427178,0.2887764914739471,10_sp_aij_37,2858482,0.1,10,6361,33,20,even
156,25.151515151515152,0.4841818659830261,0.1398425249445653,0.1934484031138288,0.3107901970182283,0.1209008914205445,0.0102105944142524,0.246809578701881,0.2404438296298198,0.4731698573014545,0.2521300801065684,10_sp_aij_37,2858482,0.1,10,6361,33,20,even
157,26.666666666666668,0.3601578233667871,0.1794800924292966,0.2002632442232887,0.3367260531190311,0.1254910363414083,0.0077814992063629,0.2538367016514319,0.199360873532371,0.4247833434614526,0.2810098553937571,10_sp_aij_37,2858482,0.1,10,6361,33,20,even
158,28.181818181818183,0.3698110823099159,0.1892358848513966,0.2008896360778488,0.3455348956578325,0.1797595754354509,0.0076430025195872,0.2414820050951396,0.1658836293339685,0.3783097147424757,0.3653685496052379,10_sp_aij_37,2858482,0.1,10,6361,33,20,even
159,30.0,0.3480514140838179,0.1394464263310056,0.1451069242719594,0.3443054789625884,0.2348306856930209,0.0058081532076357,0.2916626618825459,0.1815820618465516,0.4140243754377918,0.3056053889501008,10_sp_aij_37,2858482,0.1,10,6361,33,20,even
160,0.0,0.08,0.06,0.05,0.06,0.02,0.01,0.09,0.06,0.05,0.07,10_sp_aij_37,2905119,0.1,10,6361,33,20,even
161,1.5151515151515151,0.172867265184004,0.0829698680515054,0.0545028199385968,0.1141755857134208,0.035038301805946,0.018577323827116,0.0674672327922102,0.1190929113348502,0.0928669688152077,0.1699350223433747,10_sp_aij_37,2905119,0.1,10,6361,33,20,even
162,3.0303030303030303,0.2897513037344676,0.1267292236331944,0.079400925478488,0.1885295324507272,0.0618542527837095,0.0285507837283684,0.0503698174258716,0.2337503856067209,0.1860420920143774,0.2566096432891472,10_sp_aij_37,2905119,0.1,10,6361,33,20,even
163,4.545454545454546,0.3059970228318273,0.1423566462880856,0.1207008399691631,0.2110380550961506,0.0952671602690124,0.0339689791057387,0.0697582950054495,0.2847260330158515,0.2774133918732077,0.2245100504349681,10_sp_aij_37,2905119,0.1,10,6361,33,20,even
164,6.0606060606060606,0.382104753948972,0.1367849005934548,0.1423889715866871,0.2170971130288813,0.0994989988232333,0.0302674447522674,0.0946826188739508,0.2499129190842471,0.3567337920335323,0.262783897907419,10_sp_aij_37,2905119,0.1,10,6361,33,20,even
165,7.878787878787879,0.3704501954708045,0.2027047791002426,0.1514107982695672,0.3322346784477986,0.1055055624052944,0.0182824696587555,0.2740480354423975,0.2283682089797015,0.4100696230078329,0.1826517906942182,10_sp_aij_37,2905119,0.1,10,6361,33,20,even
166,9.393939393939394,0.4059552252423341,0.1765583194772312,0.1863807980814306,0.3541291162952453,0.1295050964741753,0.0244277199461222,0.2271068300746137,0.2696611655300948,0.3450443853227048,0.2216566729825385,10_sp_aij_37,2905119,0.1,10,6361,33,20,even
167,10.90909090909091,0.2907304977851914,0.1488767004832097,0.1856087888816927,0.3185303439011585,0.1775966913433829,0.0242726551593998,0.220576328452894,0.2175756053846844,0.3470545960957403,0.3125171407945847,10_sp_aij_37,2905119,0.1,10,6361,33,20,even
168,12.424242424242424,0.4390828120378272,0.1302348301954116,0.1670709497434681,0.337240418329081,0.176188547774904,0.0213187781422259,0.2808184721986559,0.2455640436003388,0.4808447540340168,0.3019680988569853,10_sp_aij_37,2905119,0.1,10,6361,33,20,even
169,13.93939393939394,0.3872263178873449,0.1628347662158836,0.2251102811296851,0.3432729733482108,0.1618739315167679,0.0202213346460647,0.2559785174432312,0.2250391017503251,0.3905212829278693,0.2481022499507054,10_sp_aij_37,2905119,0.1,10,6361,33,20,even
170,15.757575757575758,0.3540428387891804,0.1648314190941788,0.180255176832964,0.3036521643755993,0.1200290106981104,0.0252229485851677,0.2955452808029112,0.2338574612730042,0.476349907093515,0.2894585111899675,10_sp_aij_37,2905119,0.1,10,6361,33,20,even
171,17.272727272727273,0.2933853448363801,0.1749004233272275,0.1762424169862025,0.3410590771609227,0.1369281175442363,0.0139705658083213,0.3422654303347958,0.2393065710615631,0.4449246477303473,0.2954133760179294,10_sp_aij_37,2905119,0.1,10,6361,33,20,even
172,18.78787878787879,0.2667709645445588,0.1731517683275451,0.1810189871197722,0.356259827609384,0.1034320740461605,0.0159741352444995,0.3100975881590131,0.2229916745687768,0.4870307970329229,0.2904151100117892,10_sp_aij_37,2905119,0.1,10,6361,33,20,even
173,20.303030303030305,0.4544748790770643,0.1500804608473156,0.1675725979941797,0.3650000790898619,0.113440462142799,0.0115561757610113,0.3046333032726938,0.1837314371314417,0.3894598342446517,0.2737891814260689,10_sp_aij_37,2905119,0.1,10,6361,33,20,even
174,21.81818181818182,0.3735724227697107,0.1667640762523602,0.1717486922035045,0.3003010541785759,0.1183278357068319,0.017283032182887,0.298203673398429,0.1819384785334316,0.3232989501333504,0.2246560056102156,10_sp_aij_37,2905119,0.1,10,6361,33,20,even
175,23.63636363636364,0.3133333960753658,0.2135020713311759,0.1627946859389395,0.3604445034123946,0.1738643566898688,0.0179006709310347,0.1864352877120139,0.2239570518698924,0.3650504123101832,0.2062927751117916,10_sp_aij_37,2905119,0.1,10,6361,33,20,even
176,25.151515151515152,0.3594127330748027,0.1616417028157352,0.1886116975027842,0.2995313089958697,0.1697897618947016,0.0166017122984581,0.2492881226075458,0.2339953055268384,0.3665120841814162,0.2319298770990706,10_sp_aij_37,2905119,0.1,10,6361,33,20,even
177,26.666666666666668,0.5040479288493062,0.1671220116439402,0.1929411977630221,0.2970200104741548,0.1723619826840815,0.0208141508135977,0.216772895978055,0.2303118604084602,0.4367366657940145,0.2782154341650994,10_sp_aij_37,2905119,0.1,10,6361,33,20,even
178,28.181818181818183,0.4301181246281428,0.1854049372817725,0.1943079131041054,0.3284365173456932,0.1369336965321692,0.0233082719675658,0.2944218682165391,0.1908395571080998,0.4219170292651783,0.276971238596889,10_sp_aij_37,2905119,0.1,10,6361,33,20,even
179,30.0,0.4074705874217696,0.2107248132792337,0.240759003574864,0.3869895867621196,0.1948203129558516,0.0191336387320919,0.2174174499266081,0.2545469358914823,0.4624237402173692,0.3564809634390925,10_sp_aij_37,2905119,0.1,10,6361,33,20,even
180,0.0,0.04,0.03,0.05,0.08,0.06,0.05,0.03,0.07,0.09,0.09,10_sp_aij_37,3049039,0.1,10,6361,33,20,even
181,1.5151515151515151,0.1391595464811891,0.0417202955719654,0.0488907795163213,0.1582943221538819,0.1319628770877781,0.069844638387309,0.0435494433618128,0.1412539738004496,0.0834098268878997,0.1615942457259691,10_sp_aij_37,3049039,0.1,10,6361,33,20,even
182,3.0303030303030303,0.3109763428804548,0.0450985326595558,0.0580816903949428,0.1623023075234363,0.1847422582834282,0.088582738614249,0.061984203796346,0.2297050316888092,0.1961253122924426,0.2209302021653692,10_sp_aij_37,3049039,0.1,10,6361,33,20,even
183,4.545454545454546,0.3589095618561879,0.0451044759586076,0.0967895717950428,0.2107959794405399,0.1461786247605784,0.0488510685761957,0.0771995996747586,0.3331798064557288,0.2815822888846196,0.2803620952652541,10_sp_aij_37,3049039,0.1,10,6361,33,20,even
184,6.0606060606060606,0.4495570399405222,0.0587721611211168,0.1309713640587495,0.2210032041892815,0.1478355951233658,0.0260970416264074,0.1406210025677277,0.3108690237853423,0.3895308545863737,0.2956093790194322,10_sp_aij_37,3049039,0.1,10,6361,33,20,even
185,7.878787878787879,0.4449412883293704,0.1057701601464794,0.1571798896870834,0.3562804896577679,0.134382549332956,0.0185890020023435,0.2193375111116067,0.3124443295936381,0.3579516897289617,0.190512327768907,10_sp_aij_37,3049039,0.1,10,6361,33,20,even
186,9.393939393939394,0.3681922122858336,0.1411808505502068,0.1819062840679382,0.3989208483096855,0.1637559194743137,0.0117618128025067,0.2452190771195876,0.235742092831763,0.3867221712969884,0.3006138570671388,10_sp_aij_37,3049039,0.1,10,6361,33,20,even
187,10.90909090909091,0.2598357411361953,0.1638520679370707,0.218028447072115,0.3739660958548094,0.1933029324124342,0.0082989787189671,0.3094632731360562,0.2396197341950964,0.4164780249173632,0.2533454400559668,10_sp_aij_37,3049039,0.1,10,6361,33,20,even
188,12.424242424242424,0.3873725040762634,0.1386841997316698,0.2637419307029541,0.4128998865175087,0.1508230644925971,0.0071530237499395,0.3888823782465297,0.2257734989229311,0.4437304249063195,0.2354345830972053,10_sp_aij_37,3049039,0.1,10,6361,33,20,even
189,13.93939393939394,0.4378606355795642,0.184448187444371,0.1973430352366431,0.4199936924922077,0.1982251541157403,0.0068260945246055,0.3450207729218567,0.1565655891700744,0.3070585740045504,0.2114378024653065,10_sp_aij_37,3049039,0.1,10,6361,33,20,even
190,15.757575757575758,0.4645359895880031,0.2254255712377435,0.1802192983964164,0.2709622694696845,0.1486002567330472,0.0136902222840323,0.2820930480254613,0.2144809021110634,0.4065063544615789,0.1999939732097983,10_sp_aij_37,3049039,0.1,10,6361,33,20,even
191,17.272727272727273,0.5431700012950983,0.2300007927846873,0.1662403291073968,0.3074422033044687,0.0865602939361915,0.0164577477868894,0.2031553908621171,0.2388889360774065,0.2762139680834389,0.2509252566460501,10_sp_aij_37,3049039,0.1,10,6361,33,20,even
192,18.78787878787879,0.4244918085376521,0.217441569168514,0.2073856154487388,0.4049720304745188,0.0987542781195937,0.0164962554618144,0.2207212812172395,0.1887114906254104,0.385887676472069,0.3630905191648693,10_sp_aij_37,3049039,0.1,10,6361,33,20,even
193,20.303030303030305,0.3586839077260954,0.2239301262777642,0.2318287584902022,0.3220454812807972,0.1000858743430875,0.0231139196865271,0.2058261077547115,0.1953019208916422,0.2966622480890412,0.2118939968246732,10_sp_aij_37,3049039,0.1,10,6361,33,20,even
194,21.81818181818182,0.5159301570306747,0.235269863064732,0.1984888242731844,0.3758874188785284,0.1348612296668754,0.0265000689786162,0.2027294520275654,0.2307921036282332,0.3333769310380995,0.2675587550568155,10_sp_aij_37,3049039,0.1,10,6361,33,20,even
195,23.63636363636364,0.4285058392262883,0.2277076720811928,0.1322252843644655,0.4623163918882196,0.1302356134689549,0.0273063848318819,0.2605495220290487,0.1949638655824258,0.4224654163694904,0.2548066860942485,10_sp_aij_37,3049039,0.1,10,6361,33,20,even
196,25.151515151515152,0.4477766121507422,0.2078681280157523,0.1556003672694457,0.305287304169624,0.1360130863620486,0.0367493935997304,0.2601872390156839,0.230546940780595,0.3836488190554176,0.2235907091484412,10_sp_aij_37,3049039,0.1,10,6361,33,20,even
197,26.666666666666668,0.4549890951775896,0.2013955895883585,0.2204455135052943,0.2814589780742765,0.1273948577582307,0.0635965114252333,0.2982397796228614,0.2490282623334257,0.3492601419305033,0.1806785428390432,10_sp_aij_37,3049039,0.1,10,6361,33,20,even
198,28.181818181818183,0.459210565561945,0.170636648026908,0.1464710282480221,0.3686642499049942,0.0995675228440042,0.0732126149163336,0.2349511217019916,0.2024959419696964,0.3562147230954584,0.1721552647731988,10_sp_aij_37,3049039,0.1,10,6361,33,20,even
199,30.0,0.3624603905961456,0.1782968192311592,0.1636747638166393,0.2840121062911415,0.1152821329756729,0.0446294872789545,0.2792879923505162,0.280442558793465,0.3388898482636111,0.1611114390356509,10_sp_aij_37,3049039,0.1,10,6361,33,20,even
200,0.0,0.05,0.08,0.08,0.06,0.09,0.03,0.02,0.07,0.02,0.07,10_sp_aij_37,3346496,0.1,10,6361,33,20,even
201,1.5151515151515151,0.1292245526450694,0.0471956372524965,0.0822596969027304,0.0931063842159589,0.1312651468800959,0.0600232014054958,0.0274038917889136,0.1000499034359553,0.0389351123430032,0.1284458476921153,10_sp_aij_37,3346496,0.1,10,6361,33,20,even
202,3.0303030303030303,0.2275868080568078,0.0393559204636534,0.1165471046129039,0.1144457865436681,0.1944561450913518,0.0680320691583988,0.0380156234977587,0.1973498920156335,0.0862034323517559,0.1948803625154467,10_sp_aij_37,3346496,0.1,10,6361,33,20,even
203,4.545454545454546,0.3420092890265593,0.0458871037541085,0.1476452863591533,0.1454879553380005,0.1856034628328597,0.0715439393649998,0.0788409635148794,0.2228316791545544,0.2134165447959775,0.2214195624512411,10_sp_aij_37,3346496,0.1,10,6361,33,20,even
204,6.0606060606060606,0.3993020274004853,0.0553989711839351,0.1291562797523323,0.1666496635894013,0.1234347362336262,0.0495297830528947,0.1159795735997956,0.2752472656368618,0.313857884484662,0.276507048835203,10_sp_aij_37,3346496,0.1,10,6361,33,20,even
205,7.878787878787879,0.4409414832981817,0.0951263487780255,0.1980254787862362,0.2902600896020879,0.1549949360352311,0.0238335336762735,0.1423572292394022,0.3028389393935433,0.413252224728765,0.2826335358079884,10_sp_aij_37,3346496,0.1,10,6361,33,20,even
206,9.393939393939394,0.3436150421553162,0.0949395486900502,0.1909562248244,0.3391263456106316,0.1262746644517975,0.0244241500740149,0.1956638250160351,0.2842236307482188,0.3808204350557524,0.2841218808379934,10_sp_aij_37,3346496,0.1,10,6361,33,20,even
207,10.90909090909091,0.3740016547834566,0.1119602657057245,0.2004595343672363,0.3887194990210224,0.1044300710521113,0.0208701077655417,0.1933651298567827,0.2063764190324666,0.4286761389968163,0.2322762123888512,10_sp_aij_37,3346496,0.1,10,6361,33,20,even
208,12.424242424242424,0.4816962234449925,0.1918177769998622,0.1532740883570157,0.2336464347414092,0.088326068581775,0.018601684166124,0.1570181261769023,0.288514925221862,0.3503099571801676,0.1897156842672884,10_sp_aij_37,3346496,0.1,10,6361,33,20,even
209,13.93939393939394,0.5038291269419326,0.1440482443829218,0.1748391544778128,0.2688901410314043,0.0822838491437143,0.0214906593956214,0.1718001943751789,0.306744660809689,0.3691379452148667,0.2256360248564956,10_sp_aij_37,3346496,0.1,10,6361,33,20,even
210,15.757575757575758,0.428870915265773,0.1985759275944179,0.178808386147483,0.2836879048162872,0.0783412609656205,0.0194663863345726,0.1582222175301323,0.2645370236611579,0.3435233806715145,0.2342468074035656,10_sp_aij_37,3346496,0.1,10,6361,33,20,even
211,17.272727272727273,0.3903026066394339,0.1733900951915639,0.2558550636725124,0.3717450867816113,0.0740303618422502,0.0222132786247968,0.2465205283971064,0.185020126476736,0.3672524109147678,0.2917530840799779,10_sp_aij_37,3346496,0.1,10,6361,33,20,even
212,18.78787878787879,0.3101049274637026,0.2027271253942593,0.1991759038425259,0.4456478545651021,0.0871394692111814,0.0142261177049964,0.1877064226185626,0.1919643840939461,0.3711217229756636,0.2467653158027232,10_sp_aij_37,3346496,0.1,10,6361,33,20,even
213,20.303030303030305,0.3909651201998884,0.2222672811969902,0.1628740030043476,0.3356079065518844,0.125586757425242,0.0140626532670278,0.2685657628530731,0.1989797252152867,0.394160416822588,0.2220034720499067,10_sp_aij_37,3346496,0.1,10,6361,33,20,even
214,21.81818181818182,0.4010616857819731,0.2490605885432899,0.1848730784156006,0.3571153581018788,0.1042041504879391,0.0203754944198806,0.2077982088275191,0.1937431048514811,0.3799387609612755,0.2586651431070557,10_sp_aij_37,3346496,0.1,10,6361,33,20,even
215,23.63636363636364,0.3587767679854699,0.2381889508527293,0.2058100135128263,0.2977597442918468,0.1157168174139768,0.0355966692807082,0.2664329586510592,0.1894457212548877,0.3719254339264881,0.2646278531804943,10_sp_aij_37,3346496,0.1,10,6361,33,20,even
216,25.151515151515152,0.4054872316776181,0.2249684698040861,0.1797416830806894,0.3049473631220348,0.1207818727468203,0.0367313768716115,0.1969347825290276,0.1742828397237676,0.4097558848189579,0.3056621923213884,10_sp_aij_37,3346496,0.1,10,6361,33,20,even
217,26.666666666666668,0.3748086517605383,0.2513191212604616,0.2036354773425258,0.3590976495065456,0.1248062381814534,0.0309422305717195,0.2973521230974965,0.213519607152827,0.4674079247330553,0.2612226009382191,10_sp_aij_37,3346496,0.1,10,6361,33,20,even
218,28.181818181818183,0.3051319122997467,0.241197620495072,0.1988767175690313,0.4449632189990524,0.1581922048089241,0.0184819242906597,0.3290564175125315,0.1590075225862699,0.4156883015104883,0.3646912935592287,10_sp_aij_37,3346496,0.1,10,6361,33,20,even
219,30.0,0.3723019085750771,0.2232582030303289,0.2018888123504817,0.4387893714585884,0.1732798019418394,0.0209341554907131,0.3397622183726557,0.1608101422515064,0.3643864261976935,0.2549352057453705,10_sp_aij_37,3346496,0.1,10,6361,33,20,even
220,0.0,0.04,0.06,0.03,0.03,0.08,0.08,0.01,0.01,0.09,0.03,10_sp_aij_37,4211685,0.1,10,6361,33,20,even
221,1.5151515151515151,0.0946421042967669,0.0823717030312986,0.0240073691292188,0.0471806443308904,0.0834036553381893,0.1130475463887582,0.0223106018344686,0.0248459725319635,0.0891675730027096,0.0703008721790968,10_sp_aij_37,4211685,0.1,10,6361,33,20,even
222,3.0303030303030303,0.2504719990575452,0.0968121434766377,0.0171195973625699,0.0582494185917644,0.1206988152914692,0.1192599033253469,0.0302319151730407,0.1004503380672924,0.1244444361846498,0.102980269161239,10_sp_aij_37,4211685,0.1,10,6361,33,20,even
223,4.545454545454546,0.4212277074971644,0.1008097751481142,0.0241487659174259,0.1026074596125126,0.0950946861973192,0.1229056173520816,0.0519039257792046,0.2006240995709911,0.1792971524077246,0.1329994330664698,10_sp_aij_37,4211685,0.1,10,6361,33,20,even
224,6.0606060606060606,0.4147363458835792,0.1178164506852701,0.0266186967683975,0.1883982562456136,0.1065768777644865,0.1063608633264373,0.0703638340689094,0.4425931522253279,0.2818030874089496,0.164818359933235,10_sp_aij_37,4211685,0.1,10,6361,33,20,even
225,7.878787878787879,0.4789537232458828,0.0822222467193395,0.0422163019759688,0.2012955332542039,0.1256645620421328,0.0458158914089547,0.1201979652951287,0.3675967187988573,0.3910742983253549,0.268057914277829,10_sp_aij_37,4211685,0.1,10,6361,33,20,even
226,9.393939393939394,0.4044823536197532,0.1264427429586703,0.0695937431483432,0.2530711510795524,0.1139934228158937,0.0392201785809996,0.2450654256790948,0.3285967220580452,0.4795242332924809,0.2674158742531122,10_sp_aij_37,4211685,0.1,10,6361,33,20,even
227,10.90909090909091,0.4495309144143711,0.1125505068081886,0.1553923065839512,0.3213388040279675,0.1411748905098356,0.0217841941016205,0.1994943899455415,0.2860808505089575,0.4263627920714583,0.2832017552902726,10_sp_aij_37,4211685,0.1,10,6361,33,20,even
228,12.424242424242424,0.4493392513442505,0.1408101014140422,0.2119944531795757,0.384052417429305,0.1689302939355065,0.0140479449922064,0.2109319483367772,0.1972910469927748,0.4003747010917549,0.3865449762217832,10_sp_aij_37,4211685,0.1,10,6361,33,20,even
229,13.93939393939394,0.3515690191486876,0.1301631631724679,0.2294097639026721,0.3701830593220379,0.1822056044790762,0.0114042385107053,0.23893663037222,0.1881789779052148,0.3921530375909945,0.3161259381322795,10_sp_aij_37,4211685,0.1,10,6361,33,20,even
230,15.757575757575758,0.4527447335910827,0.1553969919082011,0.228230256153996,0.4226864666954892,0.2122750418323967,0.0080970682282573,0.4071210843179327,0.15473233257619,0.4014389899903311,0.287773472102141,10_sp_aij_37,4211685,0.1,10,6361,33,20,even
231,17.272727272727273,0.3111307935653988,0.1631268319544305,0.2824969483536217,0.3761602752336371,0.1499574927042396,0.0082199956832999,0.3143082680815037,0.1851681853230344,0.3584549990167261,0.2661347381852444,10_sp_aij_37,4211685,0.1,10,6361,33,20,even
232,18.78787878787879,0.3837717777927296,0.1556704392587479,0.2812063313806528,0.3640988536531354,0.1417181374163076,0.0068955661850489,0.3455849887631786,0.1793608010668069,0.4361515675682962,0.2569477691933855,10_sp_aij_37,4211685,0.1,10,6361,33,20,even
233,20.303030303030305,0.3678986230252992,0.2053487815798565,0.197902444691659,0.3746527889010571,0.1371204192500456,0.0060023211841593,0.2767516930290278,0.1607668331552874,0.2890073652243218,0.1993333049307279,10_sp_aij_37,4211685,0.1,10,6361,33,20,even
234,21.81818181818182,0.3731755463860467,0.1789976532420588,0.1764292717070362,0.3459603573733001,0.1550907397445761,0.0112353093170516,0.2546995672798539,0.2305615064093065,0.3796611358286358,0.231704484430992,10_sp_aij_37,4211685,0.1,10,6361,33,20,even
235,23.63636363636364,0.3647300653537964,0.1735835505697689,0.1287453549747068,0.4259311500640384,0.1323471169891384,0.0097500595574286,0.209060843612292,0.2076563271319879,0.4507941142659223,0.2201284923493641,10_sp_aij_37,4211685,0.1,10,6361,33,20,even
236,25.151515151515152,0.4288899607575571,0.1697321002673723,0.133212461918061,0.4323928972220358,0.1099919151495359,0.0108487021661492,0.2823023663715844,0.2096488802177691,0.4112540119416807,0.1958134442489335,10_sp_aij_37,4211685,0.1,10,6361,33,20,even
237,26.666666666666668,0.3236592156915287,0.217029251378737,0.1693154596941675,0.3111444829909098,0.1164882973314096,0.0153687047268086,0.3499067285728721,0.2227086347190292,0.310330748122878,0.2813689348273193,10_sp_aij_37,4211685,0.1,10,6361,33,20,even
238,28.181818181818183,0.2997218856678205,0.2202049515533064,0.1442793144246622,0.3660928187457212,0.1559620462069813,0.0188860384806947,0.2836070088345094,0.1920184679292796,0.3944626923598168,0.2876572214603476,10_sp_aij_37,4211685,0.1,10,6361,33,20,even
239,30.0,0.3432720765459005,0.2298863617595537,0.1616588547264416,0.3719822590708793,0.1496381705749498,0.021073534152905,0.3311452882069234,0.2051516230559632,0.4647691352326387,0.2437230261607629,10_sp_aij_37,4211685,0.1,10,6361,33,20,even
240,0.0,0.08,0.01,0.05,0.03,0.08,0.01,0.01,0.02,0.01,0.02,10_sp_aij_37,4240255,0.1,10,6361,33,20,even
241,1.5151515151515151,0.1932438584999892,0.0139333412381743,0.0486520194538317,0.0529036889511144,0.10710491108157,0.0260873419051095,0.0112053743567682,0.0703772456658472,0.0197471643997641,0.0573933612997208,10_sp_aij_37,4240255,0.1,10,6361,33,20,even
242,3.0303030303030303,0.3279482642698317,0.0218261366109398,0.055933181791029,0.0766420420697062,0.0887913289450066,0.0578295448241065,0.0124438199154299,0.182078461368339,0.027262616112625,0.1411179818890832,10_sp_aij_37,4240255,0.1,10,6361,33,20,even
243,4.545454545454546,0.366900213370386,0.0330727138194204,0.0697973201086538,0.1104316339531854,0.1344186046437056,0.0472908490309703,0.0169548250949167,0.3269511823178518,0.1184358622835727,0.1670138218617251,10_sp_aij_37,4240255,0.1,10,6361,33,20,even
244,6.0606060606060606,0.3859164973385258,0.0494750659560891,0.1170715029069663,0.179093776104311,0.1102118781535154,0.042097911699747,0.0195146388186239,0.2803474692044599,0.2548052867430848,0.2343182125535624,10_sp_aij_37,4240255,0.1,10,6361,33,20,even
245,7.878787878787879,0.428599487126977,0.1142395409771582,0.1429498737748702,0.2169869643943606,0.0948909921599682,0.0332006674259743,0.0425139064618898,0.2453171996005541,0.3187144401590563,0.2936404916413774,10_sp_aij_37,4240255,0.1,10,6361,33,20,even
246,9.393939393939394,0.47942445276902,0.1604712195464583,0.1469896580763343,0.2767508030911063,0.0896471516191286,0.0151769926386679,0.1052319066761132,0.3204756152489593,0.4460671121136205,0.3027601767174429,10_sp_aij_37,4240255,0.1,10,6361,33,20,even
247,10.90909090909091,0.3444300078879181,0.1066032419965238,0.1794371661382083,0.3642047569157238,0.1163313469674324,0.0128650054174358,0.1566101147217574,0.2477565538313305,0.3833441144577508,0.2957983547967414,10_sp_aij_37,4240255,0.1,10,6361,33,20,even
248,12.424242424242424,0.412614326922672,0.1070033367685868,0.255486409753611,0.3527819128128522,0.0937779415685126,0.0090793339626203,0.1849925225649835,0.2913282377425053,0.4720919165711239,0.2256526131431626,10_sp_aij_37,4240255,0.1,10,6361,33,20,even
249,13.93939393939394,0.2897044378470093,0.1218127431207556,0.1828902045828399,0.3409503011322996,0.0843633950276152,0.0043494938321158,0.3096908221305203,0.2325358589743656,0.4683434950231877,0.3118854065855421,10_sp_aij_37,4240255,0.1,10,6361,33,20,even
250,15.757575757575758,0.5187331239564179,0.1466440798202966,0.180772115258356,0.2814117714283095,0.1198247763855474,0.0038067175328068,0.2139346312570229,0.184400152116745,0.3827462234077838,0.3222272340670931,10_sp_aij_37,4240255,0.1,10,6361,33,20,even
251,17.272727272727273,0.4560331305994093,0.1563469148375881,0.1299599372848439,0.3746368652743175,0.0789846518178665,0.0030674679702738,0.202132483496648,0.2614624718411962,0.4496273702894204,0.3069220957523146,10_sp_aij_37,4240255,0.1,10,6361,33,20,even
252,18.78787878787879,0.4511892622935814,0.1295555739204264,0.1411164590142155,0.3218185680157135,0.126398359430078,0.0033943580048376,0.2428991457422302,0.2863576271922353,0.3667263070407195,0.3376276452492954,10_sp_aij_37,4240255,0.1,10,6361,33,20,even
253,20.303030303030305,0.4423719250665264,0.1387286393929908,0.1955276182689179,0.3530555593802098,0.1656436874724607,0.0027640538693947,0.2028575323018531,0.2604770620383676,0.3486946703751942,0.3245925781930134,10_sp_aij_37,4240255,0.1,10,6361,33,20,even
254,21.81818181818182,0.3960296484424823,0.092761394224578,0.1781007571696728,0.3600301876203126,0.2282045503106877,0.0039051319247894,0.2155997869940028,0.1859541477037682,0.4539091649983272,0.2748033204899568,10_sp_aij_37,4240255,0.1,10,6361,33,20,even
255,23.63636363636364,0.3350957491454321,0.143202912691506,0.1567219072263441,0.3047620071200915,0.1599387447431665,0.002906825299146,0.2357445947598059,0.176888755855899,0.4327196054843373,0.2141989274631979,10_sp_aij_37,4240255,0.1,10,6361,33,20,even
256,25.151515151515152,0.4516554863233998,0.1663396983423312,0.1645371464711376,0.3659751467211419,0.1383413718872203,0.0,0.2705341019218991,0.1429360891557131,0.3965053195695854,0.3116978651345553,10_sp_aij_37,4240255,0.1,10,6361,33,20,even
257,26.666666666666668,0.360423200874275,0.1878091231999807,0.1495914550744171,0.3196170272705179,0.1472616282388332,0.0,0.2409737001347755,0.1674339559113737,0.3045026651812207,0.244539775970429,10_sp_aij_37,4240255,0.1,10,6361,33,20,even
258,28.181818181818183,0.4864559067295635,0.2271017025467394,0.1606722889770186,0.3063141723581707,0.1202009294077691,0.0,0.2651119053166033,0.1841544004218584,0.5119174133136084,0.2664127472718636,10_sp_aij_37,4240255,0.1,10,6361,33,20,even
259,30.0,0.3820115383346879,0.2701329872595456,0.1273978778683909,0.3575526254703345,0.1543924745783592,0.0,0.2233627444349433,0.2497267465991344,0.3857448616187837,0.3241935974862007,10_sp_aij_37,4240255,0.1,10,6361,33,20,even
260,0.0,0.04,0.08,0.09,0.06,0.06,0.06,0.08,0.03,0.02,0.09,10_sp_aij_37,5140131,0.1,10,6361,33,20,even
261,1.5151515151515151,0.1118039188563592,0.0952895410452064,0.1314340127084107,0.1091731867971261,0.104964666812517,0.1185003086295665,0.0956150037611556,0.0667647347426843,0.0348742698926381,0.1336213953358394,10_sp_aij_37,5140131,0.1,10,6361,33,20,even
262,3.0303030303030303,0.3556460732251567,0.1368891968859827,0.1319339054217549,0.259480317324844,0.1139684772205103,0.1546024094851361,0.0864768491447078,0.141835187578429,0.0489881630909606,0.1000749252702855,10_sp_aij_37,5140131,0.1,10,6361,33,20,even
263,4.545454545454546,0.3169307207588706,0.1208390951787557,0.1196117140354715,0.2189375657363262,0.1661786294722519,0.1398245902857012,0.1010848085052193,0.2874793036801806,0.1219938768930215,0.1095619177599274,10_sp_aij_37,5140131,0.1,10,6361,33,20,even
264,6.0606060606060606,0.2878717062393149,0.082941343881815,0.1525437684302338,0.1670639683052347,0.1304989444086831,0.1103199164921844,0.1486745972165905,0.2410114653327624,0.1864831622795933,0.134469859000837,10_sp_aij_37,5140131,0.1,10,6361,33,20,even
265,7.878787878787879,0.4169554237397603,0.0697582402326523,0.1302160590602248,0.229520328025532,0.1337159916285779,0.1065768930940878,0.1698950309976822,0.2277607554690642,0.3295195874221535,0.1916705261000158,10_sp_aij_37,5140131,0.1,10,6361,33,20,even
266,9.393939393939394,0.4008477621354201,0.1121100850753351,0.1105297805814582,0.2985243825838959,0.1371931779983912,0.0809382886142858,0.2644261401337074,0.3135543044349554,0.3755219630717474,0.1827212368284649,10_sp_aij_37,5140131,0.1,10,6361,33,20,even
267,10.90909090909091,0.3654518925503018,0.1342375957820937,0.1670404881746423,0.373364196450128,0.1463714160519702,0.0373449283463243,0.2654476290019773,0.3100825860801629,0.3497331669226062,0.2753252124221578,10_sp_aij_37,5140131,0.1,10,6361,33,20,even
268,12.424242424242424,0.3830151675769289,0.1694161927026439,0.1928049544649505,0.4610037136628097,0.1517192958822474,0.0314381851261222,0.3629630334321542,0.3040945395368872,0.383948391799789,0.2526376088398447,10_sp_aij_37,5140131,0.1,10,6361,33,20,even
269,13.93939393939394,0.3889526856100356,0.1420000039116356,0.1889957742285876,0.3466612579606029,0.1704406670535296,0.0320177457011848,0.2623150718202057,0.2521426550028067,0.3735408409864413,0.2280433341139176,10_sp_aij_37,5140131,0.1,10,6361,33,20,even
270,15.757575757575758,0.3650391902570959,0.140904352894981,0.1835141517158921,0.4040241304534141,0.18732025929836,0.0361875313710097,0.2390921074382871,0.2337772952547162,0.3552368264223652,0.1637086532508573,10_sp_aij_37,5140131,0.1,10,6361,33,20,even
271,17.272727272727273,0.3389508592603426,0.1523498351163639,0.2443268739195011,0.4019302613077861,0.1367515154330747,0.0401666241619544,0.336163806018151,0.2548890060467704,0.3425026377212489,0.2932568948751992,10_sp_aij_37,5140131,0.1,10,6361,33,20,even
272,18.78787878787879,0.4284858535540042,0.1591555454012757,0.197493401523147,0.420817864366984,0.1238732024221395,0.0321377663102808,0.2339906353009014,0.2147640131007788,0.3805556567811125,0.1929571000853918,10_sp_aij_37,5140131,0.1,10,6361,33,20,even
273,20.303030303030305,0.4551721930626328,0.2712521179878004,0.1473569481742119,0.2729471835158982,0.143914846507467,0.0440648719521774,0.3075288825664707,0.2687403546183168,0.4442325021050358,0.2202312483806468,10_sp_aij_37,5140131,0.1,10,6361,33,20,even
274,21.81818181818182,0.4154880029979524,0.1407739960420937,0.119972018774995,0.3232471445362678,0.0886164090381557,0.0283233397013262,0.2757914623199002,0.2850983349104844,0.3687509556662751,0.2119591333095595,10_sp_aij_37,5140131,0.1,10,6361,33,20,even
275,23.63636363636364,0.3532825352735806,0.1467361187393079,0.17884472787147,0.2952869557509692,0.1522116648902798,0.0258428443390443,0.2723913554717216,0.2714181378059585,0.3989593265869876,0.2727408905207604,10_sp_aij_37,5140131,0.1,10,6361,33,20,even
276,25.151515151515152,0.4140491587470237,0.1444677695510496,0.1804486976471459,0.3645314507724156,0.1250322980813694,0.0288748006140111,0.2858623991029654,0.2624425829162727,0.3107475443066615,0.2416309467583839,10_sp_aij_37,5140131,0.1,10,6361,33,20,even
277,26.666666666666668,0.4769418065815068,0.1114782415132309,0.2131532289858956,0.3408080528051381,0.1552949581255286,0.0228265871949597,0.2763740209556905,0.2384687239612471,0.4022218082032741,0.2672646248440181,10_sp_aij_37,5140131,0.1,10,6361,33,20,even
278,28.181818181818183,0.4528207808813492,0.1115382854587331,0.1696158453946162,0.2723390511231894,0.1685346531766868,0.0195833246882898,0.1719207033391257,0.2002066863168077,0.4776389188917179,0.3162264239344565,10_sp_aij_37,5140131,0.1,10,6361,33,20,even
279,30.0,0.4996384435324447,0.1809914888509084,0.1568761139495007,0.3107772822292318,0.1775708513864437,0.0169281015764233,0.2780038030549335,0.2286876407845465,0.3229659063512731,0.2983831210954232,10_sp_aij_37,5140131,0.1,10,6361,33,20,even
280,0.0,0.04,0.07,0.02,0.04,0.03,0.03,0.07,0.06,0.01,0.03,10_sp_aij_37,5576645,0.1,10,6361,33,20,even
281,1.5151515151515151,0.1162474535736075,0.074614234356021,0.0253488032053122,0.1063495426893749,0.0643498359853003,0.0510933672673877,0.0941118519999436,0.1469676384760171,0.0149041694996481,0.0857222736124818,10_sp_aij_37,5576645,0.1,10,6361,33,20,even
282,3.0303030303030303,0.1770115660890908,0.0780686884816893,0.0429658680240805,0.1450226782835993,0.1438056058111232,0.0834070620992857,0.0935809570776992,0.1887570964932725,0.0349377433084272,0.1829358170774383,10_sp_aij_37,5576645,0.1,10,6361,33,20,even
283,4.545454545454546,0.2828955554843999,0.0788354247159954,0.0490889551893563,0.1668522948025243,0.1922592866070963,0.1115971059930663,0.0980669187847765,0.2162397075912835,0.0652500020770865,0.1929511056733047,10_sp_aij_37,5576645,0.1,10,6361,33,20,even
284,6.0606060606060606,0.2692278464295414,0.0843157642153137,0.0804132010197427,0.2237992800676612,0.1875949111031264,0.1040423294197167,0.1140005227530285,0.1900399984072364,0.1626245475621075,0.1826429741095403,10_sp_aij_37,5576645,0.1,10,6361,33,20,even
285,7.878787878787879,0.3583655272931416,0.058579498668062,0.1283010057424936,0.212128444781626,0.1992951782318676,0.0956965591334696,0.178427994668634,0.3073332941230769,0.2547086195005899,0.2326446574685919,10_sp_aij_37,5576645,0.1,10,6361,33,20,even
286,9.393939393939394,0.3922400363366075,0.0814906921458098,0.2221918605658709,0.2697768978414977,0.1849782803023232,0.0770039331069655,0.2358807294739557,0.2959725350221854,0.3270955594044424,0.2886640697240958,10_sp_aij_37,5576645,0.1,10,6361,33,20,even
287,10.90909090909091,0.3475191884017628,0.1237826387864856,0.1769630946225612,0.3371182363805886,0.1386223050558848,0.0438326337828164,0.2426015323743499,0.242741157127394,0.34258957586512,0.3485998232781856,10_sp_aij_37,5576645,0.1,10,6361,33,20,even
288,12.424242424242424,0.4740199054390133,0.1412996962831418,0.2145339261765027,0.3447012700334845,0.1330642297517873,0.0418961661952579,0.2344203317987153,0.249835441528928,0.3976115686826323,0.2670494080542122,10_sp_aij_37,5576645,0.1,10,6361,33,20,even
289,13.93939393939394,0.4302180464614861,0.1371446414008308,0.1461353453491689,0.3108045799344137,0.1369036382449752,0.0454653058873589,0.2520701611523454,0.2188707705540491,0.290851097851709,0.243742824900263,10_sp_aij_37,5576645,0.1,10,6361,33,20,even
290,15.757575757575758,0.4197498319709271,0.157298079308243,0.1862992882749725,0.3310281547558978,0.1090672025124097,0.0622213511120877,0.2810181628511189,0.1976992411124405,0.3837367877698004,0.1867947956340386,10_sp_aij_37,5576645,0.1,10,6361,33,20,even
291,17.272727272727273,0.3418432223623323,0.1943963403336555,0.2277717084902811,0.4693932655816199,0.1242728160160588,0.0516843203845544,0.3185367277480697,0.1796926327688582,0.2261180637072345,0.2927052263126159,10_sp_aij_37,5576645,0.1,10,6361,33,20,even
292,18.78787878787879,0.3534101104449076,0.1589033947099833,0.1445136927136155,0.3910496730833253,0.1840853962866458,0.0540287790029773,0.2555157483097391,0.1342264570345943,0.3546424392796091,0.2744384779133887,10_sp_aij_37,5576645,0.1,10,6361,33,20,even
293,20.303030303030305,0.4492035243444804,0.1968406833594262,0.1385695901810673,0.3185889317240995,0.1595709888976697,0.0632374665005066,0.3095592984531107,0.2188131484244211,0.3195857957398054,0.2624391412101433,10_sp_aij_37,5576645,0.1,10,6361,33,20,even
294,21.81818181818182,0.4207763090126905,0.1441332781865414,0.1431442148508719,0.3209759507993708,0.1587891313860191,0.0594856203415549,0.2500034440430001,0.2971522331445775,0.2821114336570979,0.2053385151760635,10_sp_aij_37,5576645,0.1,10,6361,33,20,even
295,23.63636363636364,0.3733226826447771,0.1270411955707993,0.1813840368092699,0.338263101770393,0.1843794824613133,0.0784704533196321,0.2776993793800045,0.2496351826635516,0.2859954814874695,0.2318347634450737,10_sp_aij_37,5576645,0.1,10,6361,33,20,even
296,25.151515151515152,0.3588638923126448,0.1426948291133227,0.1625766171376061,0.2778941010053204,0.1355339840300167,0.0667744849637277,0.2109167628856005,0.2486305136725982,0.3907324521618948,0.1647258253399611,10_sp_aij_37,5576645,0.1,10,6361,33,20,even
297,26.666666666666668,0.4104483869830359,0.1608798703679102,0.1318398258556165,0.3046318372448838,0.1198495895577009,0.0549380670997469,0.2607703254386497,0.2533185958189407,0.3590965403271319,0.2669769326119907,10_sp_aij_37,5576645,0.1,10,6361,33,20,even
298,28.181818181818183,0.4053194095129979,0.1774845621790407,0.1349655691918256,0.341286873993386,0.1250276990306615,0.0575736172993294,0.1966391655316057,0.2990509479956548,0.3598281733638642,0.2111330669847931,10_sp_aij_37,5576645,0.1,10,6361,33,20,even
299,30.0,0.4120680525018248,0.1749569058376139,0.1528423882975925,0.2862552435183476,0.1093343108485766,0.0512879991484111,0.1907989146275019,0.1899268047510869,0.3263244593278524,0.227376904764809,10_sp_aij_37,5576645,0.1,10,6361,33,20,even
300,0.0,0.04,0.03,0.01,0.02,0.09,0.04,0.09,0.09,0.05,0.03,10_sp_aij_37,5589942,0.1,10,6361,33,20,even
301,1.5151515151515151,0.1098385650155363,0.0347490813979594,0.0124404787561301,0.0343013296261894,0.1251826555579651,0.0543570857119711,0.0917925237169426,0.1864286641976544,0.0904882262779989,0.0853232388849284,10_sp_aij_37,5589942,0.1,10,6361,33,20,even
302,3.0303030303030303,0.2557003641475945,0.0387695496947241,0.0195535579942412,0.0585194271698571,0.1346409143518408,0.0645337687260174,0.0901169909376661,0.2397840207399065,0.1594798588090081,0.2305767810747093,10_sp_aij_37,5589942,0.1,10,6361,33,20,even
303,4.545454545454546,0.3605946850734619,0.0602214502848568,0.0230536055710856,0.0901037176121251,0.1059745650335769,0.0893057819596484,0.1192401475525872,0.2908031259877349,0.2848445407906879,0.2757521522625937,10_sp_aij_37,5589942,0.1,10,6361,33,20,even
304,6.0606060606060606,0.2917785547179458,0.0434931756343683,0.0444031319807731,0.1471405627426992,0.117678609984629,0.0496494410326424,0.2043551672479594,0.3004034464876103,0.2921214427971168,0.2495737781725755,10_sp_aij_37,5589942,0.1,10,6361,33,20,even
305,7.878787878787879,0.343630911274662,0.0426398420870187,0.0753547132538382,0.2416476618278379,0.1676016629056569,0.0300586242937303,0.1781347098568438,0.2519899253891394,0.3431960885360314,0.3306087692464549,10_sp_aij_37,5589942,0.1,10,6361,33,20,even
306,9.393939393939394,0.4459441762333144,0.0903566029138685,0.1370936676830944,0.2843830397601268,0.1160614405521725,0.0248465009440986,0.2025450885219445,0.2866135235304966,0.3975048033957079,0.3205245278577391,10_sp_aij_37,5589942,0.1,10,6361,33,20,even
307,10.90909090909091,0.3730472745327995,0.1078874507896391,0.2196391610063603,0.3052266964393307,0.1539111836631023,0.0230034468286975,0.2022838564528843,0.1732581453285836,0.43064094324295,0.1963466086073366,10_sp_aij_37,5589942,0.1,10,6361,33,20,even
308,12.424242424242424,0.4067755526178868,0.1627267420200994,0.1824771171469847,0.3036828457002969,0.1183893509968736,0.0258121157760545,0.2142105211435142,0.2454980982088963,0.3332466757543773,0.225194079944985,10_sp_aij_37,5589942,0.1,10,6361,33,20,even
309,13.93939393939394,0.3551493058962424,0.1049617910415346,0.1637321942989326,0.3151823458669244,0.1193501322950678,0.0189605385604547,0.2384760079519178,0.2381016218576886,0.386073165621625,0.2002589066630024,10_sp_aij_37,5589942,0.1,10,6361,33,20,even
310,15.757575757575758,0.3567458782920086,0.1276233409661674,0.2160737338284186,0.3972739841031876,0.173497473323517,0.0175411541742338,0.3158705018379585,0.18267720159879,0.4588969753001181,0.2651054404627873,10_sp_aij_37,5589942,0.1,10,6361,33,20,even
311,17.272727272727273,0.4041273464050677,0.1127863041710026,0.2292630286419992,0.3534831819755854,0.170693874953889,0.0212418583362951,0.4115645134017228,0.1658679087418697,0.4088659886107076,0.29083025439638,10_sp_aij_37,5589942,0.1,10,6361,33,20,even
312,18.78787878787879,0.5589683399566339,0.1959741339858395,0.2043854805177719,0.3546090847024015,0.1168236666437984,0.0217424966043907,0.31588148387248,0.2186269041425052,0.4923905700949597,0.2464791688861145,10_sp_aij_37,5589942,0.1,10,6361,33,20,even
313,20.303030303030305,0.3971057424205907,0.2081507468786808,0.1813578813470889,0.4121176039773129,0.1212225773660477,0.0366864239712792,0.3104261810246825,0.1747174762696144,0.3171970319640537,0.2427794096469978,10_sp_aij_37,5589942,0.1,10,6361,33,20,even
314,21.81818181818182,0.4329288557202984,0.1771177356463565,0.1939065939020013,0.3655588133174074,0.1750420274476824,0.0373686921540075,0.2079342071362919,0.1967383561745503,0.3868285797824844,0.2252992481355505,10_sp_aij_37,5589942,0.1,10,6361,33,20,even
315,23.63636363636364,0.3972172187267251,0.2166126936005148,0.2022808372074453,0.295417568734402,0.1291318822166032,0.0627171864586861,0.2926690225543237,0.175216310622444,0.3712334551974262,0.2752659693739809,10_sp_aij_37,5589942,0.1,10,6361,33,20,even
316,25.151515151515152,0.5151211179284423,0.2280560171408374,0.1840286072791754,0.3350098463997628,0.1508759743213025,0.0649157023580135,0.2254119719104341,0.1941321425224019,0.3125738723803401,0.2634451781308755,10_sp_aij_37,5589942,0.1,10,6361,33,20,even
317,26.666666666666668,0.3991093289684556,0.2189581169545066,0.173171417878901,0.3200899337032342,0.1226720843309867,0.0480957113639908,0.2578479633434239,0.2120354579953017,0.4558363358539777,0.1728364206020222,10_sp_aij_37,5589942,0.1,10,6361,33,20,even
318,28.181818181818183,0.4799013154043203,0.214752257083008,0.103051137756961,0.4022808628000753,0.1342539447073511,0.0442360184452355,0.280951865608039,0.2676758664947462,0.4838720478760871,0.227503321286046,10_sp_aij_37,5589942,0.1,10,6361,33,20,even
319,30.0,0.454795131862174,0.1726933197518206,0.123502939860119,0.3381578287405231,0.1182254855987979,0.0310207201162847,0.2366777269918172,0.3268735669674043,0.3703657898240231,0.2760184775134122,10_sp_aij_37,5589942,0.1,10,6361,33,20,even
320,0.0,0.03,0.07,0.05,0.07,0.03,0.03,0.02,0.03,0.09,0.09,10_sp_aij_37,5614865,0.1,10,6361,33,20,even
321,1.5151515151515151,0.0972280855625243,0.1083402103282934,0.0682361244774104,0.189100332400202,0.0614690164079724,0.0448556124332201,0.03647294337899,0.0690141359699365,0.1658434385165365,0.1540594695447504,10_sp_aij_37,5614865,0.1,10,6361,33,20,even
322,3.0303030303030303,0.2566621287659167,0.12853582469382,0.0661648399453974,0.1436804981418989,0.0865125163077493,0.050129575266603,0.074334595873475,0.1217732977783311,0.2554536760523857,0.1353127380553901,10_sp_aij_37,5614865,0.1,10,6361,33,20,even
323,4.545454545454546,0.2866250571637434,0.1092056944317427,0.0654422407021857,0.1562932836519313,0.1229145890403722,0.0362693890166243,0.1207156347621373,0.2392262420767723,0.3493604929897343,0.2178913630107063,10_sp_aij_37,5614865,0.1,10,6361,33,20,even
324,6.0606060606060606,0.3818927504895967,0.119904329832098,0.081802798097094,0.2258385548751896,0.1247276961265402,0.0266174998059714,0.1918850001890384,0.2390102532037835,0.3442636890149355,0.2810230872463421,10_sp_aij_37,5614865,0.1,10,6361,33,20,even
325,7.878787878787879,0.3521070660947061,0.1205846772034082,0.1128045539341795,0.3503085807639866,0.1171722426683726,0.0165865286175177,0.2415994870824328,0.2556659116168892,0.3812697473584557,0.374252566554979,10_sp_aij_37,5614865,0.1,10,6361,33,20,even
326,9.393939393939394,0.39321841140783,0.1117758253310715,0.1665291327204215,0.3858878707373326,0.1336317032179703,0.0137629092837943,0.2925842770535504,0.3111650559809951,0.4151145895205772,0.2609747078650783,10_sp_aij_37,5614865,0.1,10,6361,33,20,even
327,10.90909090909091,0.4880303290898218,0.1396300024411839,0.1422727799088549,0.2191167262755377,0.1535725548996444,0.0116330989515848,0.2641998326606476,0.2229293470099726,0.3979084783910463,0.2913308374295947,10_sp_aij_37,5614865,0.1,10,6361,33,20,even
328,12.424242424242424,0.4220371236311643,0.1733422316429518,0.1801863241549538,0.2440666499010601,0.1575805340218095,0.0133894425346945,0.1691349544846844,0.2270250832194391,0.3212319293244755,0.2961560134915845,10_sp_aij_37,5614865,0.1,10,6361,33,20,even
329,13.93939393939394,0.432839992618831,0.1214330708146696,0.2103014633809387,0.2660333294904649,0.1186924632213281,0.0105968129976006,0.1783686599561998,0.2049780998865721,0.3901145933753249,0.3164233987815373,10_sp_aij_37,5614865,0.1,10,6361,33,20,even
330,15.757575757575758,0.3981438994082406,0.1217381589551035,0.2146017278987398,0.3482816959034933,0.1316166660624,0.0068586517368281,0.247396865192555,0.1715885532083755,0.3724142618744186,0.3425167732297094,10_sp_aij_37,5614865,0.1,10,6361,33,20,even
331,17.272727272727273,0.3803492753290168,0.1292530281227044,0.1952885997973124,0.3125668293377887,0.1553786984335584,0.0050760034764885,0.2174198015168894,0.2322637968740319,0.3439117158691721,0.2260631868928023,10_sp_aij_37,5614865,0.1,10,6361,33,20,even
332,18.78787878787879,0.5223019998614921,0.1802299553020687,0.1224236139023245,0.2718344696301288,0.122570344315309,0.0052727007601726,0.2345053623399046,0.2479606722703714,0.3161263804070202,0.2100083964561044,10_sp_aij_37,5614865,0.1,10,6361,33,20,even
333,20.303030303030305,0.4134830515112743,0.1635401067672117,0.1634183340005261,0.3749557031846227,0.0975341561187948,0.0082951566850488,0.2393207091487856,0.2692597256456731,0.4271214505874756,0.2521859263035278,10_sp_aij_37,5614865,0.1,10,6361,33,20,even
334,21.81818181818182,0.3629954270049267,0.2023441484460384,0.1986745139812599,0.2920609987045092,0.0924370381016587,0.0046232642311055,0.2158421084398523,0.2021030501660337,0.4046755959197191,0.2328496387754143,10_sp_aij_37,5614865,0.1,10,6361,33,20,even
335,23.63636363636364,0.3781912066522103,0.1658120545263142,0.1111203334705682,0.3133239319192834,0.0971618887597593,0.0,0.2545041273261013,0.2076403538734752,0.3066595795629667,0.3248591892694049,10_sp_aij_37,5614865,0.1,10,6361,33,20,even
336,25.151515151515152,0.4533641173184642,0.1580597317113012,0.169132730982061,0.4070345827261171,0.1366406704014158,0.0,0.2703234447197274,0.2568786278708534,0.3497863237982768,0.3174121506471848,10_sp_aij_37,5614865,0.1,10,6361,33,20,even
337,26.666666666666668,0.4251597939385704,0.1969853233285216,0.1364059711985299,0.3645932249504028,0.1683691380270723,0.0,0.263590428764856,0.2424961047595292,0.3837888853211584,0.2314072758592664,10_sp_aij_37,5614865,0.1,10,6361,33,20,even
338,28.181818181818183,0.4543073674881906,0.2369668241263458,0.1797410341268453,0.3851604001196647,0.1403006066312671,0.0,0.2500837564858766,0.2676768846294032,0.4655437871242455,0.2825725837827481,10_sp_aij_37,5614865,0.1,10,6361,33,20,even
339,30.0,0.3998463356883189,0.1668081347186912,0.2117629648066165,0.3763991069118223,0.1662090733089847,0.0,0.224172260808188,0.299516841139939,0.4188737019244412,0.3686190523138868,10_sp_aij_37,5614865,0.1,10,6361,33,20,even
340,0.0,0.05,0.09,0.07,0.05,0.06,0.03,0.07,0.05,0.05,0.03,10_sp_aij_37,6543552,0.1,10,6361,33,20,even
341,1.5151515151515151,0.1314121584387762,0.1142347481940062,0.0352591420821043,0.0964531234179103,0.1075161965733728,0.0749806157687037,0.0952854536353601,0.1249167503048034,0.0520879243554875,0.0490606333249461,10_sp_aij_37,6543552,0.1,10,6361,33,20,even
342,3.0303030303030303,0.3734133946974365,0.1107209488309067,0.0485330220780152,0.1418465448831861,0.1286229558676516,0.1302397924066426,0.1197110643830168,0.287649873024701,0.1372292497894038,0.0963694518871556,10_sp_aij_37,6543552,0.1,10,6361,33,20,even
343,4.545454545454546,0.3313165333553052,0.0904906789436206,0.0590410632062267,0.2045352146827627,0.1079740455487131,0.0975420067123945,0.1617030909128151,0.3794975624174768,0.1861661575245766,0.224928447834768,10_sp_aij_37,6543552,0.1,10,6361,33,20,even
344,6.0606060606060606,0.4027174986818546,0.098424339050908,0.133299314038466,0.3248896680811001,0.1728546225120978,0.0683397219037671,0.1753660663940428,0.2540751562685709,0.3489923149759615,0.2336558387979296,10_sp_aij_37,6543552,0.1,10,6361,33,20,even
345,7.878787878787879,0.3633006759283427,0.1339096563595965,0.1731745639698017,0.2924216338863596,0.1403709795408267,0.0463695666091553,0.2090514617349402,0.2037997297724598,0.3544383628638187,0.2977166806912309,10_sp_aij_37,6543552,0.1,10,6361,33,20,even
346,9.393939393939394,0.3864965474995033,0.1090559254713719,0.2250974494719205,0.3019654076601041,0.2148309985238089,0.0477989590757278,0.319519030862115,0.2272470525733494,0.3260914298648799,0.2275168872866752,10_sp_aij_37,6543552,0.1,10,6361,33,20,even
347,10.90909090909091,0.3977642695933348,0.1615674587161042,0.1866463633298746,0.2842168154508828,0.208320457469507,0.0442378350879135,0.3217448565219256,0.2211157043161141,0.2850809688265327,0.2807227339052267,10_sp_aij_37,6543552,0.1,10,6361,33,20,even
348,12.424242424242424,0.4749878396505668,0.1639260542588719,0.2027457288711125,0.3529460358634987,0.1409782400778944,0.0431689563896942,0.2679363807653729,0.2190796640857861,0.4109179408661003,0.1811238789522607,10_sp_aij_37,6543552,0.1,10,6361,33,20,even
349,13.93939393939394,0.4646190371333672,0.1644354716970113,0.1349048908365797,0.2790338209222186,0.1336895878292829,0.0472153910064771,0.2890503676761077,0.1925409035771005,0.3289078840052843,0.2446129744457028,10_sp_aij_37,6543552,0.1,10,6361,33,20,even
350,15.757575757575758,0.4959820082688794,0.2742848822609982,0.2094762226335068,0.3788637609408448,0.1188945120384267,0.0434441693338385,0.2328036000270031,0.2449330835517789,0.4573554943187978,0.2786655061934687,10_sp_aij_37,6543552,0.1,10,6361,33,20,even
351,17.272727272727273,0.4748228027298773,0.2811065644123997,0.2093259814696386,0.3197274112291296,0.1089504506447143,0.0412691469247005,0.2185600673634113,0.2712868191549321,0.3281095828824443,0.1542694820105595,10_sp_aij_37,6543552,0.1,10,6361,33,20,even
352,18.78787878787879,0.3970153480162542,0.243271858875394,0.1927397304828483,0.3576877268573237,0.0872802518944178,0.0378180166140158,0.2605221274579596,0.2115946365524026,0.3487535028107526,0.2653770316082782,10_sp_aij_37,6543552,0.1,10,6361,33,20,even
353,20.303030303030305,0.3783652016931955,0.2106922004514605,0.1612802594391375,0.3853772027082394,0.0739337662241473,0.0318617041317662,0.227709506109044,0.2145441966309486,0.3642113839890717,0.2759664017222989,10_sp_aij_37,6543552,0.1,10,6361,33,20,even
354,21.81818181818182,0.4501765845073688,0.1388047351043485,0.1892571792707981,0.3843023672533301,0.1396434995607047,0.0217922858515302,0.2921430584408268,0.2124310957432455,0.3837058224441527,0.2492937339950127,10_sp_aij_37,6543552,0.1,10,6361,33,20,even
355,23.63636363636364,0.3757660955108939,0.1367508782670001,0.1362209620963632,0.3073510736255758,0.173549954878649,0.0382576250734377,0.3114888900423737,0.2329654845415915,0.3906153446785064,0.2494715426332706,10_sp_aij_37,6543552,0.1,10,6361,33,20,even
356,25.151515151515152,0.3723608936190751,0.120287959605067,0.1782172943103496,0.3516210873846663,0.1353517898596927,0.0309088404358561,0.2756503713547522,0.2281702862974757,0.3571145283508987,0.2387197581940149,10_sp_aij_37,6543552,0.1,10,6361,33,20,even
357,26.666666666666668,0.4502265708908455,0.1180247485215484,0.2048382101833929,0.3652551687080906,0.1880865603637404,0.0435681750076357,0.2224272403607846,0.2166568111720784,0.3161102976329463,0.2587167616652635,10_sp_aij_37,6543552,0.1,10,6361,33,20,even
358,28.181818181818183,0.3563927140286809,0.1353959907687121,0.2323375269643653,0.3047179587656886,0.1368296028038789,0.0279793152776577,0.2106183480723936,0.2445983062573108,0.3514681190030058,0.2577016665578162,10_sp_aij_37,6543552,0.1,10,6361,33,20,even
359,30.0,0.3643482134246524,0.1609284233031562,0.1473287477901082,0.3164204274657501,0.1287129687422886,0.0216304782419505,0.136960409411404,0.1883795218130355,0.3122822648090839,0.3564107726628246,10_sp_aij_37,6543552,0.1,10,6361,33,20,even
360,0.0,0.06,0.05,0.04,0.02,0.03,0.06,0.08,0.09,0.06,0.05,10_sp_aij_37,6550368,0.1,10,6361,33,20,even
361,1.5151515151515151,0.2109897445405545,0.0463838021441165,0.0315895135502504,0.0438373145489551,0.0601106358529078,0.1103298110849103,0.1151354721130852,0.1527385787953492,0.0744729941020144,0.0942168799224726,10_sp_aij_37,6550368,0.1,10,6361,33,20,even
362,3.0303030303030303,0.2686104986271923,0.0408608956618846,0.0392277566656822,0.0737635804042655,0.0915107451757744,0.0923711551097653,0.0761077830018987,0.2667084225337685,0.1352631026553782,0.1497952154730539,10_sp_aij_37,6550368,0.1,10,6361,33,20,even
363,4.545454545454546,0.2789129758128926,0.040083611896672,0.0407100213892514,0.1263340419118088,0.1233950682608903,0.0816288689268133,0.1421553804581528,0.2973629889853739,0.1819470712045854,0.2270807289202534,10_sp_aij_37,6550368,0.1,10,6361,33,20,even
364,6.0606060606060606,0.3253037848322009,0.0508358103638051,0.1103502253591388,0.1938732231676745,0.1956116057704839,0.0682445967070827,0.1742116457471875,0.2313947817746963,0.2572830558737811,0.2488855281169437,10_sp_aij_37,6550368,0.1,10,6361,33,20,even
365,7.878787878787879,0.2775968569690444,0.0686145564930897,0.1520195294393269,0.2211132850017165,0.1375216803388592,0.0537678812286067,0.239351178670283,0.22553484333755,0.3860407609069576,0.2105235785160797,10_sp_aij_37,6550368,0.1,10,6361,33,20,even
366,9.393939393939394,0.3346846380075154,0.0865076609301352,0.2078097038496322,0.3283801723501364,0.1596228258022406,0.0426472165175212,0.2411426258247576,0.2298375170040874,0.3564861403880524,0.2638260857531667,10_sp_aij_37,6550368,0.1,10,6361,33,20,even
367,10.90909090909091,0.3204679956590739,0.1248110676673673,0.2047162905327547,0.3496108832341734,0.15120236035609,0.0419966835941291,0.2636538050568562,0.2430486674215878,0.3553911490939472,0.3116681991015103,10_sp_aij_37,6550368,0.1,10,6361,33,20,even
368,12.424242424242424,0.3907217139207127,0.1012584449998625,0.1610720447579949,0.3204368913669963,0.1303807007453915,0.0213889874393161,0.2548406405857121,0.2433341810744621,0.4869896339822302,0.2264569647037679,10_sp_aij_37,6550368,0.1,10,6361,33,20,even
369,13.93939393939394,0.3718531904711912,0.1062834491222695,0.2064068023305945,0.3342058532398022,0.1119547310709787,0.017332204918792,0.1537651265016012,0.2589700666610688,0.3182561308576541,0.2228135144922725,10_sp_aij_37,6550368,0.1,10,6361,33,20,even
370,15.757575757575758,0.443003982852408,0.1050293135316618,0.2007294683401762,0.359213484385773,0.1326865397001009,0.015391749437847,0.1922158404978526,0.2611982165018179,0.3822398199852144,0.2698098314187077,10_sp_aij_37,6550368,0.1,10,6361,33,20,even
371,17.272727272727273,0.356006864182833,0.1346598488599019,0.2279086508003027,0.3589927322101819,0.1279223069841699,0.0114436932825195,0.2431058661927207,0.2136350773454833,0.4752368642745114,0.3315886649236486,10_sp_aij_37,6550368,0.1,10,6361,33,20,even
372,18.78787878787879,0.4664882286404805,0.1796680311315621,0.2200178475568185,0.2690838522529045,0.1345296425481039,0.0108122311286712,0.2031612009636687,0.1906894731366121,0.3515601800366476,0.3055983346424193,10_sp_aij_37,6550368,0.1,10,6361,33,20,even
373,20.303030303030305,0.3323876994117994,0.2282579067258937,0.194751806258797,0.3598019196258742,0.1067179905475323,0.0094782649544532,0.2133714065462942,0.1788918104494917,0.4894609074257194,0.298001456107367,10_sp_aij_37,6550368,0.1,10,6361,33,20,even
374,21.81818181818182,0.3604627979308076,0.2003713665327967,0.185087069988304,0.3454146622628734,0.0916337436575936,0.0103819378440764,0.2594294829896693,0.2611404087292518,0.4224375715380513,0.2799217892384756,10_sp_aij_37,6550368,0.1,10,6361,33,20,even
375,23.63636363636364,0.4498046298049339,0.273074181603361,0.1980214640584984,0.4400767641393379,0.1419077353333339,0.0098613528744753,0.3884875014943953,0.2291554095669006,0.5445875334050002,0.3099323741037097,10_sp_aij_37,6550368,0.1,10,6361,33,20,even
376,25.151515151515152,0.397787553976728,0.1688251331678614,0.2140950210802425,0.4529602650419629,0.2066754593254874,0.0100884312239586,0.3973434539559961,0.2667098253110389,0.4624718114481683,0.3995439423899276,10_sp_aij_37,6550368,0.1,10,6361,33,20,even
377,26.666666666666668,0.4380240969412061,0.2280083859058978,0.1925585844215007,0.3062370924289834,0.1536368409171482,0.0083687415077981,0.3216487930635466,0.1345865532127018,0.4795109953673701,0.3000663251803973,10_sp_aij_37,6550368,0.1,10,6361,33,20,even
378,28.181818181818183,0.3791990863008951,0.2097630707151481,0.181353279160247,0.381229139955332,0.1412903307859279,0.0085024833465875,0.27125121566825,0.1775419334747269,0.3446813364283651,0.3016668157581257,10_sp_aij_37,6550368,0.1,10,6361,33,20,even
379,30.0,0.3783257329382158,0.1592729099435904,0.172949152412124,0.3494200593265875,0.1500841716469008,0.0076369806526298,0.2119206367349921,0.2581598448222061,0.3876721253843567,0.2823956030627439,10_sp_aij_37,6550368,0.1,10,6361,33,20,even
380,0.0,0.09,0.04,0.07,0.05,0.06,0.03,0.03,0.06,0.06,0.05,10_sp_aij_37,8493390,0.1,10,6361,33,20,even
381,1.5151515151515151,0.1746943553983039,0.0502745275781435,0.0652791049703168,0.1084400128673015,0.0665907159608228,0.0598249686409385,0.0285192206674862,0.168558991851513,0.1111553381583545,0.1184614360226863,10_sp_aij_37,8493390,0.1,10,6361,33,20,even
382,3.0303030303030303,0.3854151355247572,0.0595613105162697,0.0860668219585624,0.126994297408365,0.0806623252061374,0.0771170183645015,0.0475637044077311,0.2950723916262182,0.1838224089864127,0.1840184284105918,10_sp_aij_37,8493390,0.1,10,6361,33,20,even
383,4.545454545454546,0.4626445908500283,0.0854546438413118,0.12702712014502,0.1902055860142592,0.0887328357577547,0.0814500268916076,0.0731384441807861,0.3369714774322491,0.307234137583571,0.2718923145319638,10_sp_aij_37,8493390,0.1,10,6361,33,20,even
384,6.0606060606060606,0.4146093423681049,0.1137720313164849,0.1532906388010328,0.2187082054997775,0.0685208817602739,0.0539776060452793,0.1195298669209553,0.3138823302384467,0.3066661033258822,0.2631598428412768,10_sp_aij_37,8493390,0.1,10,6361,33,20,even
385,7.878787878787879,0.3837661330486277,0.1354487104132472,0.1675598411597292,0.2751721945914765,0.0842519958804743,0.0313454181059977,0.1868690347811327,0.1973998458223672,0.3427513719108543,0.2773618572313385,10_sp_aij_37,8493390,0.1,10,6361,33,20,even
386,9.393939393939394,0.3709710484681095,0.1535688199352243,0.2043793395005259,0.318566439863558,0.098990484019709,0.0148100731731903,0.2164129747336459,0.2159402722948497,0.3536482386741049,0.3956843443441632,10_sp_aij_37,8493390,0.1,10,6361,33,20,even
387,10.90909090909091,0.3344916229657655,0.1244646573873851,0.1540585419708399,0.3158051336503188,0.1209620879561793,0.0100460147867969,0.2072789207087995,0.2639603085047282,0.3786659440859882,0.38247498649394,10_sp_aij_37,8493390,0.1,10,6361,33,20,even
388,12.424242424242424,0.4255364939513283,0.1436303463244917,0.1453937457586906,0.2524324298418285,0.1468659213104804,0.007750265224041,0.2144885673475664,0.2152085439166105,0.3345996465988103,0.2535626711968499,10_sp_aij_37,8493390,0.1,10,6361,33,20,even
389,13.93939393939394,0.4326586783781003,0.1800181562912342,0.1468645347243048,0.4171553317924322,0.1708079359062519,0.0055824065439932,0.2640003986387901,0.2598904166356564,0.4347763237565407,0.4084865473663134,10_sp_aij_37,8493390,0.1,10,6361,33,20,even
390,15.757575757575758,0.4171013395647692,0.1923146415484137,0.2546254482371635,0.3628323522114803,0.1595340438023855,0.0040861823359261,0.2868478500838677,0.1766840366351957,0.3421423571931336,0.286719278001435,10_sp_aij_37,8493390,0.1,10,6361,33,20,even
391,17.272727272727273,0.2795738283610531,0.1560263587277609,0.1932091672319597,0.4012969110604618,0.1813079675604795,0.0035099144998005,0.3012722321373998,0.1778888197439875,0.312152616624641,0.2294458581912833,10_sp_aij_37,8493390,0.1,10,6361,33,20,even
392,18.78787878787879,0.3464586051138622,0.1693915454760546,0.1915704446366263,0.4077689601889046,0.1766581880797199,0.0046993699145202,0.2595742052156255,0.1941078515798914,0.3093042336693654,0.2749120917503593,10_sp_aij_37,8493390,0.1,10,6361,33,20,even
393,20.303030303030305,0.4083694995744926,0.2297124330832822,0.1940226169449397,0.3030508381467071,0.1428770906217434,0.0072881626781681,0.2791170927050769,0.1977360803223748,0.4160250088657273,0.2330140738937875,10_sp_aij_37,8493390,0.1,10,6361,33,20,even
394,21.81818181818182,0.50848168943568,0.1621512698878515,0.2036701413523353,0.3642234761330211,0.1279997996534243,0.010084209774581,0.2181845898641665,0.2391913620764405,0.4067109497709483,0.2222441340598748,10_sp_aij_37,8493390,0.1,10,6361,33,20,even
395,23.63636363636364,0.3640831402885209,0.1921183772873154,0.1972416182522227,0.3128556573546416,0.1013996176244543,0.0093661979024922,0.2399319851667061,0.1785500094669824,0.3919735598690235,0.2562831117198788,10_sp_aij_37,8493390,0.1,10,6361,33,20,even
396,25.151515151515152,0.3728554226896055,0.1930434390985944,0.2053912776820214,0.3398812915420394,0.1642927176349106,0.015748310677605,0.242958366995253,0.200518525301565,0.2568137624961533,0.2617889660023855,10_sp_aij_37,8493390,0.1,10,6361,33,20,even
397,26.666666666666668,0.3573219416957577,0.1310448543228235,0.162148502467489,0.3932500105918048,0.1441881720292145,0.0161749247872947,0.273087869593782,0.1701228337223877,0.530402979551758,0.3128519249135014,10_sp_aij_37,8493390,0.1,10,6361,33,20,even
398,28.181818181818183,0.4862936678556673,0.1801323645095383,0.1506532788621275,0.3681857586199865,0.139548035024276,0.0093117034275521,0.2359236649563331,0.2079571245991467,0.382707130961295,0.2897966987878815,10_sp_aij_37,8493390,0.1,10,6361,33,20,even
399,30.0,0.440967061623707,0.2173438718465329,0.2303526176722772,0.3574841442274724,0.155789684133245,0.0100332980669585,0.2831730115388678,0.2037200117284696,0.407931696775771,0.2099254984870134,10_sp_aij_37,8493390,0.1,10,6361,33,20,even
400,0.0,0.09,0.06,0.02,0.05,0.08,0.04,0.07,0.03,0.01,0.06,10_sp_aij_37,8717317,0.1,10,6361,33,20,even
401,1.5151515151515151,0.1451987785074702,0.0699862270800869,0.0209009832216934,0.0790517624206928,0.1163388947704219,0.0871669543140438,0.0566159844191371,0.0705140777588153,0.0155504499435226,0.1105639787051572,10_sp_aij_37,8717317,0.1,10,6361,33,20,even
402,3.0303030303030303,0.2220256595569173,0.108264026405487,0.0269729934719125,0.1641748813887099,0.1312358953155719,0.1337411079194961,0.0811674532005756,0.1797087357211122,0.0377541518591092,0.1397616885363574,10_sp_aij_37,8717317,0.1,10,6361,33,20,even
403,4.545454545454546,0.246285878757569,0.0824189702363892,0.0377135383862877,0.1573235146551453,0.127511959058082,0.1353715056724453,0.070687190522673,0.2587720925783798,0.1027426681868778,0.1547174872414381,10_sp_aij_37,8717317,0.1,10,6361,33,20,even
404,6.0606060606060606,0.2319073189539879,0.0866789437454646,0.0861220762147342,0.1646447949344835,0.143816478527919,0.1241393148735685,0.0945347956270154,0.270209722492661,0.2144170303967437,0.2506341694743646,10_sp_aij_37,8717317,0.1,10,6361,33,20,even
405,7.878787878787879,0.3108786845627936,0.0535570216274047,0.1416738746526863,0.1809535200117197,0.1941709586222766,0.0646641681690928,0.1625199860749687,0.2031438714658456,0.4049540812787615,0.2460164177938842,10_sp_aij_37,8717317,0.1,10,6361,33,20,even
406,9.393939393939394,0.414638281428994,0.0986103357173216,0.1744727726239025,0.3179787775329697,0.1792514993656878,0.0482730572151961,0.249504041658996,0.1686783198515201,0.3623017474704804,0.2348350457010951,10_sp_aij_37,8717317,0.1,10,6361,33,20,even
407,10.90909090909091,0.4103603222457804,0.1351541887441983,0.1702837418174284,0.2544579959620474,0.1944482409155414,0.0553998003187932,0.4141780525201914,0.1753241279703702,0.2991194548057919,0.219102203059524,10_sp_aij_37,8717317,0.1,10,6361,33,20,even
408,12.424242424242424,0.3794785748844604,0.1502348686199908,0.1180485819121037,0.2672180999284584,0.2343724292844861,0.0703711239062289,0.325625749769274,0.172712229206164,0.2529793104357694,0.1765470951118171,10_sp_aij_37,8717317,0.1,10,6361,33,20,even
409,13.93939393939394,0.3440859232050157,0.1061348551733653,0.1370385297846189,0.3263760947209312,0.2155838920357038,0.0703066780757595,0.2196100423711665,0.3370228268198139,0.3511388819599103,0.2347651179599562,10_sp_aij_37,8717317,0.1,10,6361,33,20,even
410,15.757575757575758,0.4045894369644633,0.1049731923649556,0.2104711284493611,0.2722778278697523,0.2053655405064721,0.043599447463289,0.3100901339351338,0.2515102850592467,0.3898033858019231,0.2158654171413702,10_sp_aij_37,8717317,0.1,10,6361,33,20,even
411,17.272727272727273,0.4274225089290125,0.1253458965449058,0.1137325048767147,0.2505374282672715,0.1641918975556208,0.0597903813236881,0.2701980805131821,0.2534375720063898,0.3940296731488516,0.2130532407714022,10_sp_aij_37,8717317,0.1,10,6361,33,20,even
412,18.78787878787879,0.446431176402226,0.1247291840835516,0.167008209583344,0.2446359988928192,0.1412834069368228,0.0517875565592227,0.2833307019995911,0.2932106671860063,0.3648944391273843,0.1804174761843781,10_sp_aij_37,8717317,0.1,10,6361,33,20,even
413,20.303030303030305,0.4137572758281838,0.1561681293220174,0.2039218777057557,0.2291783009415373,0.0866321975416108,0.0476450142404402,0.2573873026591332,0.2482183020326996,0.3554222697598284,0.2101355431792742,10_sp_aij_37,8717317,0.1,10,6361,33,20,even
414,21.81818181818182,0.3640671456368249,0.1636539125237275,0.1966771942689988,0.3537953742311174,0.1354295839032878,0.0548743495325823,0.1996402525770131,0.2531731778032807,0.2753228055477612,0.210320659615289,10_sp_aij_37,8717317,0.1,10,6361,33,20,even
415,23.63636363636364,0.3584341683380669,0.2086985683354057,0.2092056827237038,0.2788544642025066,0.1260270401496729,0.0510276987088956,0.1864005832237213,0.2437583220882046,0.3643481404808369,0.1846620459951453,10_sp_aij_37,8717317,0.1,10,6361,33,20,even
416,25.151515151515152,0.4002015671401996,0.1403275221895743,0.1180849277222837,0.3210582055097795,0.1195952094085424,0.0418916750712941,0.1934387198526219,0.2833340272946029,0.2805514842748093,0.2484097258020949,10_sp_aij_37,8717317,0.1,10,6361,33,20,even
417,26.666666666666668,0.4999808227783391,0.2006928927221295,0.1117809815698848,0.3542762081461449,0.1218941915980982,0.0260937066280576,0.1947635490119563,0.2584571317284985,0.3934271423556604,0.2630487265500434,10_sp_aij_37,8717317,0.1,10,6361,33,20,even
418,28.181818181818183,0.4532534633942162,0.221444219115191,0.2135245911602153,0.3394266598087135,0.1273934485252384,0.0227610492843224,0.2414865172290654,0.2085415642001464,0.3730435759673159,0.2900343447591503,10_sp_aij_37,8717317,0.1,10,6361,33,20,even
419,30.0,0.4442109486049126,0.2311160351570424,0.2361914603714321,0.4078262000421864,0.0950687102525197,0.0241164178995561,0.1721392265844467,0.2160237957743611,0.3532955822044181,0.1962252543486481,10_sp_aij_37,8717317,0.1,10,6361,33,20,even
420,0.0,0.09,0.09,0.08,0.08,0.08,0.06,0.04,0.01,0.09,0.02,10_sp_aij_37,8982779,0.1,10,6361,33,20,even
421,1.5151515151515151,0.28432991000201,0.112622972228085,0.0647078355030152,0.1061627134623133,0.1020569612820739,0.0898235940660752,0.0604003722162264,0.0323896412037329,0.0918053572943051,0.0243649565618791,10_sp_aij_37,8982779,0.1,10,6361,33,20,even
422,3.0303030303030303,0.3386407050794103,0.1492478251022058,0.0596723115961478,0.153206962702749,0.0960709930361369,0.1950220330422561,0.0738339780712628,0.1089859702259804,0.0980070275941818,0.0518979258892051,10_sp_aij_37,8982779,0.1,10,6361,33,20,even
423,4.545454545454546,0.3742127760087611,0.1394589468614132,0.0627052846577942,0.1767113862353175,0.1080860681142679,0.2052467264967692,0.12663066554266,0.2181755544397227,0.1172472772981173,0.1023098563451622,10_sp_aij_37,8982779,0.1,10,6361,33,20,even
424,6.0606060606060606,0.3712026683046873,0.132477134125082,0.0656776021938147,0.2454900284760078,0.1747680613950925,0.1999385255350151,0.0975647481464918,0.3327592677172877,0.1285745086479746,0.1361898774552324,10_sp_aij_37,8982779,0.1,10,6361,33,20,even
425,7.878787878787879,0.309288382092389,0.1127441765481174,0.0837624887117476,0.2917400560029697,0.1791807359700018,0.0910697997322113,0.1195345162060795,0.2686789477504164,0.2950908665066775,0.2348328795629613,10_sp_aij_37,8982779,0.1,10,6361,33,20,even
426,9.393939393939394,0.3084444816470241,0.1045446442100114,0.1110596491918626,0.2269458473161247,0.1662618818708739,0.0668296715275584,0.1816355915309373,0.3403919856825632,0.4068751750211017,0.3050254703464549,10_sp_aij_37,8982779,0.1,10,6361,33,20,even
427,10.90909090909091,0.4526643072307301,0.0905019608643899,0.177988909363424,0.3218197336694442,0.2206119712194767,0.0391311545100057,0.2281751820941949,0.2783209882543947,0.3712254394253939,0.2867284817101889,10_sp_aij_37,8982779,0.1,10,6361,33,20,even
428,12.424242424242424,0.4180696921743201,0.1458709293202012,0.1778268249169286,0.3805416197923627,0.1444660012229234,0.0233231753866152,0.3080622011666931,0.1929760121509725,0.4868098594580239,0.2508557121418277,10_sp_aij_37,8982779,0.1,10,6361,33,20,even
429,13.93939393939394,0.4004190125391311,0.1678209803638894,0.1751613912494181,0.5055985139555101,0.1422069207045662,0.0195731001519569,0.3154208660503872,0.2140846161866139,0.3540172320676179,0.2077878110542295,10_sp_aij_37,8982779,0.1,10,6361,33,20,even
430,15.757575757575758,0.3613661473496159,0.2388628840910419,0.1504240175968521,0.3771316278457097,0.1393140421045444,0.0333492562314164,0.3956936153543,0.1694828494170542,0.3482582819025723,0.1913889130007973,10_sp_aij_37,8982779,0.1,10,6361,33,20,even
431,17.272727272727273,0.3489263444265036,0.2844452954470048,0.1665277969467083,0.4449484160331017,0.1679239105481343,0.0579914100890996,0.2983318021017288,0.1523076554995072,0.296575845632529,0.2016341467253098,10_sp_aij_37,8982779,0.1,10,6361,33,20,even
432,18.78787878787879,0.3886087978038321,0.2708194849589602,0.1528177662583371,0.3564496316621044,0.1442465310462762,0.0667897476065103,0.2728002878321839,0.1714118773864068,0.2751958466347033,0.2367866097068201,10_sp_aij_37,8982779,0.1,10,6361,33,20,even
433,20.303030303030305,0.4915761831553686,0.221398264753131,0.1919278465528925,0.3180098736127529,0.1323186111141318,0.0682627846002619,0.2079222059883271,0.1844535516297253,0.3385782772778101,0.1931904276617362,10_sp_aij_37,8982779,0.1,10,6361,33,20,even
434,21.81818181818182,0.3454312685607482,0.2104019874559708,0.115115369055499,0.3060206224742458,0.112659944890348,0.0590553669693629,0.2783750090292218,0.1550257565813104,0.3426664141237814,0.2002651587058706,10_sp_aij_37,8982779,0.1,10,6361,33,20,even
435,23.63636363636364,0.323542752784717,0.2660844217250494,0.1141131756230683,0.3428214232843099,0.1397872348227163,0.0536292706262462,0.2943879002112159,0.156313304999128,0.2931786256593239,0.1950917968808213,10_sp_aij_37,8982779,0.1,10,6361,33,20,even
436,25.151515151515152,0.353833257577269,0.1977510872075184,0.1473137258975112,0.2811392839327069,0.1958015699970091,0.0732638461115423,0.2332973935803074,0.239352039217729,0.2648911066029352,0.1982409631652445,10_sp_aij_37,8982779,0.1,10,6361,33,20,even
437,26.666666666666668,0.3979798672814759,0.141349261299919,0.1787926740170012,0.3049839662675356,0.1826902906671394,0.0572391043067642,0.257455705107072,0.2145807148972793,0.3397166387858913,0.1912343630757181,10_sp_aij_37,8982779,0.1,10,6361,33,20,even
438,28.181818181818183,0.3782864750960223,0.1406879127226374,0.1439455592361445,0.2867766462919905,0.1381919414159385,0.0653336655559881,0.3076028407264247,0.2025624440505705,0.3736961131106072,0.255796300034071,10_sp_aij_37,8982779,0.1,10,6361,33,20,even
439,30.0,0.3709408698617341,0.1484788535940756,0.1873820273385329,0.3969759401594671,0.2076675768003679,0.051052394970285,0.2703172084069752,0.2295937253915891,0.2873086740122938,0.2682665318058611,10_sp_aij_37,8982779,0.1,10,6361,33,20,even
440,0.0,0.06,0.08,0.04,0.05,0.07,0.09,0.05,0.09,0.04,0.05,10_sp_aij_37,9036584,0.1,10,6361,33,20,even
441,1.5151515151515151,0.1880153057828232,0.0814698744428273,0.0444897824409382,0.0916005788802889,0.1576105436317675,0.1569712570325726,0.0639710363698251,0.1484879318893361,0.047396160228639,0.0846717608122126,10_sp_aij_37,9036584,0.1,10,6361,33,20,even
442,3.0303030303030303,0.2747605701746398,0.0738766790587041,0.057302206345849,0.0955565449249897,0.2012209213995481,0.1718853805965567,0.0989019166795326,0.2463880506959577,0.0983749348652225,0.1694582385329842,10_sp_aij_37,9036584,0.1,10,6361,33,20,even
443,4.545454545454546,0.3113857718199107,0.040869102364841,0.0749304848979729,0.163115691847307,0.2955589912699114,0.1755064884489573,0.141039117466976,0.2570099806945132,0.2096137358902021,0.1700726350450064,10_sp_aij_37,9036584,0.1,10,6361,33,20,even
444,6.0606060606060606,0.3434022930025837,0.0551294399545556,0.0608896630425222,0.1618996972791221,0.1440838998330282,0.1499658414032647,0.2237568217044883,0.2643106864124573,0.2962480139943538,0.2166318528309764,10_sp_aij_37,9036584,0.1,10,6361,33,20,even
445,7.878787878787879,0.3496667436512782,0.0484195989994112,0.0858864018112014,0.2074818594853524,0.1484948687455869,0.0766715457872556,0.1975116091787461,0.2345579975233727,0.330858942058447,0.179672847324144,10_sp_aij_37,9036584,0.1,10,6361,33,20,even
446,9.393939393939394,0.3212354425472236,0.0483595965760492,0.1139069877690806,0.2486266360226996,0.1870974553704553,0.0850610701906053,0.2057546563983357,0.2768278936879212,0.30417619736006,0.1796955650817471,10_sp_aij_37,9036584,0.1,10,6361,33,20,even
447,10.90909090909091,0.3764385940555793,0.0973705896333127,0.1288619468321933,0.2464533831957854,0.1238420580720138,0.0785461374601156,0.1705561249735379,0.1916863403825674,0.3228742728009026,0.1867346422630334,10_sp_aij_37,9036584,0.1,10,6361,33,20,even
448,12.424242424242424,0.3791066249045476,0.1508761516127915,0.1412082116398965,0.2168801600276133,0.1394798180192636,0.0682443022393571,0.1708984357275303,0.2025035211741451,0.286585163356169,0.2309525908773915,10_sp_aij_37,9036584,0.1,10,6361,33,20,even
449,13.93939393939394,0.4326560335406202,0.1351260937011181,0.1533862878091322,0.3447021285408764,0.1084234501380717,0.0733883093320884,0.1611141821887793,0.2414334782230121,0.3435967154643923,0.2490887105636137,10_sp_aij_37,9036584,0.1,10,6361,33,20,even
450,15.757575757575758,0.4283096691267062,0.1268357160999205,0.1286563540187175,0.17821377456912,0.1198413030642973,0.0515211918627941,0.2110617923479396,0.260146076476328,0.3617709290950113,0.2770026178611541,10_sp_aij_37,9036584,0.1,10,6361,33,20,even
451,17.272727272727273,0.4432189888528692,0.1461353236861411,0.1324624936845672,0.3950634934993575,0.1466031340445892,0.0469901074382152,0.1901696884893349,0.3219636897539987,0.37654515495587,0.279072803720149,10_sp_aij_37,9036584,0.1,10,6361,33,20,even
452,18.78787878787879,0.4332257877723603,0.1141636525427491,0.1922882172098203,0.2765980084656455,0.1153014280146221,0.0290234842969398,0.2391877900340822,0.3576638634262587,0.4492434870713775,0.2733461593180784,10_sp_aij_37,9036584,0.1,10,6361,33,20,even
453,20.303030303030305,0.4251898554406972,0.1465961506845008,0.1764960294544668,0.3191986213082483,0.1024441527822133,0.0256514258720082,0.1686606373608709,0.2127776988828048,0.3229405672918626,0.221434543194764,10_sp_aij_37,9036584,0.1,10,6361,33,20,even
454,21.81818181818182,0.4300084670900949,0.1984155716765427,0.1335402335497094,0.2990923239271196,0.1032106957716166,0.0251918237564308,0.1716791234601298,0.2419402490163066,0.4900097261548777,0.2650810132261808,10_sp_aij_37,9036584,0.1,10,6361,33,20,even
455,23.63636363636364,0.4064217667319291,0.1430857799589005,0.196296174604639,0.2846312395585034,0.0947373156806462,0.0216089655302942,0.2414023271202446,0.2977246131588947,0.4348655340762326,0.2453950004119822,10_sp_aij_37,9036584,0.1,10,6361,33,20,even
456,25.151515151515152,0.5180858320849105,0.1423245420951636,0.1725029277885668,0.2900368421763284,0.0874825925129769,0.0181356718623974,0.2435976144478656,0.2047511402389993,0.3695219841262034,0.1944786659652669,10_sp_aij_37,9036584,0.1,10,6361,33,20,even
457,26.666666666666668,0.3763400953676092,0.1795575033378777,0.1868009977655649,0.3587841425550563,0.0954679000663134,0.025801061502552,0.2110291730940616,0.2698997249998908,0.3938322749071464,0.2795709475092718,10_sp_aij_37,9036584,0.1,10,6361,33,20,even
458,28.181818181818183,0.2604521475406729,0.1747547435402428,0.1949949014984199,0.3292224353567324,0.1222399190525512,0.0320950718765167,0.2864918541643036,0.1588730819536971,0.3970043919511026,0.2494981456373314,10_sp_aij_37,9036584,0.1,10,6361,33,20,even
459,30.0,0.3507202021754012,0.1656133992743109,0.1962083446626535,0.3387190978086744,0.0960218319444462,0.0408793430627314,0.2322555506928532,0.1928996438487067,0.295861438516163,0.2214957024474964,10_sp_aij_37,9036584,0.1,10,6361,33,20,even
460,0.0,0.04,0.04,0.01,0.03,0.01,0.01,0.03,0.03,0.05,0.01,10_sp_aij_37,9104526,0.1,10,6361,33,20,even
461,1.5151515151515151,0.161551623266362,0.0719785343002542,0.0103190317782307,0.0763891488810698,0.020058785318751,0.0234978744812108,0.046331367142859,0.0528537119935311,0.0599273083864386,0.0272616833492646,10_sp_aij_37,9104526,0.1,10,6361,33,20,even
462,3.0303030303030303,0.2463322719658125,0.1201583822686489,0.0179560494616241,0.1240255870927827,0.0549845432611324,0.0488810259585578,0.05062950628959,0.1511634386389858,0.0639098764956453,0.0729241982959538,10_sp_aij_37,9104526,0.1,10,6361,33,20,even
463,4.545454545454546,0.3486828990782749,0.1190860683164736,0.0342609973177095,0.2048393043735562,0.0743492643929816,0.0723226805383905,0.0427025497749216,0.3159851901449337,0.1232889726786463,0.160246554851946,10_sp_aij_37,9104526,0.1,10,6361,33,20,even
464,6.0606060606060606,0.4419587521594169,0.0971928575956201,0.0857011584355606,0.2101292452864019,0.0905713451325974,0.0730482980787744,0.0547511885483555,0.2984845309191151,0.253988122034554,0.2346460925310661,10_sp_aij_37,9104526,0.1,10,6361,33,20,even
465,7.878787878787879,0.4159195004959563,0.1277549032232654,0.1125607745003769,0.2877522611561778,0.1014557225538339,0.0281324756098219,0.113991098465706,0.2487360740849943,0.391372292059105,0.2369436647971458,10_sp_aij_37,9104526,0.1,10,6361,33,20,even
466,9.393939393939394,0.4388504104962561,0.1063418225251774,0.1356675314825863,0.3042763464955503,0.1101945743618509,0.0217836619240105,0.2101873443173606,0.2598872231409621,0.4520186412589715,0.2371096094298929,10_sp_aij_37,9104526,0.1,10,6361,33,20,even
467,10.90909090909091,0.3585139107929649,0.0995907734262274,0.1511116208375363,0.3841686909698613,0.1117973500806615,0.0143676355904195,0.291000295028304,0.2661615924242829,0.4114459087934914,0.2585509808837647,10_sp_aij_37,9104526,0.1,10,6361,33,20,even
468,12.424242424242424,0.3948747135874718,0.2059856468734668,0.1595430488789397,0.3194783666252446,0.1311381179677771,0.0155138088727119,0.2619822827546411,0.2520788919578218,0.3686918134801423,0.2584536697160849,10_sp_aij_37,9104526,0.1,10,6361,33,20,even
469,13.93939393939394,0.37187426740048,0.1901764216542059,0.1359353854567078,0.3350380783032525,0.1395624239428324,0.0183134788051281,0.2008027771782177,0.2354583361437238,0.3493739949488053,0.2308909894259446,10_sp_aij_37,9104526,0.1,10,6361,33,20,even
470,15.757575757575758,0.4571416698388227,0.1850545690403907,0.1315676605246312,0.2408513254700612,0.1354918595210403,0.0168224273671845,0.2934145474582555,0.2008368422775842,0.3424725396359852,0.3050714842915554,10_sp_aij_37,9104526,0.1,10,6361,33,20,even
471,17.272727272727273,0.431798535100445,0.2009044182517363,0.1440015565689889,0.3620101172362246,0.1708113647700362,0.020570801056317,0.2441636737886075,0.2104922690442053,0.3505929548718118,0.2137580488622813,10_sp_aij_37,9104526,0.1,10,6361,33,20,even
472,18.78787878787879,0.3706329928075769,0.1881833484634477,0.1779290647966414,0.3133449378017381,0.0967982974813629,0.0242243787869417,0.2413046835578995,0.1803683093954547,0.43028844786149,0.2330239676222521,10_sp_aij_37,9104526,0.1,10,6361,33,20,even
473,20.303030303030305,0.3736811058004567,0.226464936297472,0.2006018064174028,0.3005305447524622,0.0644327137017546,0.0261200359637731,0.1009163786338858,0.189658619942501,0.3304959718160012,0.3047270429464111,10_sp_aij_37,9104526,0.1,10,6361,33,20,even
474,21.81818181818182,0.4560920885819816,0.2314018921939602,0.1540930494030895,0.2702839478885147,0.0694751613375551,0.0170717327929062,0.139251858124529,0.265537242164386,0.3071566108179829,0.2488792381085271,10_sp_aij_37,9104526,0.1,10,6361,33,20,even
475,23.63636363636364,0.4001644242369384,0.1634374320887551,0.1183604180861239,0.2836794559295119,0.0921334736543115,0.0155306232913763,0.2336698411692067,0.1774310162835145,0.3746403490327921,0.2529989408694508,10_sp_aij_37,9104526,0.1,10,6361,33,20,even
476,25.151515151515152,0.3971728521462176,0.1738288524787534,0.150415843509333,0.3477276646448927,0.1082268995947567,0.0193501568885634,0.2269449145935155,0.2581793784210259,0.3790977221494841,0.2499383259724813,10_sp_aij_37,9104526,0.1,10,6361,33,20,even
477,26.666666666666668,0.2990166092025922,0.1378946446541889,0.1606163956225064,0.3735042265784839,0.1030332218288848,0.0154043875558556,0.248323180936532,0.1746770661052982,0.4063281694735924,0.2742834812994119,10_sp_aij_37,9104526,0.1,10,6361,33,20,even
478,28.181818181818183,0.4318516579924669,0.1520616814771878,0.2816783659281242,0.3133280908149765,0.1326894151165136,0.0185728896644509,0.208844719264526,0.2011583228979112,0.3029198740264271,0.2837399016866549,10_sp_aij_37,9104526,0.1,10,6361,33,20,even
479,30.0,0.4336320411275031,0.1610530180802324,0.2686208792098203,0.3487643545873516,0.0836766403382086,0.0149317134736133,0.2371693205241398,0.1579109616196402,0.3076628577156778,0.2274137105206104,10_sp_aij_37,9104526,0.1,10,6361,33,20,even
480,0.0,0.09,0.09,0.01,0.06,0.03,0.04,0.04,0.04,0.04,0.01,10_sp_aij_37,9275155,0.1,10,6361,33,20,even
481,1.5151515151515151,0.2348272399162271,0.1557861851904332,0.0066600418817869,0.0810571791299285,0.0461726395398159,0.0758716854177329,0.0436686102519264,0.1447934892704726,0.0470556458066148,0.020312364015161,10_sp_aij_37,9275155,0.1,10,6361,33,20,even
482,3.0303030303030303,0.3679897474083639,0.1794481749371529,0.0072414878791894,0.0895500813464173,0.0613491464373728,0.1275606565899592,0.0365923001426253,0.2520627146655977,0.0859100769350467,0.0446165416084101,10_sp_aij_37,9275155,0.1,10,6361,33,20,even
483,4.545454545454546,0.387568821692887,0.1174199467497712,0.0141690505778925,0.1148264266708628,0.1025105975973014,0.1581696004841616,0.063977747191956,0.3418441688046555,0.1634542109681001,0.1099067124999329,10_sp_aij_37,9275155,0.1,10,6361,33,20,even
484,6.0606060606060606,0.331383929191618,0.1029505902438666,0.0202325178082234,0.1833869957688346,0.1349939052474665,0.106722090895963,0.0919380544046059,0.3747400880813649,0.3285024002540394,0.2302794098800205,10_sp_aij_37,9275155,0.1,10,6361,33,20,even
485,7.878787878787879,0.3861282397754452,0.0881956089904963,0.0263405103402212,0.248280622265515,0.0828307601314628,0.0578428006499186,0.171533437821159,0.4026808961549285,0.3890569631030455,0.3101967621530726,10_sp_aij_37,9275155,0.1,10,6361,33,20,even
486,9.393939393939394,0.3866367994572272,0.0798014937145505,0.0663199634309607,0.259259493169228,0.1129157366378988,0.0509111331249661,0.15994798476996,0.2419142550361272,0.3936954924617885,0.2530386871849052,10_sp_aij_37,9275155,0.1,10,6361,33,20,even
487,10.90909090909091,0.3943637517499372,0.0755930792362908,0.1016995665632441,0.261244841311908,0.1249192639359507,0.0459589816398487,0.1367401933961652,0.1918458583819677,0.2389478412679325,0.2594477692330393,10_sp_aij_37,9275155,0.1,10,6361,33,20,even
488,12.424242424242424,0.3962360581907394,0.1150270896372584,0.1664967213513337,0.2836917856533422,0.1604381265866389,0.0465020589784374,0.1806652460446274,0.2382870698029286,0.334751348162367,0.2844244972158065,10_sp_aij_37,9275155,0.1,10,6361,33,20,even
489,13.93939393939394,0.436528708622582,0.1243609478636869,0.2111240053318879,0.340211438815787,0.1646877429459557,0.049777215231011,0.249010246552087,0.2360002827231095,0.2624511895992371,0.2337253467460825,10_sp_aij_37,9275155,0.1,10,6361,33,20,even
490,15.757575757575758,0.3952003547166156,0.214177369749165,0.2138645073740002,0.340924685894992,0.1456001255944483,0.0347163702948531,0.2119815564665092,0.1974464056816479,0.3117742074306331,0.3250085812290836,10_sp_aij_37,9275155,0.1,10,6361,33,20,even
491,17.272727272727273,0.4415207026843574,0.1981320245704256,0.2045190523506208,0.3647512322631719,0.0794731627685551,0.036482370045121,0.2122465680598743,0.2132755253892544,0.3588312597311557,0.2206389075840719,10_sp_aij_37,9275155,0.1,10,6361,33,20,even
492,18.78787878787879,0.3482942175310296,0.2235043911105983,0.1646962075387403,0.3244307865204801,0.091754847137711,0.0323528178068198,0.23338721662396,0.2588303491687541,0.2886537329750641,0.2298152180392064,10_sp_aij_37,9275155,0.1,10,6361,33,20,even
493,20.303030303030305,0.3356532032937792,0.1876563305992206,0.1691330879509629,0.2830496592340258,0.1004971400252662,0.0418069628064588,0.2527042599969601,0.2890528957636341,0.3677382343799181,0.2606843237139022,10_sp_aij_37,9275155,0.1,10,6361,33,20,even
494,21.81818181818182,0.3905517470864405,0.1265989757333665,0.1520046626422865,0.3764688746355542,0.1224102706788518,0.0378508100125083,0.2964946733537539,0.2026432206348185,0.419539459596799,0.2402671527776532,10_sp_aij_37,9275155,0.1,10,6361,33,20,even
495,23.63636363636364,0.4128295909093615,0.1728418603895099,0.2139281885374084,0.3541764016273773,0.1062869400683719,0.019840910615166,0.1773442391988512,0.1974301158403202,0.3849130786736283,0.2646129553676406,10_sp_aij_37,9275155,0.1,10,6361,33,20,even
496,25.151515151515152,0.4463782071439283,0.211690154438139,0.1778124195170373,0.3693284064460046,0.1279327240817901,0.0207689620483409,0.1872908036974784,0.2032495454961214,0.37778902567131,0.2443432146090676,10_sp_aij_37,9275155,0.1,10,6361,33,20,even
497,26.666666666666668,0.4235080789310425,0.2106478035689795,0.1459610130642259,0.4042701113905663,0.0954472608686552,0.0191710421755811,0.2819213113064602,0.1731539446702323,0.3903186054148565,0.1698266024071472,10_sp_aij_37,9275155,0.1,10,6361,33,20,even
498,28.181818181818183,0.4038194136608878,0.1840845655416974,0.1587456035482203,0.3819843577119933,0.0797184907816483,0.022795391377652,0.1931209410604075,0.2113126769911761,0.3728382079706962,0.1538902703869653,10_sp_aij_37,9275155,0.1,10,6361,33,20,even
499,30.0,0.3850217657576793,0.2390195186266601,0.1523693577453132,0.35962450184264,0.112697090671708,0.0204078624446639,0.177398587182788,0.2091325900149332,0.3939812646699979,0.2885611674374136,10_sp_aij_37,9275155,0.1,10,6361,33,20,even
500,0.0,0.06,0.06,0.01,0.01,0.01,0.08,0.08,0.04,0.04,0.05,10_sp_aij_37,9845126,0.1,10,6361,33,20,even
501,1.5151515151515151,0.1780699641201579,0.0870292615213762,0.0103917261570394,0.0246256519045681,0.0228132135257428,0.1481329757873326,0.0568245121444756,0.0817559189499411,0.0398530463418498,0.0799004741264581,10_sp_aij_37,9845126,0.1,10,6361,33,20,even
502,3.0303030303030303,0.2541343447922877,0.0978329734225352,0.0174098320346568,0.0687304345532665,0.0610168643434451,0.1750851293023959,0.0531777933483249,0.1927565022430788,0.0767318251781059,0.0958201739615181,10_sp_aij_37,9845126,0.1,10,6361,33,20,even
503,4.545454545454546,0.3502998606659016,0.075058028707018,0.0201875786064668,0.0722612154232748,0.0712588527616206,0.1807802083186835,0.0647162158674276,0.253647548830754,0.113942050256049,0.142088976950393,10_sp_aij_37,9845126,0.1,10,6361,33,20,even
504,6.0606060606060606,0.307056737294859,0.0700641714418142,0.0257032356100895,0.1151107761800619,0.0927016307191362,0.1628596250353598,0.0918258417479365,0.2461464837182232,0.1658556436417327,0.1614719189381162,10_sp_aij_37,9845126,0.1,10,6361,33,20,even
505,7.878787878787879,0.3812490457597959,0.0564840228014741,0.0514298154666656,0.1324168064220829,0.087718004704085,0.1168536016841429,0.0988446340477114,0.3863260820094221,0.1714520014739466,0.2242361962179616,10_sp_aij_37,9845126,0.1,10,6361,33,20,even
506,9.393939393939394,0.3538157365669858,0.0605993489442164,0.0992806072772995,0.2071295629062828,0.1043395014070774,0.1111134883938206,0.1303915136691232,0.3771214331927177,0.332311261501396,0.2730261861969634,10_sp_aij_37,9845126,0.1,10,6361,33,20,even
507,10.90909090909091,0.3723954373564092,0.0939184439742794,0.1994456275587767,0.2598903616583684,0.1111574562565973,0.0592005181421043,0.1743856946011488,0.2682751711949519,0.3841117774639677,0.3405780118395329,10_sp_aij_37,9845126,0.1,10,6361,33,20,even
508,12.424242424242424,0.4029457161721226,0.1410581274067712,0.2084834720078446,0.2238838952271076,0.096500950551972,0.0669982813744355,0.1697381974578088,0.243167088972937,0.2961259276879111,0.2128660970521558,10_sp_aij_37,9845126,0.1,10,6361,33,20,even
509,13.93939393939394,0.3997852376783269,0.1749402049187247,0.2037559290338619,0.2639695186810287,0.0888792329342965,0.0458875538313005,0.1966725676024422,0.2603422962118447,0.3812504568987845,0.2635457044495713,10_sp_aij_37,9845126,0.1,10,6361,33,20,even
510,15.757575757575758,0.4835622415512666,0.1403805291091427,0.1658199195928882,0.3576661471151646,0.1114475041875558,0.037574969767667,0.2058042863020162,0.2910505061949537,0.3082274549092484,0.1821044088696433,10_sp_aij_37,9845126,0.1,10,6361,33,20,even
511,17.272727272727273,0.4039659062881968,0.1429639552338918,0.2093517675550194,0.3056356633757866,0.0886543563644413,0.0367924736812352,0.2383893820882879,0.2350201850761376,0.2945378209363551,0.2633666558177623,10_sp_aij_37,9845126,0.1,10,6361,33,20,even
512,18.78787878787879,0.3935866428011391,0.16978674567482,0.2482823030960402,0.3258625415930772,0.1416684860200833,0.0470744120609047,0.2259734402712863,0.1594419993804573,0.338617928821513,0.2323333795718567,10_sp_aij_37,9845126,0.1,10,6361,33,20,even
513,20.303030303030305,0.3174191299342206,0.1845465360251355,0.1376553399578264,0.2828418316631505,0.1456313582886302,0.0476718847837492,0.2306798623934148,0.1850970084189198,0.2395480869908694,0.3003495276000716,10_sp_aij_37,9845126,0.1,10,6361,33,20,even
514,21.81818181818182,0.3726409447570976,0.1909134934101437,0.1245340041460659,0.3389300725445798,0.2307911969680562,0.0699626059918544,0.2590683549616027,0.2046724185821779,0.3273596782781788,0.2516325190213941,10_sp_aij_37,9845126,0.1,10,6361,33,20,even
515,23.63636363636364,0.4871741313602608,0.2089941434200919,0.1421482065278492,0.2921628041312367,0.1239188184549407,0.0624034376666132,0.2224560644302725,0.1794441801540105,0.2624715782765379,0.2665780608412221,10_sp_aij_37,9845126,0.1,10,6361,33,20,even
516,25.151515151515152,0.4283003947855087,0.2566512682907683,0.1731859060065344,0.1813307459613341,0.1337709455342955,0.0583741245867156,0.1857566175135445,0.191549978615641,0.3054874055074741,0.2142809043968362,10_sp_aij_37,9845126,0.1,10,6361,33,20,even
517,26.666666666666668,0.3821862619492167,0.1573035839283815,0.0943778051203646,0.3025828079219317,0.1067704887909569,0.0676360417567443,0.1911429986865828,0.2324373279796926,0.3846622426890646,0.2648968773791471,10_sp_aij_37,9845126,0.1,10,6361,33,20,even
518,28.181818181818183,0.3844035429347371,0.1279020022455248,0.1997857340641179,0.2602188909723779,0.0957278926721896,0.0687689376082243,0.2101994699988564,0.2701641993021063,0.318432812630968,0.2173223519994691,10_sp_aij_37,9845126,0.1,10,6361,33,20,even
519,30.0,0.4199192678384872,0.126420263793207,0.1884771680639036,0.2825598806652407,0.1325817864001024,0.071318937784709,0.162575024420649,0.2277889663063489,0.2774696055478289,0.1835029509342443,10_sp_aij_37,9845126,0.1,10,6361,33,20,even
520,0.0,0.07,0.06,0.07,0.04,0.06,0.08,0.06,0.06,0.06,0.08,10_sp_aij_37,10011807,0.1,10,6361,33,20,even
521,1.5151515151515151,0.1546714212140713,0.0873801933470229,0.052759084488727,0.0979011551313795,0.1047687778266414,0.1368724280306563,0.071130599068323,0.1208036351268573,0.0844200663484343,0.1282860638793346,10_sp_aij_37,10011807,0.1,10,6361,33,20,even
522,3.0303030303030303,0.2335981582605162,0.0877601287010862,0.0318500541823498,0.1367860446253936,0.1162370615106711,0.1338549995727149,0.0644878778928607,0.2413416026964166,0.1473527066168158,0.1988707334387605,10_sp_aij_37,10011807,0.1,10,6361,33,20,even
523,4.545454545454546,0.2661515952026742,0.0916134558493309,0.0573049246564808,0.2044378825600476,0.1888577207891179,0.1067164144384421,0.1079155645469244,0.2696331885500079,0.1987137242483371,0.2040973787885277,10_sp_aij_37,10011807,0.1,10,6361,33,20,even
524,6.0606060606060606,0.3648432084874023,0.1139083788560347,0.0757453227311991,0.2282917570723083,0.2109117662584764,0.0935687098867356,0.1874641982787666,0.2372008617862865,0.1777717100567499,0.2116767855648557,10_sp_aij_37,10011807,0.1,10,6361,33,20,even
525,7.878787878787879,0.3105760616976794,0.0614802768741989,0.1054829947436786,0.2860357428831629,0.2380231072425022,0.0970829934382347,0.2170816675212672,0.2720491465757765,0.3184174738598943,0.2143891883574676,10_sp_aij_37,10011807,0.1,10,6361,33,20,even
526,9.393939393939394,0.3544649666025261,0.0680187410473103,0.1346432217745682,0.3243486984732019,0.1966237999788242,0.068156623162305,0.2537162471715339,0.3651816341510207,0.3995379305312239,0.2437121743864401,10_sp_aij_37,10011807,0.1,10,6361,33,20,even
527,10.90909090909091,0.2506344137494012,0.0585178989978969,0.1565935134692021,0.2945995630607309,0.1761428927014305,0.067149953027237,0.2307834841283302,0.2683320522549628,0.2682707199133727,0.2633514045509599,10_sp_aij_37,10011807,0.1,10,6361,33,20,even
528,12.424242424242424,0.3492041549554289,0.073274054426169,0.1813580223524885,0.2746574398487681,0.1912240747854773,0.0581955071793067,0.2346670358563984,0.2065216731304235,0.2864698142548784,0.273456286822633,10_sp_aij_37,10011807,0.1,10,6361,33,20,even
529,13.93939393939394,0.3611762034887573,0.1060834653313455,0.1591877916836774,0.2757827676979398,0.1375702483385703,0.0247107616639419,0.1740192175429201,0.2275097178345271,0.3033236054851801,0.2795955861312891,10_sp_aij_37,10011807,0.1,10,6361,33,20,even
530,15.757575757575758,0.3342129047070975,0.1187351834516973,0.1669114384353385,0.278192394191768,0.1272621738918601,0.0166235548958918,0.2576844575706142,0.2138201044694437,0.3614427354588056,0.2542237873024285,10_sp_aij_37,10011807,0.1,10,6361,33,20,even
531,17.272727272727273,0.3713443256363135,0.1480375256116048,0.2014738566635212,0.3279475107527035,0.1035080598277619,0.0176197912719569,0.2738775148094514,0.1908675597745577,0.3008859135222719,0.2233111589666132,10_sp_aij_37,10011807,0.1,10,6361,33,20,even
532,18.78787878787879,0.4121586286704531,0.1556045369821772,0.1635517464882608,0.2851940634111438,0.1281784196574912,0.0272593630197584,0.2522546562414381,0.1448798542869142,0.3255264769313568,0.3152080903195649,10_sp_aij_37,10011807,0.1,10,6361,33,20,even
533,20.303030303030305,0.4116169788528435,0.1473896270743207,0.1729696516116563,0.4181569649505738,0.1495219710335453,0.0287428375244316,0.2166418162751887,0.1601985475970654,0.3810535246518837,0.2829756425190327,10_sp_aij_37,10011807,0.1,10,6361,33,20,even
534,21.81818181818182,0.3513787015964694,0.1634517223090808,0.2497531984068548,0.4253236890305382,0.1569986955957034,0.0180340400189179,0.3458749517293908,0.1771142853506559,0.4402007666983354,0.2380436853653272,10_sp_aij_37,10011807,0.1,10,6361,33,20,even
535,23.63636363636364,0.3772148791549902,0.1483082766446649,0.1857850947581235,0.3347235964552429,0.1466780673560444,0.0156236268488422,0.2349321960401937,0.1704149617240668,0.3805987256100383,0.2574692464451912,10_sp_aij_37,10011807,0.1,10,6361,33,20,even
536,25.151515151515152,0.471004122711037,0.2057795552077099,0.1674518111798273,0.4347566545045629,0.1407023094281521,0.0113471970074996,0.2901160139771673,0.1680157897588665,0.3829091074560853,0.2049101971819535,10_sp_aij_37,10011807,0.1,10,6361,33,20,even
537,26.666666666666668,0.4035737153320427,0.2079538108485578,0.1619088385103417,0.3849724571544395,0.1621152937586074,0.0116872394954709,0.3330282826092192,0.2036430325206294,0.428305057175935,0.2214590175968327,10_sp_aij_37,10011807,0.1,10,6361,33,20,even
538,28.181818181818183,0.4756124947304918,0.1844626411700218,0.1871737112546132,0.3931438763070287,0.1430428282040142,0.0140226491233439,0.2880122157266889,0.1905308654578324,0.3351899035159587,0.1974929576756047,10_sp_aij_37,10011807,0.1,10,6361,33,20,even
539,30.0,0.4067342840144325,0.1726351335630265,0.1900261469336136,0.4157607515561675,0.1135418138120983,0.016539666934437,0.2516129217532328,0.180216437515856,0.3192996320501061,0.2287433823025456,10_sp_aij_37,10011807,0.1,10,6361,33,20,even
540,0.0,0.01,0.02,0.09,0.08,0.09,0.02,0.05,0.05,0.03,0.04,10_sp_aij_37,10435541,0.1,10,6361,33,20,even
541,1.5151515151515151,0.0395241259159733,0.0298252952134038,0.0941573870178082,0.142244430363168,0.1047148390341182,0.0476335289024675,0.065217555535615,0.1072652516596868,0.0691059410007249,0.0687806665604505,10_sp_aij_37,10435541,0.1,10,6361,33,20,even
542,3.0303030303030303,0.1068736986169281,0.0376307064496937,0.076887804320261,0.1173377151372913,0.1709180804177838,0.0435513065202289,0.1166894470731685,0.1441598297344804,0.1226973789197863,0.1628715361158473,10_sp_aij_37,10435541,0.1,10,6361,33,20,even
543,4.545454545454546,0.179785901780739,0.0264460175961205,0.1040883784913141,0.1689194437849931,0.2005045663829219,0.0433957301781167,0.143130412657838,0.1451348198025974,0.2220453115063784,0.2280604317377775,10_sp_aij_37,10435541,0.1,10,6361,33,20,even
544,6.0606060606060606,0.261264459296417,0.0315929123781061,0.126624435466468,0.1771941138591786,0.1812703415808601,0.0424973420972734,0.2074345754449104,0.1730227349868253,0.2725214814084598,0.2788672137332431,10_sp_aij_37,10435541,0.1,10,6361,33,20,even
545,7.878787878787879,0.2514043997224389,0.0508104002184045,0.1403743045350831,0.3306036217371622,0.2137734271384822,0.0381699971530438,0.2199435797345799,0.3034100339358969,0.3316676085280773,0.2366249726620689,10_sp_aij_37,10435541,0.1,10,6361,33,20,even
546,9.393939393939394,0.3381254405697805,0.0735039979970008,0.1669547743499131,0.286191610611689,0.2698780087266321,0.0463915263419694,0.2817755953485275,0.2061290738022405,0.4481407897685761,0.3385945138243439,10_sp_aij_37,10435541,0.1,10,6361,33,20,even
547,10.90909090909091,0.3693989898844483,0.117245984272966,0.2302872979654086,0.4220104230834666,0.1671008351777635,0.0271201428710416,0.3414061584345673,0.1553052563926563,0.4585405658442565,0.2361832948588531,10_sp_aij_37,10435541,0.1,10,6361,33,20,even
548,12.424242424242424,0.3830343792212887,0.260587822711758,0.1801070460966578,0.4603457330837641,0.1937680107599763,0.0308984402225358,0.3223519521674047,0.1589749951658535,0.3808646441903003,0.235250921414889,10_sp_aij_37,10435541,0.1,10,6361,33,20,even
549,13.93939393939394,0.4279511575975005,0.2001835089161715,0.1773714085251538,0.3962687788763003,0.1997157059422036,0.0376148789878851,0.2865718582905628,0.2033189559420803,0.397472990969113,0.2426886361824834,10_sp_aij_37,10435541,0.1,10,6361,33,20,even
550,15.757575757575758,0.3031799056039718,0.1339843352053408,0.2078881804759111,0.3803877665636308,0.2059310338235484,0.0467322261983946,0.2663679333360367,0.1699969465222156,0.4256904835348415,0.2176216960676461,10_sp_aij_37,10435541,0.1,10,6361,33,20,even
551,17.272727272727273,0.3793419753560023,0.1866333872043611,0.1956560151429514,0.317361386638699,0.1602570106315396,0.0353682186853786,0.2545611915350514,0.1725885332307802,0.4407160842250028,0.2737813581318136,10_sp_aij_37,10435541,0.1,10,6361,33,20,even
552,18.78787878787879,0.3893293263480825,0.2562875644489447,0.1828121849169672,0.3025295727324363,0.0954164825275318,0.021139417566561,0.2217336633844626,0.1880364886793132,0.3875611772549747,0.2378734075308453,10_sp_aij_37,10435541,0.1,10,6361,33,20,even
553,20.303030303030305,0.4250191803937047,0.2230484582331094,0.2191726966080605,0.4018710283237516,0.0869515303054286,0.0315339044214844,0.2364220380863184,0.1965984250999562,0.3688031872276102,0.24242138937308,10_sp_aij_37,10435541,0.1,10,6361,33,20,even
554,21.81818181818182,0.4496627471080211,0.1394343796173306,0.2494003563923278,0.4107919542670366,0.1179995841651355,0.0243782831018155,0.229208368260892,0.2406661137239467,0.2927593841009872,0.1740853195419006,10_sp_aij_37,10435541,0.1,10,6361,33,20,even
555,23.63636363636364,0.3951822694850548,0.1829608502353265,0.1799145469319013,0.3014559231890019,0.1270538062738697,0.0300652625640148,0.2469104678700426,0.2583224720125138,0.3296799732607277,0.2379368330687416,10_sp_aij_37,10435541,0.1,10,6361,33,20,even
556,25.151515151515152,0.4301683957878669,0.1734227416466923,0.2058660007147366,0.3203849701845295,0.1056830827975306,0.0235231540425079,0.2618753395736143,0.1932872836525695,0.3773478728983079,0.2274085958619605,10_sp_aij_37,10435541,0.1,10,6361,33,20,even
557,26.666666666666668,0.3106669781178426,0.1599390159771244,0.193940147999094,0.3154854078508218,0.1381817839496788,0.0358353943018141,0.2229209807999766,0.2506156069386887,0.3022713561558912,0.2617914728344403,10_sp_aij_37,10435541,0.1,10,6361,33,20,even
558,28.181818181818183,0.3838152464235688,0.1380002727618352,0.2066928990296387,0.3589550795486205,0.1649282910099408,0.0224697187826428,0.2116799616349775,0.2121454675059858,0.3211986825953854,0.2963654692365848,10_sp_aij_37,10435541,0.1,10,6361,33,20,even
559,30.0,0.3724351239170682,0.2122541273500571,0.2111190500813104,0.355984139081263,0.1170510459123923,0.0186769084316112,0.2756957505582596,0.2433371631671365,0.3843409313715604,0.2739552143593421,10_sp_aij_37,10435541,0.1,10,6361,33,20,even
560,0.0,0.03,0.04,0.07,0.08,0.06,0.09,0.06,0.05,0.01,0.03,10_sp_aij_37,10488077,0.1,10,6361,33,20,even
561,1.5151515151515151,0.0907579337594224,0.0819576495642019,0.0641082010139328,0.1248915565394556,0.110380884918381,0.1253595663573181,0.056993579409092,0.1134699235327118,0.0152825491827415,0.0546998123288762,10_sp_aij_37,10488077,0.1,10,6361,33,20,even
562,3.0303030303030303,0.1887495781015901,0.1183519192580333,0.0637783100125473,0.1513041395524308,0.1530348388783152,0.2389235212356199,0.0928165539416283,0.1806896459301793,0.0340173480531966,0.1053284113787315,10_sp_aij_37,10488077,0.1,10,6361,33,20,even
563,4.545454545454546,0.2624169537319157,0.1060384581789356,0.0994728440672071,0.2387473660284652,0.2057031682659406,0.2584332368346085,0.1455312239378779,0.248587175308463,0.0603264867390471,0.1235992822189046,10_sp_aij_37,10488077,0.1,10,6361,33,20,even
564,6.0606060606060606,0.3344118568634517,0.0706407828582611,0.121921253406175,0.1751106811946035,0.1854149707322805,0.2764304682225603,0.1608068922348497,0.331282484308191,0.1037585318823001,0.1369637404988127,10_sp_aij_37,10488077,0.1,10,6361,33,20,even
565,7.878787878787879,0.304130679234625,0.0551886291316524,0.0963712374649558,0.1228951040894242,0.1132159368661008,0.1621673655997497,0.1372545351328882,0.2940979353787119,0.2098932808182462,0.1923859828336121,10_sp_aij_37,10488077,0.1,10,6361,33,20,even
566,9.393939393939394,0.4238691090818305,0.0621757021532139,0.0936294602867429,0.1921519232791278,0.1352516188016263,0.1462403580783196,0.1163054117653092,0.2787089842126445,0.2334854687547629,0.2199303223786056,10_sp_aij_37,10488077,0.1,10,6361,33,20,even
567,10.90909090909091,0.4682009724405108,0.0942311958570484,0.1293992244958857,0.2433481777724797,0.111187598533144,0.0780989885290929,0.1215399939933763,0.323983929172145,0.2838755155927743,0.2069388113805514,10_sp_aij_37,10488077,0.1,10,6361,33,20,even
568,12.424242424242424,0.3087279128507272,0.1408238276925499,0.1386096687712643,0.2711868286068374,0.1332320208056568,0.1014474519241665,0.1896071997778687,0.2972084033954631,0.309164936996163,0.217901886857871,10_sp_aij_37,10488077,0.1,10,6361,33,20,even
569,13.93939393939394,0.3540201234173394,0.1201090665150049,0.1705774535687237,0.2877901247934215,0.1989197862887501,0.0627661676475454,0.2484405758531614,0.2848862293291787,0.5025530985320816,0.2687319729659475,10_sp_aij_37,10488077,0.1,10,6361,33,20,even
570,15.757575757575758,0.4667984730886992,0.1970289558425196,0.2408293532105634,0.3260892259862399,0.1777108668169106,0.0309717655285399,0.2523251836806461,0.2182953922351713,0.3603565178509013,0.2603266212522649,10_sp_aij_37,10488077,0.1,10,6361,33,20,even
571,17.272727272727273,0.3675822063338829,0.2034419278406571,0.2284988733213945,0.4566127146675036,0.1213239724966411,0.0334719027636236,0.2289656878158039,0.2060403027863227,0.3549820293165361,0.2277587379552459,10_sp_aij_37,10488077,0.1,10,6361,33,20,even
572,18.78787878787879,0.4866585669706339,0.1700791514008881,0.1557206268787099,0.3890773986852457,0.1274779653344238,0.0224181069350815,0.2537225461233601,0.2726315761059772,0.3964943646784346,0.2287783847246698,10_sp_aij_37,10488077,0.1,10,6361,33,20,even
573,20.303030303030305,0.379745134706954,0.1959573569506177,0.1351353432079179,0.3513775473156807,0.1414171305915599,0.0215396147702047,0.3403459991381417,0.1641762187043757,0.426145394506724,0.1939993346625587,10_sp_aij_37,10488077,0.1,10,6361,33,20,even
574,21.81818181818182,0.412206982878204,0.1999621042123504,0.1043684011905843,0.3698778358452685,0.134560571571743,0.0306716656295836,0.3195865129260786,0.1973289066877821,0.3672253192164996,0.2128592988982515,10_sp_aij_37,10488077,0.1,10,6361,33,20,even
575,23.63636363636364,0.454986512312813,0.2114871099594435,0.1134942141841005,0.3110839367990172,0.0891977431555873,0.0390186778572151,0.250657148092694,0.2722012578577081,0.4622845344382565,0.2618230911497753,10_sp_aij_37,10488077,0.1,10,6361,33,20,even
576,25.151515151515152,0.3438798173086405,0.1920157643524888,0.171451328765193,0.3114492889046485,0.1171376233596249,0.03399901254612,0.2480111125139248,0.1731320991208476,0.4305009096534785,0.2546844767383864,10_sp_aij_37,10488077,0.1,10,6361,33,20,even
577,26.666666666666668,0.3316277150230219,0.1472129743302907,0.1672552880106849,0.3664595241539786,0.141541690379544,0.0308804943761326,0.2305434205521557,0.2050887773216658,0.3279444054496937,0.236604957388848,10_sp_aij_37,10488077,0.1,10,6361,33,20,even
578,28.181818181818183,0.3744295305616925,0.1493017604122273,0.1748339819668544,0.3096201819014194,0.13679819494925,0.0299141870566463,0.221671582017071,0.2258805762295448,0.4102319836517606,0.2541629777168845,10_sp_aij_37,10488077,0.1,10,6361,33,20,even
579,30.0,0.4295075234732968,0.1355075941136736,0.1572381134446965,0.3032011085263666,0.1537672413750009,0.0248687157865738,0.2458795369939722,0.2856711866474851,0.3813718679619571,0.2707136340451833,10_sp_aij_37,10488077,0.1,10,6361,33,20,even
580,0.0,0.04,0.08,0.06,0.07,0.06,0.01,0.06,0.01,0.06,0.08,10_sp_aij_37,10793741,0.1,10,6361,33,20,even
581,1.5151515151515151,0.1495240160647404,0.1215641170926901,0.0667076767142531,0.1746445877782681,0.1264768505054663,0.0197618560082284,0.0894855257942214,0.0245388814363734,0.1036468917254501,0.1609806307493557,10_sp_aij_37,10793741,0.1,10,6361,33,20,even
582,3.0303030303030303,0.2354208116593011,0.0816749912045078,0.0775197321145984,0.2362452203520801,0.1176923148622419,0.0316159918112765,0.1294442912203583,0.0853469519446357,0.1999677787667595,0.1499452696514649,10_sp_aij_37,10793741,0.1,10,6361,33,20,even
583,4.545454545454546,0.2585119068692396,0.1110617551555911,0.1245832758391262,0.2445146407690342,0.1378072656486735,0.0569893052331702,0.1564113268267237,0.1632781251367515,0.2445658389951611,0.2115278173588278,10_sp_aij_37,10793741,0.1,10,6361,33,20,even
584,6.0606060606060606,0.3725197587982082,0.156711174738968,0.1504572590210113,0.2763659757764034,0.1413041424283855,0.048699569691824,0.2092458659015099,0.2214147924743973,0.2705020703188067,0.1846300191056793,10_sp_aij_37,10793741,0.1,10,6361,33,20,even
585,7.878787878787879,0.3051189777928256,0.1730755708601837,0.0971757964005331,0.264084560233485,0.1494689007677567,0.0478830109325235,0.2584941310881643,0.2398919149679233,0.4154974047546487,0.2339977030743166,10_sp_aij_37,10793741,0.1,10,6361,33,20,even
586,9.393939393939394,0.3917886621361404,0.1827031739211981,0.1285738994226276,0.2883256711808377,0.1525281667147226,0.0517230108343915,0.2214102588357703,0.3399215735559431,0.3300813192703143,0.2932836352389959,10_sp_aij_37,10793741,0.1,10,6361,33,20,even
587,10.90909090909091,0.3739106011535631,0.1271422481209228,0.1467515701043776,0.2416920798556394,0.1475234248975168,0.0411571905357919,0.1883155939443506,0.2747290877432645,0.3649818259246336,0.3346982514858506,10_sp_aij_37,10793741,0.1,10,6361,33,20,even
588,12.424242424242424,0.4780891659993307,0.1220373689505307,0.2264007296507739,0.3410253922754553,0.1275954985817005,0.0272530933553476,0.1982463210039069,0.2621593546714798,0.4031306619079123,0.2169516901150593,10_sp_aij_37,10793741,0.1,10,6361,33,20,even
589,13.93939393939394,0.4465484691957319,0.1530957994128307,0.1982478649931307,0.3658507458324206,0.1227313556712082,0.0167668542999026,0.2134261434923551,0.2769153398819242,0.435617620045247,0.2413076666756514,10_sp_aij_37,10793741,0.1,10,6361,33,20,even
590,15.757575757575758,0.3536508166700906,0.1980326057701831,0.230810455250145,0.3644519345170351,0.1320794284190038,0.0103281795958079,0.2609326958573834,0.164436110674457,0.4148827357315968,0.3020937523423793,10_sp_aij_37,10793741,0.1,10,6361,33,20,even
591,17.272727272727273,0.333569100813919,0.1748290653760704,0.1464727448837368,0.3628603552848178,0.1717505873642983,0.009027209825102,0.2751357451528536,0.1557131686017212,0.3299831192766537,0.1819138875290837,10_sp_aij_37,10793741,0.1,10,6361,33,20,even
592,18.78787878787879,0.4036825775285345,0.1623883252005935,0.1987122803387418,0.3390952585647272,0.2937084068549155,0.0159537712956055,0.2827557268787467,0.2590202631996303,0.2995692202714141,0.2752288243724288,10_sp_aij_37,10793741,0.1,10,6361,33,20,even
593,20.303030303030305,0.3745127315724392,0.1642731437322134,0.1859232198848906,0.2547158208662464,0.1816253408489204,0.0114267327048884,0.2621860759423519,0.2253207852028317,0.477440245435585,0.2714712004616818,10_sp_aij_37,10793741,0.1,10,6361,33,20,even
594,21.81818181818182,0.4555073106257607,0.1825143984200334,0.1479251510483521,0.2883148161563373,0.1640237861235657,0.0129367050415118,0.2147531096033247,0.2251502886860178,0.3462287804013272,0.3796810106345244,10_sp_aij_37,10793741,0.1,10,6361,33,20,even
595,23.63636363636364,0.4782198865802053,0.1372019675946854,0.1838029836975294,0.2730375607322189,0.1757358602689834,0.0157368566232361,0.217657345359688,0.3068591070152923,0.4259643158576197,0.2591436349222659,10_sp_aij_37,10793741,0.1,10,6361,33,20,even
596,25.151515151515152,0.3628772661245794,0.1079797620735771,0.1964273596540061,0.3662811586735198,0.1576619527086309,0.0161658595388138,0.1985087965123,0.2354005750306247,0.3515697169077989,0.277093096102947,10_sp_aij_37,10793741,0.1,10,6361,33,20,even
597,26.666666666666668,0.2723168327735907,0.1470462871719016,0.1674577503614205,0.4158964691076443,0.1582420587949712,0.0139474911924482,0.2325502748309444,0.2473282326760104,0.3857184586054803,0.2933141657338076,10_sp_aij_37,10793741,0.1,10,6361,33,20,even
598,28.181818181818183,0.3496338426720679,0.120181586576864,0.223471590231136,0.3638812857221944,0.1727676292982291,0.0124022956796923,0.2952258871144672,0.2185227908760298,0.4228900311472462,0.2629864336560913,10_sp_aij_37,10793741,0.1,10,6361,33,20,even
599,30.0,0.4326188590557662,0.1863403164871852,0.2168721315092702,0.3004824653276433,0.153661143988926,0.0091398530403701,0.2751520809500571,0.2383140006670495,0.3387544027179904,0.2798026320279901,10_sp_aij_37,10793741,0.1,10,6361,33,20,even
600,0.0,0.09,0.05,0.08,0.02,0.07,0.04,0.01,0.05,0.05,0.01,10_sp_aij_37,11563241,0.1,10,6361,33,20,even
601,1.5151515151515151,0.2147097468541831,0.0752145658916062,0.0604193737953524,0.0321137414384489,0.0524030168338552,0.0533760214891134,0.0206584167445015,0.0906936005280156,0.0651234832827139,0.0311018627930114,10_sp_aij_37,11563241,0.1,10,6361,33,20,even
602,3.0303030303030303,0.3279537484212395,0.0870993935670326,0.0566527429357387,0.0774889595911413,0.052920284183124,0.0855161938652107,0.0236343251351115,0.1685975876674391,0.103535847131658,0.0627055143866852,10_sp_aij_37,11563241,0.1,10,6361,33,20,even
603,4.545454545454546,0.353973953766524,0.0804655010542241,0.0522449383144704,0.1276889685068682,0.0493056859884641,0.1551770447662606,0.0360782810152526,0.3415387368948768,0.1806371138736729,0.1192640949654755,10_sp_aij_37,11563241,0.1,10,6361,33,20,even
604,6.0606060606060606,0.397687235397875,0.091984769397507,0.0438773483919551,0.1727791349419455,0.0445318722059802,0.1315087729760849,0.0741047488498328,0.3554845747161291,0.2618662082951994,0.1857867061690141,10_sp_aij_37,11563241,0.1,10,6361,33,20,even
605,7.878787878787879,0.5304059853781704,0.1016178554853797,0.0755746030352737,0.2613567362574158,0.0440966925403849,0.0975035028717913,0.1485020586954853,0.3273634626050472,0.3801765507319581,0.275594404636676,10_sp_aij_37,11563241,0.1,10,6361,33,20,even
606,9.393939393939394,0.403467492716589,0.090574902241653,0.115501388630697,0.271179930144061,0.1210989744754265,0.0545213092980083,0.2090976100594795,0.3283700089292063,0.3737641281143994,0.3366023788759217,10_sp_aij_37,11563241,0.1,10,6361,33,20,even
607,10.90909090909091,0.3207090438549352,0.0999466700876784,0.2424169844583257,0.301659526844181,0.1280446324398722,0.0286403412447556,0.231772482662836,0.2055295402477935,0.4762972297995563,0.2876792839925131,10_sp_aij_37,11563241,0.1,10,6361,33,20,even
608,12.424242424242424,0.3781668217358307,0.1250050372631662,0.2147108331647621,0.2987804597539938,0.1639954128644502,0.023602781225572,0.2626516717043543,0.1910003921513793,0.4276023011323767,0.2405805159043308,10_sp_aij_37,11563241,0.1,10,6361,33,20,even
609,13.93939393939394,0.4200024029000389,0.1625968248163113,0.1610990690550159,0.4605351274275931,0.1379787092828786,0.0217081191912678,0.2162381701927849,0.2419404741439551,0.3903479390480407,0.2200573863668264,10_sp_aij_37,11563241,0.1,10,6361,33,20,even
610,15.757575757575758,0.3597155033564059,0.1841925289011289,0.2206445748572792,0.4008379806430072,0.1441499652419637,0.0228115444932299,0.2929898851337598,0.1976129696745278,0.3764031811316576,0.1980377640589283,10_sp_aij_37,11563241,0.1,10,6361,33,20,even
611,17.272727272727273,0.4089132176364525,0.1922245224395262,0.1297451956301125,0.2658939064846587,0.1299618141031661,0.0356764850538022,0.2817816149520039,0.214597296128352,0.4239415573096108,0.2250265484438292,10_sp_aij_37,11563241,0.1,10,6361,33,20,even
612,18.78787878787879,0.4865767445292407,0.1327594112541367,0.1283101726695741,0.3558973772873883,0.1226204512405602,0.0349220749049199,0.2811697318399517,0.3029608150263939,0.4781079576980838,0.2741117383159219,10_sp_aij_37,11563241,0.1,10,6361,33,20,even
613,20.303030303030305,0.2854805829889601,0.1560855157012721,0.1337477564354746,0.317223041793808,0.1473238658993186,0.0310746633248496,0.2605309947038474,0.2243966900175133,0.422360508275494,0.3038735163543885,10_sp_aij_37,11563241,0.1,10,6361,33,20,even
614,21.81818181818182,0.3796600029091249,0.1322388377573538,0.1392391591624917,0.3195605060752494,0.2165743201884447,0.0300846645601465,0.2269653997132948,0.2034634446839922,0.3811652258666337,0.3271147266539767,10_sp_aij_37,11563241,0.1,10,6361,33,20,even
615,23.63636363636364,0.4268436844544184,0.1330479105625316,0.1348182973890464,0.3567817476805405,0.170590663926295,0.0220926837847973,0.3117297494327892,0.2078532804272047,0.443022071246418,0.262173498814137,10_sp_aij_37,11563241,0.1,10,6361,33,20,even
616,25.151515151515152,0.3812366728090415,0.1493764822130419,0.1702840038632428,0.2825918908995451,0.1668300517686234,0.0224276347806225,0.259307075919317,0.2080431295724254,0.3103644965929648,0.2239958430036628,10_sp_aij_37,11563241,0.1,10,6361,33,20,even
617,26.666666666666668,0.3997799092237858,0.1801170347465543,0.1179833383411832,0.3499332269664776,0.1319123268852585,0.0191211221413256,0.2463154428813004,0.2050213623404761,0.4222620188086721,0.227837666666492,10_sp_aij_37,11563241,0.1,10,6361,33,20,even
618,28.181818181818183,0.3871758180911726,0.2149943756494225,0.1565220346974063,0.3164777037169992,0.1637925510847339,0.0225641512827243,0.2532445261353533,0.2005508861713742,0.3301624756632596,0.1800527908664472,10_sp_aij_37,11563241,0.1,10,6361,33,20,even
619,30.0,0.4109329301483999,0.19411046538026,0.092782134716229,0.3639000948088657,0.197845329709821,0.0327117820831582,0.3737652012253726,0.1558614818326716,0.3307180285038209,0.2105166063174154,10_sp_aij_37,11563241,0.1,10,6361,33,20,even
620,0.0,0.02,0.06,0.04,0.05,0.01,0.02,0.02,0.07,0.08,0.03,10_sp_aij_37,12305126,0.1,10,6361,33,20,even
621,1.5151515151515151,0.0825826214302398,0.0715685806049059,0.0570281409932993,0.0640876900010531,0.0264336366095564,0.0528376152846624,0.0259357471238108,0.1762961617847269,0.0879042676453642,0.1059809670014741,10_sp_aij_37,12305126,0.1,10,6361,33,20,even
622,3.0303030303030303,0.1819388383913675,0.0616032794257401,0.0813021990822443,0.1156093094266635,0.0599250373352427,0.0712855506990442,0.0406554725819166,0.2435650045019836,0.1509164416250325,0.2165376949382727,10_sp_aij_37,12305126,0.1,10,6361,33,20,even
623,4.545454545454546,0.2661008564527261,0.0576748817765172,0.1336735383074166,0.1830192560652161,0.0920735131186562,0.0423836458534045,0.089171899239618,0.274340113497826,0.2764604242076837,0.2056277357963847,10_sp_aij_37,12305126,0.1,10,6361,33,20,even
624,6.0606060606060606,0.4019318848072607,0.0972319645208842,0.1634760159390558,0.2728717410806701,0.1257366705819007,0.0532233903801205,0.115869035206848,0.3246853296718311,0.3693935147113348,0.3296427380091242,10_sp_aij_37,12305126,0.1,10,6361,33,20,even
625,7.878787878787879,0.3609505514075071,0.1311804442898423,0.1692294239949671,0.322689751107684,0.1332131578376832,0.0310528282888418,0.1975579260084404,0.2161464779190363,0.3437109348890441,0.3300522790655807,10_sp_aij_37,12305126,0.1,10,6361,33,20,even
626,9.393939393939394,0.4051506121585128,0.1187505108438628,0.1701782523048117,0.2677566330151787,0.1650072914560004,0.0327266624981301,0.2103637119798726,0.2312742128576332,0.2812460708232946,0.2700191634350345,10_sp_aij_37,12305126,0.1,10,6361,33,20,even
627,10.90909090909091,0.3526449347224928,0.1509889609356112,0.1514430804007011,0.3149700918040556,0.1841451080027363,0.0380579982365147,0.2110974534851071,0.184052815760065,0.2734373280865851,0.245699052688162,10_sp_aij_37,12305126,0.1,10,6361,33,20,even
628,12.424242424242424,0.3571044097919841,0.1414726326015488,0.1811897169338806,0.2663088939979902,0.2125308780788175,0.0670683745684273,0.187671988366133,0.1954026272034336,0.2985651962912732,0.2683086703596734,10_sp_aij_37,12305126,0.1,10,6361,33,20,even
629,13.93939393939394,0.3929826554292843,0.1126444828462001,0.1757200257777207,0.2070881896869578,0.1771292039529435,0.0513381433490369,0.1849674293708851,0.1898187950133662,0.3861957491164487,0.2750923798498565,10_sp_aij_37,12305126,0.1,10,6361,33,20,even
630,15.757575757575758,0.4539863085906945,0.1548659160915134,0.1580321991451159,0.2903369216316925,0.129711967444059,0.0277876784474577,0.2056904366151599,0.177531544277605,0.2880413850069767,0.3459638216311233,10_sp_aij_37,12305126,0.1,10,6361,33,20,even
631,17.272727272727273,0.323616067268097,0.1462246248560343,0.1899583032078828,0.2826201754258252,0.1325143216593176,0.036652578247931,0.198822099493346,0.2395453474029174,0.3421829514312767,0.2166922932597404,10_sp_aij_37,12305126,0.1,10,6361,33,20,even
632,18.78787878787879,0.4539546983815749,0.1891257669043427,0.1383659471965963,0.288900774602658,0.1150749090680534,0.0336108614583133,0.2270045359713423,0.2173147468697507,0.4722049131604172,0.2508127382998617,10_sp_aij_37,12305126,0.1,10,6361,33,20,even
633,20.303030303030305,0.4662489138082235,0.1568162414672022,0.11506104345373,0.307346045909031,0.1284397450053769,0.0293020848978263,0.2936785647271512,0.1956559945946936,0.3506157303342206,0.2563303037775765,10_sp_aij_37,12305126,0.1,10,6361,33,20,even
634,21.81818181818182,0.488432718685748,0.2055201591374833,0.1530034859510062,0.3545634671239304,0.1305389745338657,0.0258708639100295,0.2790760639486609,0.2417940776686988,0.3263713137429459,0.2732642485134542,10_sp_aij_37,12305126,0.1,10,6361,33,20,even
635,23.63636363636364,0.4335688636001581,0.1715007532746542,0.1826663954443264,0.3441853845811316,0.1414903431334404,0.0256871227906144,0.2771878847025029,0.2406046759528081,0.4235566683257066,0.2423298172816209,10_sp_aij_37,12305126,0.1,10,6361,33,20,even
636,25.151515151515152,0.394940175118644,0.1974409008521687,0.2344186892355484,0.4669499874948702,0.1252887917889546,0.0258694977727623,0.2888988897934575,0.2355952414967409,0.4144927830140012,0.2656866533451997,10_sp_aij_37,12305126,0.1,10,6361,33,20,even
637,26.666666666666668,0.3975063262091629,0.161357431185814,0.2491133836034677,0.3011327062790556,0.1623208528905952,0.0361787037223702,0.2011069250106252,0.2248961891313761,0.3029326669402133,0.2904645814831914,10_sp_aij_37,12305126,0.1,10,6361,33,20,even
638,28.181818181818183,0.4704805045299486,0.1817365418253367,0.1754768754457912,0.2884202427644373,0.1360582901626559,0.0253229628938733,0.1583441566531372,0.3137871517711426,0.482415413671051,0.3143191290788951,10_sp_aij_37,12305126,0.1,10,6361,33,20,even
639,30.0,0.5285779843302305,0.1632639164747046,0.1741521279338632,0.262855756436201,0.0546354517921238,0.0170414776065921,0.2470700861817061,0.2563311807884413,0.4475868235754378,0.2503642561975591,10_sp_aij_37,12305126,0.1,10,6361,33,20,even
640,0.0,0.09,0.09,0.01,0.03,0.06,0.06,0.03,0.08,0.07,0.05,10_sp_aij_37,12733201,0.1,10,6361,33,20,even
641,1.5151515151515151,0.2211017687758512,0.0899840752180904,0.0092815767125782,0.0687133532166075,0.116715615833548,0.0886435388290058,0.0495556460355826,0.1712786896742044,0.115854115503987,0.1026131836877572,10_sp_aij_37,12733201,0.1,10,6361,33,20,even
642,3.0303030303030303,0.4047675551184246,0.0775245000207203,0.0125112304617648,0.1301555184278711,0.1291987200645779,0.1052362621800537,0.0783401403225134,0.3844297991444217,0.2285877875441819,0.234939906108187,10_sp_aij_37,12733201,0.1,10,6361,33,20,even
643,4.545454545454546,0.4729195484123986,0.0571968250306005,0.0189609845396721,0.1778703766291644,0.1661511979385343,0.0709455537147842,0.1501600396113616,0.3805127331187837,0.3522848450621644,0.2723864436553617,10_sp_aij_37,12733201,0.1,10,6361,33,20,even
644,6.0606060606060606,0.3979788119415974,0.0507695063300501,0.0456638729995419,0.1829102175383085,0.1916503686554948,0.0461570199820199,0.2041059969740683,0.3996891677577247,0.391578914955961,0.3503352207877027,10_sp_aij_37,12733201,0.1,10,6361,33,20,even
645,7.878787878787879,0.4380587062621914,0.0880489819116198,0.0713114746782276,0.2016137528871988,0.1623650451859845,0.0262737395148453,0.2943962208874893,0.2889231702695986,0.5309902159090666,0.2687744483438874,10_sp_aij_37,12733201,0.1,10,6361,33,20,even
646,9.393939393939394,0.2739919397675176,0.0808900313636149,0.1215688203501645,0.3591453965067376,0.1462784825251412,0.0205252780405973,0.2634640777288949,0.3185935386065888,0.3439807910351086,0.3338065402960798,10_sp_aij_37,12733201,0.1,10,6361,33,20,even
647,10.90909090909091,0.3656430195575139,0.0853172983592078,0.1775886950058991,0.3057647294119617,0.2089499098090656,0.0143986107401106,0.2671886270300794,0.2946016440202578,0.4284900867420578,0.2551893955290347,10_sp_aij_37,12733201,0.1,10,6361,33,20,even
648,12.424242424242424,0.3764797632869219,0.0947507165424157,0.2475304598750863,0.3372584315354106,0.1988141509884759,0.013234464093571,0.199053327996836,0.3029565754557341,0.3985599013252791,0.2917633515143663,10_sp_aij_37,12733201,0.1,10,6361,33,20,even
649,13.93939393939394,0.5131265094323747,0.1218646988768035,0.1424013480981964,0.2920252157521481,0.1541037635513403,0.0113741020938864,0.2420408927661585,0.2407532850708401,0.3162835906068324,0.2707151384564583,10_sp_aij_37,12733201,0.1,10,6361,33,20,even
650,15.757575757575758,0.3889197743099462,0.1532214718415489,0.1350774214136783,0.3305690486731142,0.1275795524529692,0.014792263851782,0.2733864670674832,0.2509019964199177,0.3442696583840594,0.2519369989939689,10_sp_aij_37,12733201,0.1,10,6361,33,20,even
651,17.272727272727273,0.3557176310779349,0.1591852241081049,0.1375053037880175,0.2957940795579009,0.112799200108825,0.0116584157161301,0.2597179362784677,0.2351965917331375,0.4605932444288088,0.2726585223850571,10_sp_aij_37,12733201,0.1,10,6361,33,20,even
652,18.78787878787879,0.3305875128346421,0.178535715828125,0.1515315394099664,0.3296561964353052,0.1058927637940051,0.0104382122262025,0.2654194553685761,0.1903301489414546,0.370522740930371,0.3101016433879356,10_sp_aij_37,12733201,0.1,10,6361,33,20,even
653,20.303030303030305,0.3552142104792787,0.1552384221396462,0.1788341080268245,0.3493006745775733,0.1476440012544309,0.007600504663476,0.2366658571192406,0.2427576207043486,0.3144767249690256,0.2072064421037709,10_sp_aij_37,12733201,0.1,10,6361,33,20,even
654,21.81818181818182,0.2948107901299732,0.1215366835950022,0.2186507481396983,0.2809782416477462,0.1657863694462656,0.0117859741485462,0.2170649373167902,0.2116648502175603,0.3925577295550861,0.2314548789801445,10_sp_aij_37,12733201,0.1,10,6361,33,20,even
655,23.63636363636364,0.373495231180011,0.1245132244329958,0.2002303632004566,0.3523602221272577,0.1596472596122842,0.0166621925995862,0.3243897599932951,0.1908021120858089,0.3013019594475998,0.2883843678288093,10_sp_aij_37,12733201,0.1,10,6361,33,20,even
656,25.151515151515152,0.3776460321591213,0.1761734435214907,0.1969320061568087,0.2807984879776629,0.1746284697258941,0.0208022982001398,0.2757458784156664,0.1653370198220838,0.3293759631474705,0.2668793273820626,10_sp_aij_37,12733201,0.1,10,6361,33,20,even
657,26.666666666666668,0.4497231473099812,0.2004276719063119,0.147569954563779,0.2584740865186745,0.1665745912250475,0.0211716220619637,0.2437009738035645,0.1771284459423898,0.3376011697283269,0.3084504211163641,10_sp_aij_37,12733201,0.1,10,6361,33,20,even
658,28.181818181818183,0.3877041807925023,0.2176055407449875,0.1382773156038573,0.4274905835486333,0.1319496568952328,0.0242376127651414,0.2687795454221416,0.2019959215485111,0.3374887137283835,0.2594485766243596,10_sp_aij_37,12733201,0.1,10,6361,33,20,even
659,30.0,0.4354717175951784,0.1750558428459808,0.2055960378364869,0.3333837262070996,0.1163850298071497,0.015727560214884,0.2630704868379396,0.2414249991784738,0.4206533017808663,0.308315839016074,10_sp_aij_37,12733201,0.1,10,6361,33,20,even
