,time,species_0,species_1,species_2,species_3,species_4,species_5,species_6,species_7,species_8,species_9,ground_truth,timeseries_id,noise,n_species,did,n_timeseries,n_timepoints,sampling_scheme
0,0.0,0.04,0.05,0.01,0.02,0.02,0.07,0.01,0.09,0.07,0.03,10_sp_aij_36,36656,0.1,10,6110,23,10,even
1,3.333333333333333,0.176868230047278,0.1982867634028242,0.0639247657566405,0.0488874887887833,0.1381866597424691,0.1179148188305815,0.0027959335186278,0.0605543852481662,0.1758741078400542,0.0216730300917842,10_sp_aij_36,36656,0.1,10,6110,23,10,even
2,6.666666666666667,0.2538404527940874,0.2178841256004932,0.2315695413409255,0.1015148822137165,0.2725933713109953,0.1869845213467116,0.0,0.057105337562626,0.2058168777415708,0.0457022150983542,10_sp_aij_36,36656,0.1,10,6110,23,10,even
3,10.0,0.0887286037970909,0.1482819463867705,0.3344457487741502,0.1301943329167314,0.4692341526408438,0.191941848017117,0.0,0.0305499303099524,0.1429783802655982,0.0439090785999478,10_sp_aij_36,36656,0.1,10,6110,23,10,even
4,13.333333333333334,0.0700370312313049,0.0827647453267008,0.5737743750161872,0.1603616947091679,0.413738428758341,0.3022878501109933,0.0,0.01372283951173,0.1489070520576286,0.11542654513671,10_sp_aij_36,36656,0.1,10,6110,23,10,even
5,16.666666666666668,0.0838586029794193,0.0474688988985947,0.4451757212538375,0.1621416860303528,0.5319865502902733,0.2762521989275062,0.0,0.0059604579411032,0.1743301968489113,0.2003627672437895,10_sp_aij_36,36656,0.1,10,6110,23,10,even
6,20.0,0.075067261339868,0.0684366563396227,0.4570102717292068,0.1689964369650602,0.4085890726465258,0.3143326633431609,0.0,0.0027906415074764,0.1357555593329613,0.136391001699765,10_sp_aij_36,36656,0.1,10,6110,23,10,even
7,23.333333333333336,0.0599331094752201,0.0742826826279473,0.4861774860969242,0.142574517631615,0.5113305306497334,0.254922583160746,0.0,0.0,0.1406059924567203,0.1792631957605051,10_sp_aij_36,36656,0.1,10,6110,23,10,even
8,26.666666666666668,0.0960588606503988,0.0534691866837966,0.427648449506856,0.1687688012132037,0.6198628640466859,0.3701103298510959,0.0,0.0,0.1468972582790957,0.249826985302005,10_sp_aij_36,36656,0.1,10,6110,23,10,even
9,30.0,0.0499352601237397,0.0429272656906852,0.5574228138808117,0.2140212713582091,0.4226176586048487,0.3724194151967082,0.0,0.0,0.120289750819851,0.201677421881213,10_sp_aij_36,36656,0.1,10,6110,23,10,even
10,0.0,0.06,0.09,0.02,0.06,0.03,0.03,0.04,0.03,0.02,0.03,10_sp_aij_36,416304,0.1,10,6110,23,10,even
11,3.333333333333333,0.2153918751720726,0.1133376506643955,0.2659624600344558,0.0759844055826143,0.2214639242903623,0.0721322262680887,0.0406299648184722,0.0527863854203535,0.1341956274154825,0.0257979401227284,10_sp_aij_36,416304,0.1,10,6110,23,10,even
12,6.666666666666667,0.1854979558785336,0.135637137189677,0.3013677171927319,0.1044435328404014,0.2998637247461917,0.1352538810480475,0.0514094816963454,0.0703334708840657,0.1328833270149262,0.0585982653994395,10_sp_aij_36,416304,0.1,10,6110,23,10,even
13,10.0,0.1978913427517648,0.18167944688485,0.2920120270085332,0.1379747903091347,0.3955701051765402,0.1657429185462295,0.0356729391966578,0.055582260065747,0.1851331622377276,0.0909199769101602,10_sp_aij_36,416304,0.1,10,6110,23,10,even
14,13.333333333333334,0.1836061375647596,0.1178032360526965,0.3287881510866411,0.1252369401626086,0.4384935032801753,0.2140423735662679,0.0177827408687695,0.0321383759318246,0.2042506121672456,0.1441020912012863,10_sp_aij_36,416304,0.1,10,6110,23,10,even
15,16.666666666666668,0.1336526288368374,0.0976783975525065,0.3815099121533542,0.1460957649599061,0.5764272356435081,0.2653303184559534,0.013662178709797,0.0139888745110382,0.1824396294408073,0.1712072253512382,10_sp_aij_36,416304,0.1,10,6110,23,10,even
16,20.0,0.2255465011381444,0.1125898534610655,0.3913343714063275,0.1727469200887899,0.3946731859887284,0.18568202144399,0.0265799966705011,0.0094953939990238,0.128991889264843,0.1279496984552421,10_sp_aij_36,416304,0.1,10,6110,23,10,even
17,23.333333333333336,0.2118937213321085,0.114611768208226,0.5283397590010644,0.1477313645741448,0.5042591487799267,0.3146901078530291,0.044551778690663,0.0071738594019506,0.167784920198676,0.1108716870414311,10_sp_aij_36,416304,0.1,10,6110,23,10,even
18,26.666666666666668,0.2266648468822851,0.0665472844427972,0.4160345857754914,0.1830925690822476,0.4182743070147565,0.2124676126217871,0.1295835555670555,0.0049220853650942,0.163107693906817,0.2073303183704916,10_sp_aij_36,416304,0.1,10,6110,23,10,even
19,30.0,0.1693617663335566,0.079651428091654,0.5449840190976527,0.1603168496761485,0.5327678220499426,0.2084870925847035,0.0973151926886769,0.0066586181658588,0.1937581677465122,0.199045498775604,10_sp_aij_36,416304,0.1,10,6110,23,10,even
20,0.0,0.08,0.01,0.03,0.07,0.01,0.07,0.06,0.09,0.07,0.03,10_sp_aij_36,591973,0.1,10,6110,23,10,even
21,3.333333333333333,0.163187227148921,0.0481196275574105,0.1771513591045134,0.0681454268331678,0.1342778859777824,0.1088087027187542,0.0239175041682009,0.0791022372511281,0.153936838650619,0.0421521188506373,10_sp_aij_36,591973,0.1,10,6110,23,10,even
22,6.666666666666667,0.2221729668140171,0.1030862323846301,0.3762342185241452,0.0913406417962223,0.3378744927828015,0.1542916051606886,0.0238557183801907,0.0586431250865624,0.1228417276714881,0.0804531989249093,10_sp_aij_36,591973,0.1,10,6110,23,10,even
23,10.0,0.1687841976287808,0.1455965991352506,0.4730703826197273,0.1724368475991088,0.476254076363528,0.2910020359867165,0.0566029111937955,0.0348579607855078,0.1130732992623498,0.1574364529331904,10_sp_aij_36,591973,0.1,10,6110,23,10,even
24,13.333333333333334,0.1440068754917861,0.1294090547897243,0.4746815949471025,0.218837968467802,0.4705141284259142,0.2871478155251884,0.04942697677037,0.0217254739153531,0.1709220627514513,0.1557003951234944,10_sp_aij_36,591973,0.1,10,6110,23,10,even
25,16.666666666666668,0.1254496208749899,0.0705441346103073,0.5504281023219089,0.1847222963560187,0.6281227874256012,0.2450994047334215,0.1612329142486565,0.0108690621420317,0.1441026832741806,0.2331587884699273,10_sp_aij_36,591973,0.1,10,6110,23,10,even
26,20.0,0.1721347460951822,0.0778150239035587,0.3658731474018691,0.2304459363281261,0.5367656952651544,0.2539223552473105,0.126372768363235,0.0135544502890464,0.1669110458818635,0.2137097140553851,10_sp_aij_36,591973,0.1,10,6110,23,10,even
27,23.333333333333336,0.221322795710863,0.0631295114502556,0.3899315718376672,0.149160771379016,0.4354475595464962,0.2532719807872677,0.112234433791891,0.0140050511054347,0.1955977834409931,0.2331152212720046,10_sp_aij_36,591973,0.1,10,6110,23,10,even
28,26.666666666666668,0.2047050845812758,0.0977902776471776,0.4430397237329094,0.1602772618921248,0.4405569558575145,0.2852188874866462,0.0754700065572454,0.0136932082513621,0.1660303281269439,0.2135908466548672,10_sp_aij_36,591973,0.1,10,6110,23,10,even
29,30.0,0.1554857859275457,0.0820554002873287,0.4136075622080838,0.1744605906510865,0.4829187426591173,0.2452865264398411,0.1067734895176547,0.0149465991215208,0.1893043689859468,0.2136500573653399,10_sp_aij_36,591973,0.1,10,6110,23,10,even
30,0.0,0.09,0.08,0.05,0.07,0.05,0.09,0.03,0.07,0.04,0.08,10_sp_aij_36,2091765,0.1,10,6110,23,10,even
31,3.333333333333333,0.1860745945656675,0.1210999083320713,0.2732799635805501,0.0662568537226461,0.2759327608962683,0.1175892510666958,0.025776149931808,0.0873094139497708,0.155630665526709,0.0810900209573501,10_sp_aij_36,2091765,0.1,10,6110,23,10,even
32,6.666666666666667,0.1963302300931102,0.1782596158266328,0.4231263286597104,0.1649149010264987,0.4942925792784232,0.1930450722175189,0.0248978001539802,0.0763551676397462,0.1562482665936671,0.1443376853500207,10_sp_aij_36,2091765,0.1,10,6110,23,10,even
33,10.0,0.162286923458573,0.1378692796505121,0.3219630319970322,0.1378654603400562,0.5544334590176557,0.2900268036881118,0.0304172786536352,0.047463793179048,0.2405600960388089,0.1614071992442326,10_sp_aij_36,2091765,0.1,10,6110,23,10,even
34,13.333333333333334,0.1107242892126599,0.0818851739676991,0.407996127255118,0.1490796592651081,0.4265530697895808,0.2747799535688694,0.0830327700371915,0.0219501511113678,0.1899237213151274,0.1738724669919832,10_sp_aij_36,2091765,0.1,10,6110,23,10,even
35,16.666666666666668,0.1138091890065532,0.0792717452949696,0.425444834970819,0.1822745816097737,0.4428227811152642,0.3349152428388451,0.1275932892046654,0.010760939070196,0.1488647197859299,0.1995384758021028,10_sp_aij_36,2091765,0.1,10,6110,23,10,even
36,20.0,0.1000516900765452,0.0663057734593806,0.4123877074575719,0.1583580701237754,0.4336618592735295,0.2257016976614973,0.0963940840476733,0.0119623940046905,0.1927504864906046,0.2020023896838483,10_sp_aij_36,2091765,0.1,10,6110,23,10,even
37,23.333333333333336,0.1875167281180668,0.0608183423929722,0.4508526749782498,0.101347157261125,0.4475538013142054,0.2319833822129868,0.0961228385827406,0.0096968829192262,0.154372018192978,0.2472213771351154,10_sp_aij_36,2091765,0.1,10,6110,23,10,even
38,26.666666666666668,0.1659983187935055,0.0737099288418325,0.4901674595447828,0.129654012852629,0.4307582522331417,0.2865775759174838,0.1649263252460895,0.0090863246026984,0.2080866497138898,0.2196986849363313,10_sp_aij_36,2091765,0.1,10,6110,23,10,even
39,30.0,0.2372988119442756,0.0826686023970059,0.3612423843127825,0.1033458942976166,0.4116546759039236,0.2502325596467971,0.1137405689285867,0.0078912392701917,0.1962124934453392,0.1678785950050449,10_sp_aij_36,2091765,0.1,10,6110,23,10,even
40,0.0,0.02,0.02,0.02,0.02,0.04,0.09,0.05,0.04,0.02,0.04,10_sp_aij_36,2369231,0.1,10,6110,23,10,even
41,3.333333333333333,0.1418324868541119,0.0540850868523643,0.1981940247114577,0.0224976902211702,0.2465099250028061,0.1577507939916323,0.0416580756900952,0.047628192281327,0.1446449299678129,0.0391513462133418,10_sp_aij_36,2369231,0.1,10,6110,23,10,even
42,6.666666666666667,0.2198035194027242,0.1490522432517584,0.3006598384446337,0.0699338806188283,0.3181034453330927,0.1821730879600971,0.0244202512853125,0.0528448384313202,0.1239855148375046,0.0618410638801785,10_sp_aij_36,2369231,0.1,10,6110,23,10,even
43,10.0,0.1805890487296744,0.1479836256056123,0.2872449500899544,0.1183736277336308,0.3611110183008616,0.2525076614823127,0.0205751419848213,0.0511352226351782,0.1487831201905877,0.0595117265142809,10_sp_aij_36,2369231,0.1,10,6110,23,10,even
44,13.333333333333334,0.1586498104491805,0.1082963381536904,0.3567070313065269,0.1209361403992097,0.3647061447466306,0.2376121837049936,0.0242181602437001,0.0303798956729792,0.186974121871358,0.1215185470351034,10_sp_aij_36,2369231,0.1,10,6110,23,10,even
45,16.666666666666668,0.1003299875547128,0.0632713469975097,0.3788438012417827,0.1092393893277019,0.4364375305829763,0.3026438957708423,0.0417527129978587,0.0261103878086999,0.1382746882416223,0.1836564903936021,10_sp_aij_36,2369231,0.1,10,6110,23,10,even
46,20.0,0.1785682056319422,0.0667084536394573,0.4010873832036459,0.1164738606985726,0.4815930354101869,0.2841324296053123,0.0776789633650468,0.0111397575594348,0.1106149720922007,0.2110538597492513,10_sp_aij_36,2369231,0.1,10,6110,23,10,even
47,23.333333333333336,0.1831502943997601,0.1044675228617661,0.4062970917530916,0.1827859246984802,0.6081726975315673,0.2442825261056529,0.1300174040125582,0.0108494377323453,0.2159257811355813,0.1691033721467033,10_sp_aij_36,2369231,0.1,10,6110,23,10,even
48,26.666666666666668,0.1747423299213193,0.060948624457491,0.4581599292909876,0.1168940546374761,0.4384921323122515,0.2217379595157496,0.1185663472963049,0.0089137101749252,0.1669310913235392,0.2652100194867225,10_sp_aij_36,2369231,0.1,10,6110,23,10,even
49,30.0,0.2531225490040648,0.0412645047951831,0.3393993264259797,0.1304881578046179,0.4438569114111927,0.1946860649534485,0.1167986112165706,0.0080021405850307,0.119773156380342,0.272220090544385,10_sp_aij_36,2369231,0.1,10,6110,23,10,even
50,0.0,0.06,0.03,0.06,0.01,0.05,0.04,0.06,0.01,0.04,0.09,10_sp_aij_36,2753893,0.1,10,6110,23,10,even
51,3.333333333333333,0.1530902140294593,0.101999572908908,0.305214641975598,0.0172760981244986,0.220443416788337,0.132321179199671,0.0419491755260783,0.0153239984090478,0.127592820788234,0.0469307289608293,10_sp_aij_36,2753893,0.1,10,6110,23,10,even
52,6.666666666666667,0.1372641659437628,0.1349706207803921,0.3363793077454918,0.0363703294464631,0.4010583282536143,0.226531567950661,0.0437658194541535,0.0162750219854882,0.1683044143472105,0.0763680595510465,10_sp_aij_36,2753893,0.1,10,6110,23,10,even
53,10.0,0.1811677382887693,0.1521077874801405,0.363330166653533,0.0847588318923666,0.3976823591882115,0.2325742124751805,0.029471246373242,0.026152694807626,0.1492224336232084,0.0997028773281244,10_sp_aij_36,2753893,0.1,10,6110,23,10,even
54,13.333333333333334,0.158762819698687,0.0805240024434557,0.3596497514852849,0.1404358861647701,0.4307934355318282,0.2309363817154258,0.0124733618768636,0.0332812483305348,0.1636213720804563,0.1355135238215452,10_sp_aij_36,2753893,0.1,10,6110,23,10,even
55,16.666666666666668,0.1634677268993661,0.1002641673848425,0.3448085704375334,0.1661643727705379,0.4366420163071129,0.2170915205396541,0.0524357441340117,0.0071389700422761,0.1992986225861781,0.165037514554854,10_sp_aij_36,2753893,0.1,10,6110,23,10,even
56,20.0,0.1783046498212578,0.0766809436285446,0.448343998925125,0.1347798567681754,0.4600433534422378,0.2651542097263507,0.0973543123014805,0.0041449506345859,0.1621020904607018,0.1914321275584887,10_sp_aij_36,2753893,0.1,10,6110,23,10,even
57,23.333333333333336,0.1286103646242043,0.0587739913468661,0.40382579887039,0.1531125188242879,0.4180350490080941,0.2113046779065712,0.119167073876485,0.0038591009000094,0.2071083505562601,0.1851016974327927,10_sp_aij_36,2753893,0.1,10,6110,23,10,even
58,26.666666666666668,0.1126390594604651,0.0498241609643813,0.3483088729981566,0.1665940098949378,0.3983050572785337,0.2350256979066322,0.1567331717381106,0.0034151003384049,0.1409171307100241,0.2197326037782445,10_sp_aij_36,2753893,0.1,10,6110,23,10,even
59,30.0,0.1438166178154946,0.0518345054646295,0.3907965638806587,0.1609899482284638,0.4444796492895681,0.2269082791034596,0.0979295327772348,0.0,0.1685210434549791,0.2251424220006502,10_sp_aij_36,2753893,0.1,10,6110,23,10,even
60,0.0,0.08,0.06,0.05,0.06,0.02,0.01,0.09,0.06,0.05,0.07,10_sp_aij_36,2905119,0.1,10,6110,23,10,even
61,3.333333333333333,0.1643938269536699,0.1931811137597941,0.1675048679134975,0.0577823412879173,0.2109877630185175,0.0497277050380857,0.0225292745263685,0.0979668706924526,0.1696574594860047,0.0898983626180849,10_sp_aij_36,2905119,0.1,10,6110,23,10,even
62,6.666666666666667,0.181641803898865,0.2040755408719252,0.2117826738344646,0.1510222901665762,0.3254863281096401,0.1388635528808923,0.0102884002155989,0.0491108321014306,0.214395227786232,0.079645564675614,10_sp_aij_36,2905119,0.1,10,6110,23,10,even
63,10.0,0.1447361639137718,0.1323095036512661,0.3132000878395845,0.1980615992283523,0.5014825836086111,0.2018974418676682,0.0152090273578248,0.0365404966077915,0.1528944340006348,0.1111785562223018,10_sp_aij_36,2905119,0.1,10,6110,23,10,even
64,13.333333333333334,0.1236137685455414,0.0899504487048881,0.5497040354917399,0.179048356212854,0.5186933645131111,0.2773408417788179,0.0524440501865579,0.0147837693625697,0.1435642892815294,0.194966129053495,10_sp_aij_36,2905119,0.1,10,6110,23,10,even
65,16.666666666666668,0.0832787855860203,0.0974300702989762,0.3603715041867953,0.1496343540889612,0.3974960531347097,0.2819580164212354,0.0975912778039048,0.0236553069911325,0.2242990212595498,0.2288865389025376,10_sp_aij_36,2905119,0.1,10,6110,23,10,even
66,20.0,0.081692317885663,0.0910750329619512,0.3212109334228251,0.1483559083930922,0.4311608733783483,0.277259721170644,0.0929303117603948,0.0229779589218262,0.2265422177680711,0.1906416938921989,10_sp_aij_36,2905119,0.1,10,6110,23,10,even
67,23.333333333333336,0.0982014908913369,0.0952139409427359,0.4114111256418574,0.2045007784959633,0.5406464273791505,0.2084138992076629,0.0865976249208207,0.0101952263043173,0.1409136478363834,0.1747567172761123,10_sp_aij_36,2905119,0.1,10,6110,23,10,even
68,26.666666666666668,0.1828278202717576,0.0802068284836701,0.4946420948206555,0.1758734964981242,0.5820189996147445,0.2537258178889168,0.1054379525687726,0.0101315153237482,0.1845069377466315,0.2234098821180762,10_sp_aij_36,2905119,0.1,10,6110,23,10,even
69,30.0,0.1604180869634753,0.0782927135811967,0.5511309486058551,0.2059830990266835,0.6648733327672872,0.2478893576703598,0.1046337874207273,0.0096749256617506,0.2047664478476952,0.351420140965219,10_sp_aij_36,2905119,0.1,10,6110,23,10,even
70,0.0,0.04,0.03,0.05,0.08,0.06,0.05,0.03,0.07,0.09,0.09,10_sp_aij_36,3049039,0.1,10,6110,23,10,even
71,3.333333333333333,0.1701942844097003,0.0961933791585413,0.2061226165483408,0.1103367912682262,0.3070681135698878,0.1434774941305551,0.0269185340905294,0.062696562325296,0.1603417748375838,0.1234221605240405,10_sp_aij_36,3049039,0.1,10,6110,23,10,even
72,6.666666666666667,0.1920875332544959,0.1476225335703726,0.3695419237657508,0.1270151983843178,0.4409846969075373,0.1981792810046513,0.0236086685906554,0.0460550836956506,0.1273990869198857,0.1190995110346981,10_sp_aij_36,3049039,0.1,10,6110,23,10,even
73,10.0,0.1766905750547628,0.114799246331981,0.4299055809357164,0.2295464710291458,0.4598642656045,0.1680831839742191,0.0829355551698864,0.0407573618473565,0.1719987207026575,0.159178385168311,10_sp_aij_36,3049039,0.1,10,6110,23,10,even
74,13.333333333333334,0.1812090878716223,0.0773274312278265,0.4444840828300258,0.195324573300844,0.5691514412819321,0.1704607619001928,0.1447268589665916,0.0367310718169319,0.2022339444701702,0.1922292796049744,10_sp_aij_36,3049039,0.1,10,6110,23,10,even
75,16.666666666666668,0.2309853990123294,0.1216575838348484,0.3912669680003864,0.1347712761710886,0.4054444010487016,0.2887423085718382,0.1001579382504349,0.0231983763396175,0.1707279761893323,0.2031520633399623,10_sp_aij_36,3049039,0.1,10,6110,23,10,even
76,20.0,0.1510768431325953,0.0887613040577554,0.5120369756941702,0.1404184734003689,0.381636934397587,0.3512999979403168,0.0636995678496719,0.0148932632276084,0.1432695935926616,0.160538596403227,10_sp_aij_36,3049039,0.1,10,6110,23,10,even
77,23.333333333333336,0.1831665300383444,0.0806042402979617,0.4720646261336272,0.2125749953239496,0.4956282895665385,0.2130708016687344,0.1595676021800698,0.0150779525977848,0.1331865914152969,0.1842586471836042,10_sp_aij_36,3049039,0.1,10,6110,23,10,even
78,26.666666666666668,0.2578240049377633,0.0641858141967099,0.5349810947434143,0.1108256460075669,0.468565866928848,0.2567884300317134,0.2131271742221897,0.019787687711621,0.1428999466769478,0.1709132384289815,10_sp_aij_36,3049039,0.1,10,6110,23,10,even
79,30.0,0.1922975292984793,0.0544134808291843,0.3575947594472746,0.1059016815436586,0.4801604771559915,0.1648458292637196,0.1563601921861833,0.0266733931189828,0.1502455583308922,0.1418262597921731,10_sp_aij_36,3049039,0.1,10,6110,23,10,even
80,0.0,0.04,0.06,0.03,0.03,0.08,0.08,0.01,0.01,0.09,0.03,10_sp_aij_36,4211685,0.1,10,6110,23,10,even
81,3.333333333333333,0.1460488348174431,0.145991410257736,0.1149169739146409,0.0421107275117031,0.3116476122923683,0.1412435662489127,0.0048674258765974,0.0148759074652325,0.1812324010321872,0.0376583654687795,10_sp_aij_36,4211685,0.1,10,6110,23,10,even
82,6.666666666666667,0.2068847585651032,0.1460847912419328,0.2916041894204939,0.1511081262407658,0.4097379158690349,0.2368415463487362,0.0033504998527555,0.0201059612645339,0.160896739828674,0.0458039307758579,10_sp_aij_36,4211685,0.1,10,6110,23,10,even
83,10.0,0.1564815483141107,0.146424129075748,0.4348783940444587,0.1480115545795308,0.4775877246135054,0.2477536702204887,0.0053972179558838,0.0133456303029103,0.1946347580651585,0.08706761992432,10_sp_aij_36,4211685,0.1,10,6110,23,10,even
84,13.333333333333334,0.1528312532385902,0.0819727020225274,0.4786990062832904,0.214451859567849,0.593690978317584,0.2823574257260282,0.0120385236055099,0.0064681665841339,0.1321322076941936,0.2237450493428673,10_sp_aij_36,4211685,0.1,10,6110,23,10,even
85,16.666666666666668,0.1216104868968841,0.0598218821328523,0.5844091002351508,0.1977033770227351,0.4593969783358231,0.2509112857246523,0.0825716888640905,0.0,0.1644424677693161,0.2418771210210656,10_sp_aij_36,4211685,0.1,10,6110,23,10,even
86,20.0,0.1587008176169047,0.0420989222894869,0.4462909263442682,0.1403013577779261,0.5545045891456293,0.2139594678236289,0.1599647483222565,0.0,0.2077708002986113,0.1911131083471075,10_sp_aij_36,4211685,0.1,10,6110,23,10,even
87,23.333333333333336,0.1774806501424614,0.0369640893192963,0.3063618789715385,0.1579772354240841,0.4229047198533391,0.2293785802875067,0.1159832875294295,0.0,0.1557904862797384,0.2047779694855834,10_sp_aij_36,4211685,0.1,10,6110,23,10,even
88,26.666666666666668,0.1442545151672387,0.0485074728354999,0.4193606188462932,0.1250688932652457,0.427586753348916,0.3108487372073907,0.1529194949451737,0.0,0.139105293712418,0.2094014907990542,10_sp_aij_36,4211685,0.1,10,6110,23,10,even
89,30.0,0.1254736151817078,0.0678039759163395,0.4392492038387187,0.1911381230080286,0.389559628221846,0.298658504476138,0.1194405059827971,0.0,0.1928179521083707,0.194019212901048,10_sp_aij_36,4211685,0.1,10,6110,23,10,even
90,0.0,0.08,0.01,0.05,0.03,0.08,0.01,0.01,0.02,0.01,0.02,10_sp_aij_36,4240255,0.1,10,6110,23,10,even
91,3.333333333333333,0.2304821028856239,0.0308301960227556,0.2338335876995039,0.0227722877729977,0.2057131422469418,0.0315764640803598,0.0272650362792024,0.0381866727691228,0.0263127801782522,0.0670817435281345,10_sp_aij_36,4240255,0.1,10,6110,23,10,even
92,6.666666666666667,0.2320303345399464,0.1054564494777172,0.2634277521983897,0.0341524234257337,0.3179929782365981,0.0799850993473599,0.0594086375734892,0.0326631260093065,0.0889237465741375,0.0857162260976854,10_sp_aij_36,4240255,0.1,10,6110,23,10,even
93,10.0,0.2012129118120228,0.1634441624991999,0.2379072418822355,0.084727106143781,0.3495053215719362,0.1594258049486206,0.0404551273374332,0.0511520909652208,0.1414809818858843,0.1373992639658042,10_sp_aij_36,4240255,0.1,10,6110,23,10,even
94,13.333333333333334,0.1105977857102185,0.0850828335279909,0.3451830696586426,0.1229474983304567,0.4310170251006828,0.1874477510965411,0.0716367106775204,0.0689748531765286,0.1958206640626805,0.1635711888714614,10_sp_aij_36,4240255,0.1,10,6110,23,10,even
95,16.666666666666668,0.2217419118671777,0.1102559461776671,0.2917325506833603,0.1340497627536815,0.3435423660488759,0.247361003297683,0.0481408244705683,0.0282569579880501,0.2306374655265239,0.17345572553892,10_sp_aij_36,4240255,0.1,10,6110,23,10,even
96,20.0,0.1812178943278077,0.0783845901596206,0.4243487940149413,0.137390034407595,0.5096565420121398,0.2965087191661006,0.0419706580644102,0.0258725045010891,0.1297728665056751,0.2212549251376596,10_sp_aij_36,4240255,0.1,10,6110,23,10,even
97,23.333333333333336,0.119985984819957,0.0555409737536588,0.4393756740125359,0.1718619103097899,0.4879178444574164,0.2706076233832434,0.1055401442147984,0.0158081621286917,0.1321582900245234,0.1578854550620412,10_sp_aij_36,4240255,0.1,10,6110,23,10,even
98,26.666666666666668,0.1509707163275923,0.0652155671118282,0.3669558514340869,0.1451174611529704,0.4983175723130197,0.2616600668307277,0.1095769174072961,0.0078753411839836,0.1235791077664739,0.1926906115906815,10_sp_aij_36,4240255,0.1,10,6110,23,10,even
99,30.0,0.1705792906476544,0.112778976723308,0.3532424777699584,0.1549217985586087,0.510314573933575,0.2246265397629766,0.0801544692953125,0.0073951919060197,0.1610538490947444,0.2483092151203381,10_sp_aij_36,4240255,0.1,10,6110,23,10,even
100,0.0,0.04,0.08,0.09,0.06,0.06,0.06,0.08,0.03,0.02,0.09,10_sp_aij_36,5140131,0.1,10,6110,23,10,even
101,3.333333333333333,0.2698994833538648,0.1403426369878144,0.306608597977216,0.0859826324431769,0.3078205426493085,0.1126045288833299,0.0871689527836613,0.0596124914586228,0.1010347085675709,0.0734953504271435,10_sp_aij_36,5140131,0.1,10,6110,23,10,even
102,6.666666666666667,0.237394124694195,0.087534765294035,0.3597368080633552,0.0781030434017401,0.3265530914992658,0.1389660511902874,0.1150449623324285,0.0567540464454646,0.1530301375890303,0.1104879832844866,10_sp_aij_36,5140131,0.1,10,6110,23,10,even
103,10.0,0.2684223671856838,0.1089115292290569,0.2864014434376764,0.1504370341553393,0.3191387959083654,0.1536873611796296,0.0861757983667755,0.072169030601118,0.1617403232305089,0.1517452898226671,10_sp_aij_36,5140131,0.1,10,6110,23,10,even
104,13.333333333333334,0.1970359771794095,0.0977772618742649,0.4386656850402838,0.1548847115320913,0.5241856229893453,0.2539036029167424,0.1033301119838689,0.0900432570226014,0.1463512342833143,0.1865383913539358,10_sp_aij_36,5140131,0.1,10,6110,23,10,even
105,16.666666666666668,0.1882465700367848,0.1000060918499211,0.4736123898598207,0.207488864061826,0.5044650863743162,0.2295029166560984,0.1072851367332647,0.052894813247006,0.1233520878014171,0.1699183245332652,10_sp_aij_36,5140131,0.1,10,6110,23,10,even
106,20.0,0.1957519174166609,0.1063405300673707,0.3833669703604817,0.1567857945996558,0.5538690839199114,0.2388796206850593,0.129866039440441,0.0646254822645303,0.2013605052707449,0.1709126672982565,10_sp_aij_36,5140131,0.1,10,6110,23,10,even
107,23.333333333333336,0.1808027967721537,0.0767709638534997,0.3498072406781772,0.1512359211464859,0.5450529199085171,0.2332583918339825,0.0918308599414599,0.0619576010274788,0.2108611093818773,0.1669034719267795,10_sp_aij_36,5140131,0.1,10,6110,23,10,even
108,26.666666666666668,0.2197203871023197,0.0586934077952744,0.4347433072463739,0.1608540307539574,0.4719761325404605,0.2157283276538732,0.1132953705306507,0.0470898984504527,0.1733650122970799,0.2157730049291817,10_sp_aij_36,5140131,0.1,10,6110,23,10,even
109,30.0,0.2126522322860958,0.0907854340811368,0.4058495998558222,0.1377800199543892,0.4923813402250553,0.242149683850827,0.1002837775683715,0.0310281194727393,0.1283738830480014,0.2467909138676938,10_sp_aij_36,5140131,0.1,10,6110,23,10,even
110,0.0,0.04,0.07,0.02,0.04,0.03,0.03,0.07,0.06,0.01,0.03,10_sp_aij_36,5576645,0.1,10,6110,23,10,even
111,3.333333333333333,0.1941811480894098,0.1566717863553623,0.1819133020345179,0.0668278639879573,0.2034430670358982,0.0346371754639016,0.0660347737407908,0.073726321781254,0.0582349082970867,0.0607808991513424,10_sp_aij_36,5576645,0.1,10,6110,23,10,even
112,6.666666666666667,0.2062304095810325,0.1314633507499795,0.2753653055184378,0.0931835473537367,0.2843950106683596,0.0754635223399654,0.0638491543108598,0.0493411760777727,0.1340594149322417,0.0957124097186947,10_sp_aij_36,5576645,0.1,10,6110,23,10,even
113,10.0,0.2258704881551042,0.1534926976636762,0.3396747157119279,0.1024664291283741,0.4262907148431402,0.1599293745865013,0.1012767483348852,0.0597697947280417,0.1585911604648603,0.2267281218670673,10_sp_aij_36,5576645,0.1,10,6110,23,10,even
114,13.333333333333334,0.20016973108448,0.1303099919133561,0.3631852839993686,0.1338875702156667,0.4976349192285133,0.3072855940060361,0.0595738067297515,0.0469732075055161,0.1424845048490937,0.1493575763421251,10_sp_aij_36,5576645,0.1,10,6110,23,10,even
115,16.666666666666668,0.1792403231943367,0.0965906628186714,0.4569263020178871,0.1587260264425552,0.4754637585009267,0.2699590356025716,0.1005835870096138,0.027480005038693,0.1677123221681765,0.2295295544009922,10_sp_aij_36,5576645,0.1,10,6110,23,10,even
116,20.0,0.1892501451938686,0.0704087136988249,0.4008890620589853,0.1789577267444072,0.3671305715200051,0.2688846160513858,0.1351835415738932,0.0177607663652151,0.1598909374807463,0.243914393437777,10_sp_aij_36,5576645,0.1,10,6110,23,10,even
117,23.333333333333336,0.2299419240661841,0.0449307056689739,0.4342481544376245,0.1619172365731061,0.5701634925393279,0.2346123127465761,0.189972768008017,0.0250698667430849,0.1045672901949266,0.1907912210929171,10_sp_aij_36,5576645,0.1,10,6110,23,10,even
118,26.666666666666668,0.2135640146553777,0.0631092591758188,0.3070877208283931,0.1217846943266007,0.3726168776010805,0.1952897947016137,0.1472403998217308,0.03398973188203,0.1641051975014076,0.2351578863957108,10_sp_aij_36,5576645,0.1,10,6110,23,10,even
119,30.0,0.1903086075372982,0.0886257809993252,0.3603547325571578,0.1186857619162227,0.3839691679312679,0.2310847141054889,0.0870809123514114,0.0315791866590429,0.1318155197397378,0.166761843667056,10_sp_aij_36,5576645,0.1,10,6110,23,10,even
120,0.0,0.04,0.03,0.01,0.02,0.09,0.04,0.09,0.09,0.05,0.03,10_sp_aij_36,5589942,0.1,10,6110,23,10,even
121,3.333333333333333,0.2280000275249749,0.1476531646751921,0.0946135015511182,0.0286698963261601,0.227367189698622,0.0535456487319932,0.0316895219270867,0.072576556623734,0.1369114902034296,0.0731563480881651,10_sp_aij_36,5589942,0.1,10,6110,23,10,even
122,6.666666666666667,0.1406601220427887,0.1543019468916051,0.2083496075211532,0.0538741945488782,0.2753022915590208,0.1129377575966449,0.0172021551633861,0.0611620259072489,0.1655750286786565,0.0769325429097451,10_sp_aij_36,5589942,0.1,10,6110,23,10,even
123,10.0,0.1799804618433676,0.1862056022345375,0.3934957071553286,0.1384340841185031,0.3103634310880694,0.2488429402270644,0.0082803187010643,0.0491874611549355,0.1867511355126627,0.0931284984100792,10_sp_aij_36,5589942,0.1,10,6110,23,10,even
124,13.333333333333334,0.1313948875576573,0.1313108020251375,0.4461306650001547,0.1626649804750933,0.4387582037536427,0.2155537827739248,0.0116356504664967,0.0298843052034761,0.1723646325698272,0.1118997545547854,10_sp_aij_36,5589942,0.1,10,6110,23,10,even
125,16.666666666666668,0.1053760752663112,0.0688159662245009,0.4834598830930395,0.1984000253964878,0.5464616158062789,0.3009219776270526,0.0550137504050616,0.0127138809334277,0.216881995380497,0.1719746903526413,10_sp_aij_36,5589942,0.1,10,6110,23,10,even
126,20.0,0.1976268035944681,0.0851708944628721,0.3875095803027134,0.1709669340457156,0.4162072470846935,0.352957914764948,0.116041658327835,0.0076091975566205,0.1493156140031415,0.2393063932678405,10_sp_aij_36,5589942,0.1,10,6110,23,10,even
127,23.333333333333336,0.1499517826806752,0.0662868507063336,0.4872025501219498,0.1588355613411868,0.4828794779448648,0.3226080600400421,0.1660538555869605,0.0055848317739703,0.1685636497876821,0.2319949583214061,10_sp_aij_36,5589942,0.1,10,6110,23,10,even
128,26.666666666666668,0.1579576042799927,0.080304403425876,0.4352420351888132,0.1543874015898075,0.4696966771404049,0.2173826547940946,0.1371458993996026,0.0055072174532763,0.2236044542958977,0.1628633182370147,10_sp_aij_36,5589942,0.1,10,6110,23,10,even
129,30.0,0.2077677457589353,0.0771856460311963,0.339443555735786,0.153474293458896,0.4446226879551723,0.2055828981087597,0.095128302690721,0.0081725169056674,0.1640733577410518,0.2167721363400898,10_sp_aij_36,5589942,0.1,10,6110,23,10,even
130,0.0,0.09,0.04,0.07,0.05,0.06,0.03,0.03,0.06,0.06,0.05,10_sp_aij_36,8493390,0.1,10,6110,23,10,even
131,3.333333333333333,0.229941734848983,0.1329051682680978,0.2667678599930256,0.0655909606123624,0.239656120502743,0.1200693309052338,0.026542305296661,0.0939468805784525,0.1312506531158014,0.0757184033902691,10_sp_aij_36,8493390,0.1,10,6110,23,10,even
132,6.666666666666667,0.179083378846113,0.1748047180468427,0.3120336664782647,0.1079264996710799,0.2615153331134018,0.2057109289082472,0.0319507503086191,0.0574539028763903,0.1362622855883612,0.1253869879238371,10_sp_aij_36,8493390,0.1,10,6110,23,10,even
133,10.0,0.131014783714727,0.1238746523848394,0.2978391206938052,0.1273483550641239,0.4452076336952252,0.245667832386785,0.0312931880065216,0.046040798347879,0.1862896242744548,0.2469777839754026,10_sp_aij_36,8493390,0.1,10,6110,23,10,even
134,13.333333333333334,0.1918857201695623,0.1306158433691938,0.3294851501092882,0.1663375503357383,0.4459220175152882,0.1891596302254009,0.0361419420289737,0.0385196364209842,0.1330782247255769,0.212175394806106,10_sp_aij_36,8493390,0.1,10,6110,23,10,even
135,16.666666666666668,0.0792060916904826,0.0899196910142352,0.477641090890968,0.1554319153264209,0.5265290926557551,0.28627449117493,0.0791707292351093,0.0183734832593812,0.2014352527088325,0.2264264300926167,10_sp_aij_36,8493390,0.1,10,6110,23,10,even
136,20.0,0.1245988850142254,0.0943823859050526,0.5105246005026748,0.2243145529311844,0.5083961698711355,0.284503406171882,0.1277751394123988,0.0151359813900162,0.1778299388682623,0.2184581001658608,10_sp_aij_36,8493390,0.1,10,6110,23,10,even
137,23.333333333333336,0.1413867158357605,0.0648900939696083,0.4126496545471974,0.1397893895473422,0.4684778256098792,0.2303776207453322,0.1419420700372169,0.0121162067697478,0.149180876730638,0.2619897576726113,10_sp_aij_36,8493390,0.1,10,6110,23,10,even
138,26.666666666666668,0.16822811498471,0.0384317452043828,0.3955495373493555,0.16026963429277,0.41179123904216,0.2139376311375061,0.1492508789411505,0.0088370504235841,0.2152921711670318,0.2856602320389898,10_sp_aij_36,8493390,0.1,10,6110,23,10,even
139,30.0,0.2026359605146521,0.0605871464124057,0.4943892214604163,0.1518773429429507,0.5580812974683593,0.2180748068859327,0.1342120047077702,0.0082274182170485,0.1864313047396482,0.1872549745306317,10_sp_aij_36,8493390,0.1,10,6110,23,10,even
140,0.0,0.09,0.09,0.08,0.08,0.08,0.06,0.04,0.01,0.09,0.02,10_sp_aij_36,8982779,0.1,10,6110,23,10,even
141,3.333333333333333,0.1783492053245786,0.1521196686798663,0.2975827458903617,0.0704878038057288,0.247552820026089,0.161795384826914,0.0335503467614227,0.0160926429713412,0.1371574225902551,0.0305604254581487,10_sp_aij_36,8982779,0.1,10,6110,23,10,even
142,6.666666666666667,0.2612037252368586,0.1192676869591091,0.2910683441206734,0.1691571622375604,0.3583228354022406,0.1871608761561752,0.0418235911088695,0.0242840808642413,0.102659971150953,0.06903176629021,10_sp_aij_36,8982779,0.1,10,6110,23,10,even
143,10.0,0.1472882076296495,0.093110346261415,0.4350313349773601,0.1482688042354781,0.4530621946781172,0.2395385127112008,0.0608977863407595,0.0228836789666528,0.1510537816681041,0.1755470898096767,10_sp_aij_36,8982779,0.1,10,6110,23,10,even
144,13.333333333333334,0.1603159816238616,0.1007381255100076,0.4035005727286734,0.2471042004913775,0.5069809305270522,0.2179010010569488,0.1311694829160513,0.0142728258675382,0.2092089761987652,0.2115998172787123,10_sp_aij_36,8982779,0.1,10,6110,23,10,even
145,16.666666666666668,0.1664707937913949,0.1025000034008982,0.4828488924273093,0.2104250058562028,0.6031608867059215,0.2408204008352929,0.2105708087725618,0.014437858716958,0.1537048586013933,0.1864399377719109,10_sp_aij_36,8982779,0.1,10,6110,23,10,even
146,20.0,0.2014030864863472,0.1120060024015891,0.3949172775083964,0.1501455617780237,0.4906219430479395,0.2269520671134461,0.1288263181294694,0.0160609568383326,0.1767985442734413,0.211018527417671,10_sp_aij_36,8982779,0.1,10,6110,23,10,even
147,23.333333333333336,0.1761329170425508,0.1085708183908047,0.3226249978919702,0.1501594734071744,0.4622404595321997,0.1928148176868521,0.1080362418679122,0.0085836861571224,0.1829114805339808,0.1748110315783796,10_sp_aij_36,8982779,0.1,10,6110,23,10,even
148,26.666666666666668,0.1772359340355351,0.0703167479326584,0.4632845734408167,0.1609006459996718,0.5249880084944848,0.211824534279733,0.1255541776726905,0.0071683848538513,0.1591714688265743,0.173985316407177,10_sp_aij_36,8982779,0.1,10,6110,23,10,even
149,30.0,0.1626318612131437,0.0638300393772079,0.4131491120794054,0.1765829767263607,0.581927942112931,0.2368932263737026,0.1492493357261844,0.0071225841904736,0.1334458174065868,0.2698258164184115,10_sp_aij_36,8982779,0.1,10,6110,23,10,even
150,0.0,0.06,0.08,0.04,0.05,0.07,0.09,0.05,0.09,0.04,0.05,10_sp_aij_36,9036584,0.1,10,6110,23,10,even
151,3.333333333333333,0.1825709028405309,0.128135530586481,0.272970916722751,0.0659779305701612,0.3652136818324996,0.1392076685164014,0.0482063822489946,0.0737177688917925,0.1073784325032926,0.092653015105454,10_sp_aij_36,9036584,0.1,10,6110,23,10,even
152,6.666666666666667,0.1501795741292141,0.1499165173117176,0.3730904457054758,0.091590253494658,0.4409852920704783,0.2716294986827504,0.0443127815087763,0.0304388943905867,0.2356664854127891,0.0988750668628968,10_sp_aij_36,9036584,0.1,10,6110,23,10,even
153,10.0,0.1552388564485942,0.0766750405572669,0.3771902516244743,0.1665018118492958,0.4480728274265985,0.2741666673653561,0.0444006728077052,0.0160353875439517,0.1463339534531728,0.1098394051832314,10_sp_aij_36,9036584,0.1,10,6110,23,10,even
154,13.333333333333334,0.1563156818039024,0.1354797906810656,0.4251156390273541,0.1574173494490293,0.3420975591912521,0.2618503992255714,0.0471229008770813,0.0108423804581612,0.1513854471954053,0.1137377992650673,10_sp_aij_36,9036584,0.1,10,6110,23,10,even
155,16.666666666666668,0.1705205876152678,0.1097178351124577,0.3368851306821611,0.1568653180268356,0.5252425501029022,0.2683719328264835,0.0647085088377317,0.0094263123229055,0.1671572481140867,0.1804416514776118,10_sp_aij_36,9036584,0.1,10,6110,23,10,even
156,20.0,0.1494619222898354,0.0769263290894354,0.4683315400516381,0.1482488564520651,0.421877481953298,0.2726422724511977,0.0572850899223009,0.0105976533124197,0.1211683653976852,0.1557861724072044,10_sp_aij_36,9036584,0.1,10,6110,23,10,even
157,23.333333333333336,0.1952423078513236,0.082755766366489,0.5311352099095468,0.1366132620921311,0.4774635239649445,0.3447628617881241,0.055279868746886,0.0126564574089384,0.1609713448297212,0.1849456475546604,10_sp_aij_36,9036584,0.1,10,6110,23,10,even
158,26.666666666666668,0.1776720838003395,0.0688696027422546,0.4406562473396705,0.1366230569811716,0.4430464412823054,0.2660475723897543,0.0941134551129907,0.0128219086657345,0.1453936484518628,0.1915361323557486,10_sp_aij_36,9036584,0.1,10,6110,23,10,even
159,30.0,0.1062121554251432,0.0653284005365704,0.445838611991005,0.1519084820707262,0.3926609545070887,0.3047333766065305,0.1067132265841172,0.0091529952131541,0.1367713280319184,0.1705770715380301,10_sp_aij_36,9036584,0.1,10,6110,23,10,even
160,0.0,0.09,0.09,0.01,0.06,0.03,0.04,0.04,0.04,0.04,0.01,10_sp_aij_36,9275155,0.1,10,6110,23,10,even
161,3.333333333333333,0.3208399170240982,0.2203890492629693,0.0813385842800592,0.0552482291200039,0.189473182282291,0.0620515722096526,0.0094041610011406,0.0876627289409768,0.1453757033724885,0.0098109821504523,10_sp_aij_36,9275155,0.1,10,6110,23,10,even
162,6.666666666666667,0.2505856355409154,0.139643016564471,0.2176272234365474,0.1197587903441999,0.2988375654748336,0.1251978197861865,0.0085631145928945,0.0904658450495507,0.1924462132128849,0.0261041526902574,10_sp_aij_36,9275155,0.1,10,6110,23,10,even
163,10.0,0.2070433600306327,0.1365592212048617,0.2878458025976507,0.1601831074012931,0.3606939368607549,0.2317917554231967,0.0025839918764449,0.0434703854683992,0.1466056233962896,0.0440273173623622,10_sp_aij_36,9275155,0.1,10,6110,23,10,even
164,13.333333333333334,0.1646928193005689,0.1115662049969594,0.5176768495660439,0.1327472333912376,0.4094867788161088,0.3079124340591621,0.0,0.0181339802919461,0.1012696175031322,0.1178180928261925,10_sp_aij_36,9275155,0.1,10,6110,23,10,even
165,16.666666666666668,0.1748931287672482,0.1037860184434162,0.4289341861063159,0.1799022064167937,0.4023238322609108,0.2653532117143956,0.0,0.011133465539258,0.1211094760721814,0.1322270856730098,10_sp_aij_36,9275155,0.1,10,6110,23,10,even
166,20.0,0.1169550812788323,0.1124942728791475,0.3774826788736544,0.1022784663191895,0.3395573104755194,0.2823094576535963,0.0,0.013956901128809,0.138216757171457,0.1321587691992203,10_sp_aij_36,9275155,0.1,10,6110,23,10,even
167,23.333333333333336,0.1049466427487399,0.0848978288868936,0.4665734935297949,0.160854912729651,0.3231722322804988,0.2179105284707661,0.0,0.0077195899579031,0.1562017182826385,0.1481496760164386,10_sp_aij_36,9275155,0.1,10,6110,23,10,even
168,26.666666666666668,0.1232586933005213,0.0966412222376807,0.3769818723106947,0.2171892295240841,0.3920616490483252,0.2377520779779504,0.0,0.0027344006536948,0.1693396414045445,0.1034155382209358,10_sp_aij_36,9275155,0.1,10,6110,23,10,even
169,30.0,0.109627789918268,0.1115413296818927,0.4211576793388878,0.1976797264504563,0.4691314655513569,0.2720828471852249,0.0,0.0,0.1579836396815118,0.1703509815616908,10_sp_aij_36,9275155,0.1,10,6110,23,10,even
170,0.0,0.06,0.06,0.01,0.01,0.01,0.08,0.08,0.04,0.04,0.05,10_sp_aij_36,9845126,0.1,10,6110,23,10,even
171,3.333333333333333,0.1994253933227138,0.181430852420002,0.1124838307980074,0.021905224199367,0.1471981428656515,0.157031256778867,0.0171842552269678,0.0524739430839707,0.1489779735514787,0.0329124923701729,10_sp_aij_36,9845126,0.1,10,6110,23,10,even
172,6.666666666666667,0.1714959999226698,0.1565676359727409,0.2650756881023454,0.0368790154439864,0.3282701857549589,0.2281034793398829,0.0082714183434997,0.032678002026523,0.1550359052690463,0.0377368406246261,10_sp_aij_36,9845126,0.1,10,6110,23,10,even
173,10.0,0.1583362250687951,0.147552622893116,0.4089408475813251,0.0717946354310909,0.3323500221887889,0.2858024297229654,0.0073933832050119,0.0449838907233137,0.1452711950068265,0.0700814752182393,10_sp_aij_36,9845126,0.1,10,6110,23,10,even
174,13.333333333333334,0.1566911503366219,0.1582039894397192,0.4362030046811798,0.1251468928598825,0.4257981021537218,0.2873885831168505,0.008585633468802,0.0313703266997274,0.1745433763734934,0.1032859996319695,10_sp_aij_36,9845126,0.1,10,6110,23,10,even
175,16.666666666666668,0.1832139242337241,0.0843461887616442,0.4267623338783365,0.1416947788317946,0.3654581799078265,0.2139764329123913,0.0313277093349156,0.0189067151908132,0.1435250986638202,0.1277829780074424,10_sp_aij_36,9845126,0.1,10,6110,23,10,even
176,20.0,0.1257989267143037,0.0672819921958814,0.4503576523794569,0.1032619838924063,0.4902420900134113,0.3017089971717638,0.0807971197893723,0.0087170607549062,0.1232286918918643,0.2212332740489761,10_sp_aij_36,9845126,0.1,10,6110,23,10,even
177,23.333333333333336,0.1592632234451549,0.0760006411412326,0.4793965886959266,0.1193037903561007,0.4474543062186033,0.2217110188133943,0.1011061608002291,0.0046729627321459,0.135213086938513,0.2125010134723616,10_sp_aij_36,9845126,0.1,10,6110,23,10,even
178,26.666666666666668,0.1643867659576859,0.0808769360712264,0.2937399276699647,0.1321070146659185,0.4170311429189935,0.2918339383589725,0.074156504472342,0.0043652743706428,0.1775935069151417,0.1997526254340283,10_sp_aij_36,9845126,0.1,10,6110,23,10,even
179,30.0,0.137295056325838,0.0581821298396464,0.4703206892788097,0.1324087550940535,0.4697747797186231,0.296833973470378,0.0784381376228842,0.0046242018963251,0.1150954673236515,0.1407652489253,10_sp_aij_36,9845126,0.1,10,6110,23,10,even
180,0.0,0.07,0.06,0.07,0.04,0.06,0.08,0.06,0.06,0.06,0.08,10_sp_aij_36,10011807,0.1,10,6110,23,10,even
181,3.333333333333333,0.1593789954414579,0.1657843378314184,0.1476788005315591,0.0946745351434086,0.2602823849304864,0.1463728335051303,0.0233394148358269,0.0568730377790129,0.1574853991512563,0.0910150465933283,10_sp_aij_36,10011807,0.1,10,6110,23,10,even
182,6.666666666666667,0.2162842876676333,0.1336626787327222,0.353816570418844,0.1456423387481874,0.4653114884204136,0.2136441677694029,0.039931279173669,0.0348476634126459,0.1256320671479597,0.1311852575188057,10_sp_aij_36,10011807,0.1,10,6110,23,10,even
183,10.0,0.1427315435979356,0.076064831951422,0.3708813324884574,0.1913601999399279,0.3904543741111088,0.240210076056987,0.0762289172904928,0.029751551170503,0.1279048048889202,0.1492125568702597,10_sp_aij_36,10011807,0.1,10,6110,23,10,even
184,13.333333333333334,0.1482140864319579,0.1145034141485007,0.3884268919517128,0.1299956511958696,0.3520261260133311,0.1602474647402176,0.0665021931835121,0.0268695871307225,0.130538103873327,0.1920786645005807,10_sp_aij_36,10011807,0.1,10,6110,23,10,even
185,16.666666666666668,0.1878548157107414,0.1009453580583401,0.3958499150876934,0.1172116089001072,0.4068521706729719,0.2138801045560414,0.1498464936038775,0.0239956140298709,0.1852362496477889,0.2015587463300594,10_sp_aij_36,10011807,0.1,10,6110,23,10,even
186,20.0,0.2038375131448342,0.0598533216057657,0.3571413760821524,0.1360871338344727,0.3776485090997549,0.2564746773628706,0.1053265597568695,0.0159098822689761,0.1773777390511256,0.2161149730645744,10_sp_aij_36,10011807,0.1,10,6110,23,10,even
187,23.333333333333336,0.1601434855313744,0.0524808493719656,0.4075064645741237,0.1697158168612215,0.5454317685593175,0.1787236502281342,0.1265330770419842,0.0156026351906226,0.1812165205802909,0.2050192502173455,10_sp_aij_36,10011807,0.1,10,6110,23,10,even
188,26.666666666666668,0.1968881750606212,0.0645536660953622,0.3671126379825373,0.1761449499965694,0.5743329091543572,0.1814656668825346,0.1503041166868134,0.0129644852841005,0.2091208684674526,0.192294080511543,10_sp_aij_36,10011807,0.1,10,6110,23,10,even
189,30.0,0.2303021421383118,0.0416895310841901,0.3788481146023503,0.158743364185417,0.3590795424504114,0.1872963557016863,0.1729787827037257,0.0131502982783803,0.131414523462021,0.224456349641848,10_sp_aij_36,10011807,0.1,10,6110,23,10,even
190,0.0,0.03,0.04,0.07,0.08,0.06,0.09,0.06,0.05,0.01,0.03,10_sp_aij_36,10488077,0.1,10,6110,23,10,even
191,3.333333333333333,0.1741038262140984,0.1705075218980478,0.3038895028573433,0.0976733902378408,0.2809077331532623,0.1733938994994282,0.0858317472176946,0.0611519451795501,0.0683211321255957,0.0589216750557627,10_sp_aij_36,10488077,0.1,10,6110,23,10,even
192,6.666666666666667,0.2286874285065455,0.1027647916517506,0.3316613892770941,0.0990554771648623,0.3169491629058606,0.2648910938626686,0.0820071771279754,0.0891194680617111,0.1017229775990899,0.1287967544385839,10_sp_aij_36,10488077,0.1,10,6110,23,10,even
193,10.0,0.25465040090823,0.1548993549320526,0.371165295502651,0.1213148727561871,0.373132054995609,0.2351431435572828,0.0392088014607176,0.06563681259891,0.131257294078697,0.1401745935022936,10_sp_aij_36,10488077,0.1,10,6110,23,10,even
194,13.333333333333334,0.1553314322547921,0.1552943723926417,0.4706562017981363,0.1663943350930065,0.5466799947523893,0.2310099051228232,0.0419109544648867,0.0606273591120822,0.1614090363456388,0.1277530327422646,10_sp_aij_36,10488077,0.1,10,6110,23,10,even
195,16.666666666666668,0.1662277594986648,0.155967892148416,0.5012388406036988,0.1991389964782743,0.4335731117483896,0.2741087469320135,0.0856447325837505,0.0232792538582665,0.1918117284309968,0.2399892866775874,10_sp_aij_36,10488077,0.1,10,6110,23,10,even
196,20.0,0.1837547631227935,0.082739006562008,0.278675473073245,0.1948820228363965,0.4549505263029626,0.1857043406279011,0.1173922081589458,0.0165619505315226,0.1758831798964817,0.1470527731506442,10_sp_aij_36,10488077,0.1,10,6110,23,10,even
197,23.333333333333336,0.20843784700854,0.0870724431946341,0.30407905419872,0.1456361318755665,0.4404318129141295,0.3179106338173403,0.0855982047113891,0.0233800072508531,0.2276496812931761,0.1562232246388053,10_sp_aij_36,10488077,0.1,10,6110,23,10,even
198,26.666666666666668,0.1245624205056469,0.0672903337615448,0.3854950196367295,0.16145146832202,0.5208128008590276,0.2543627127108795,0.079173508532195,0.0122729742507225,0.1513126537781683,0.1760262018987278,10_sp_aij_36,10488077,0.1,10,6110,23,10,even
199,30.0,0.1640017000419194,0.0577614690979603,0.3519452199967479,0.1484458390534742,0.5515101938574831,0.2750889932080199,0.1084398218188497,0.0169966963825978,0.1533263521050691,0.2043897196803183,10_sp_aij_36,10488077,0.1,10,6110,23,10,even
200,0.0,0.04,0.08,0.06,0.07,0.06,0.01,0.06,0.01,0.06,0.08,10_sp_aij_36,10793741,0.1,10,6110,23,10,even
201,3.333333333333333,0.1423683536570815,0.1082682341726103,0.1881304594727539,0.0998140008537755,0.3007798618233795,0.0556393842690656,0.0683381925899762,0.0212012294813302,0.1823127733312522,0.0686821273833243,10_sp_aij_36,10793741,0.1,10,6110,23,10,even
202,6.666666666666667,0.1943815387894652,0.1463030043116152,0.2767780476527597,0.1410809399300828,0.4377791847882069,0.1667681103219921,0.0658885397982761,0.0312942093280548,0.1751045748060216,0.1247199128004441,10_sp_aij_36,10793741,0.1,10,6110,23,10,even
203,10.0,0.1552277641612929,0.1517739888541713,0.3736312551217511,0.1369014898345071,0.42436960433074,0.2824836796229049,0.0435060225893766,0.0314386936648583,0.1559313309960759,0.1925521288049301,10_sp_aij_36,10793741,0.1,10,6110,23,10,even
204,13.333333333333334,0.1795774253725106,0.1173309144418076,0.4147760671485438,0.1960789580398375,0.5000751080343057,0.2473453445837637,0.049198274507541,0.0323484135935017,0.1617926103034864,0.1682042167499388,10_sp_aij_36,10793741,0.1,10,6110,23,10,even
205,16.666666666666668,0.1259972796751362,0.0857208524876095,0.2861887818755096,0.1686011224750692,0.5035657966839825,0.2012482051711838,0.1087715163893001,0.0135437259333476,0.1904988570327643,0.1862611898703446,10_sp_aij_36,10793741,0.1,10,6110,23,10,even
206,20.0,0.2042530073330382,0.0589397072535774,0.5548856111997176,0.1762389242824352,0.6504497396059636,0.1925319290676845,0.1591431182669268,0.0146566717803358,0.1753608776167292,0.229021141985232,10_sp_aij_36,10793741,0.1,10,6110,23,10,even
207,23.333333333333336,0.1837305592629394,0.0492361460892654,0.4899469800865582,0.1514742146651367,0.5431678295325484,0.3430617982361986,0.07031222144203,0.0164683059907848,0.1289812379069669,0.1906334087354472,10_sp_aij_36,10793741,0.1,10,6110,23,10,even
208,26.666666666666668,0.098080167024752,0.0445533263752525,0.3894123383907147,0.2277424759029022,0.4741170233475596,0.2542980836997301,0.1199126915082481,0.0148716078552388,0.1237262498344786,0.2363589727869573,10_sp_aij_36,10793741,0.1,10,6110,23,10,even
209,30.0,0.1796701784101642,0.0454623275229793,0.4214842745783615,0.1290783280300937,0.5292420906951054,0.1907840646631166,0.2179488240319285,0.025648803413643,0.1283218434218935,0.2718090897718206,10_sp_aij_36,10793741,0.1,10,6110,23,10,even
210,0.0,0.09,0.05,0.08,0.02,0.07,0.04,0.01,0.05,0.05,0.01,10_sp_aij_36,11563241,0.1,10,6110,23,10,even
211,3.333333333333333,0.2026259084462569,0.1230304736255507,0.2250297449993738,0.0242621320142582,0.2430769693132117,0.0677656264016501,0.0132544375000327,0.0478687021564702,0.116209377736727,0.0210013840262611,10_sp_aij_36,11563241,0.1,10,6110,23,10,even
212,6.666666666666667,0.3063876432621226,0.1810117117162841,0.174324483753693,0.0913512574909592,0.2461955010339681,0.2312100072225888,0.0136945790244636,0.0579366673384377,0.1579753998911164,0.0245113061094085,10_sp_aij_36,11563241,0.1,10,6110,23,10,even
213,10.0,0.163413273360499,0.1288502736208262,0.34539566151392,0.1372614425679556,0.3317846754407618,0.1987430490937012,0.0218946042122543,0.0472888215468019,0.1386416347248048,0.1161813750530649,10_sp_aij_36,11563241,0.1,10,6110,23,10,even
214,13.333333333333334,0.142096090055013,0.1304686397712659,0.3842981473630024,0.1714404113434259,0.4126007387816154,0.233493067605406,0.04314297543035,0.0284691141027011,0.1711890352378853,0.1877752408699664,10_sp_aij_36,11563241,0.1,10,6110,23,10,even
215,16.666666666666668,0.1007254230005866,0.1014676856570964,0.5209685429095086,0.1718134474766751,0.416735254740453,0.3205036063791981,0.068670249801765,0.0165353271162289,0.176807517487757,0.139969601071781,10_sp_aij_36,11563241,0.1,10,6110,23,10,even
216,20.0,0.1148048056053407,0.0746133392359772,0.362247860631225,0.1522256678797397,0.493916093721608,0.3206814671866991,0.0848757672568938,0.0209183965182435,0.1788440367974875,0.1922337099977369,10_sp_aij_36,11563241,0.1,10,6110,23,10,even
217,23.333333333333336,0.162856869005392,0.0715439009887142,0.346969334337286,0.1333428752310453,0.4922139265845625,0.229227476183291,0.1139514391593772,0.0145981814206259,0.1810409773937113,0.1766070547501821,10_sp_aij_36,11563241,0.1,10,6110,23,10,even
218,26.666666666666668,0.2146775327482185,0.0772421157410366,0.2672695583067062,0.1226104275296072,0.4026462759168351,0.1941736134834614,0.1144879913685557,0.0108765675429941,0.191313429721892,0.189983745542469,10_sp_aij_36,11563241,0.1,10,6110,23,10,even
219,30.0,0.2258555774337113,0.0860925369075713,0.27378418250498,0.1485167006631512,0.5126496288004297,0.1828593828086119,0.1666891343619851,0.0069534572184896,0.1522766844991608,0.1719431990152873,10_sp_aij_36,11563241,0.1,10,6110,23,10,even
220,0.0,0.09,0.09,0.01,0.03,0.06,0.06,0.03,0.08,0.07,0.05,10_sp_aij_36,12733201,0.1,10,6110,23,10,even
221,3.333333333333333,0.2963994981478385,0.1376465712872885,0.0717813339800473,0.121478887885158,0.2354649701761814,0.11182824541843,0.0131323171276495,0.1319043483017173,0.1682809443560947,0.0653029832429592,10_sp_aij_36,12733201,0.1,10,6110,23,10,even
222,6.666666666666667,0.2567789850824744,0.2093690856443712,0.2958502327692607,0.1209563356970249,0.3768437511952201,0.2131792859580677,0.0096016641721475,0.1133564176643369,0.1602672012397517,0.1072633153119024,10_sp_aij_36,12733201,0.1,10,6110,23,10,even
223,10.0,0.1433436753648465,0.1658834225705068,0.3599194713152687,0.1474461839450712,0.3897532350821621,0.1943136403085966,0.0085760264096321,0.0735289182118924,0.1432543544577592,0.152860690224092,10_sp_aij_36,12733201,0.1,10,6110,23,10,even
224,13.333333333333334,0.1393293460371709,0.0936668418172859,0.4445920349011186,0.1574134020982242,0.467579927735936,0.2795927067481941,0.0136998281986396,0.0441281538367417,0.1626642431550582,0.1781342100946464,10_sp_aij_36,12733201,0.1,10,6110,23,10,even
225,16.666666666666668,0.1528904283486256,0.092050276504518,0.3043968997882327,0.1348681475139491,0.3281896891600662,0.2091851411623947,0.0489465785389467,0.0206207152375737,0.1306866346684544,0.1483875777752296,10_sp_aij_36,12733201,0.1,10,6110,23,10,even
226,20.0,0.1230173486132441,0.1043360539219909,0.3508909186207279,0.1191144182422979,0.5202273091010255,0.2096146588714867,0.060964017680883,0.0158341665089464,0.1492939499473066,0.1374751552589722,10_sp_aij_36,12733201,0.1,10,6110,23,10,even
227,23.333333333333336,0.1354640441606601,0.0631767626865074,0.4396492311366201,0.1479670878033025,0.5015325452655933,0.2763198185414376,0.1487879584984496,0.0144062047843951,0.1189704031489817,0.1741321209055427,10_sp_aij_36,12733201,0.1,10,6110,23,10,even
228,26.666666666666668,0.1999769010532041,0.0904794519384545,0.3807907880249067,0.115597237779718,0.485742941667925,0.2577986516188473,0.1009512707448056,0.0115466586284618,0.1526541406169596,0.2673323151561792,10_sp_aij_36,12733201,0.1,10,6110,23,10,even
229,30.0,0.1803179246944784,0.0703164516609027,0.4772666135424562,0.139996192926367,0.4751124062974987,0.2424933605891187,0.0917984663636657,0.0112282214540678,0.1976270428349285,0.2362023604653871,10_sp_aij_36,12733201,0.1,10,6110,23,10,even
