,time,species_0,species_1,species_2,species_3,species_4,species_5,species_6,species_7,species_8,species_9,ground_truth,timeseries_id,noise,n_species,did,n_timeseries,n_timepoints,sampling_scheme
0,0.0,0.04,0.05,0.01,0.02,0.02,0.07,0.01,0.09,0.07,0.03,10_sp_aij_29,36656,0.1,10,4439,8,50,even
1,0.6060606060606061,0.0622316404781448,0.0540460020453603,0.009413197123307,0.0373436228294807,0.025125006685463,0.078663936077603,0.0121195221013044,0.102338268228323,0.084283267102751,0.0337766300000357,10_sp_aij_29,36656,0.1,10,4439,8,50,even
2,1.2121212121212122,0.1085144791029305,0.0573851780516833,0.010452368711917,0.0525982530897706,0.0309490120179597,0.0975513157694527,0.0144200695361137,0.1443409643076144,0.1103533305212575,0.0454288787516632,10_sp_aij_29,36656,0.1,10,4439,8,50,even
3,1.8181818181818183,0.1764295656772368,0.0550619413100403,0.0111310655657018,0.0926202741603975,0.0292175220985015,0.1275599017234817,0.0191767781516953,0.2063357594051635,0.1558732432316449,0.0542701309388388,10_sp_aij_29,36656,0.1,10,4439,8,50,even
4,2.4242424242424243,0.2388060331576154,0.0810131525420802,0.009911634542924,0.1608267989384686,0.0318361887349618,0.1725994284598956,0.024539027737338,0.2174657703365029,0.179055119103606,0.0562635416594939,10_sp_aij_29,36656,0.1,10,4439,8,50,even
5,3.0303030303030303,0.3547005871676773,0.1009530921674747,0.0133869467926644,0.2588341947595827,0.0222897927828654,0.1663849262136966,0.0332240401523591,0.2294760659668956,0.1548496716487815,0.0587523032344161,10_sp_aij_29,36656,0.1,10,4439,8,50,even
6,3.6363636363636367,0.4495661875582953,0.1348027713936228,0.0184593831421666,0.2734606544923878,0.0178652930321973,0.1376781985801717,0.0423812012635843,0.2479178550038351,0.1511313507136019,0.0479282470740683,10_sp_aij_29,36656,0.1,10,4439,8,50,even
7,4.242424242424242,0.4799451393589271,0.1570398641742407,0.0241460627347308,0.3005991694086173,0.0159248910155648,0.1691179735212584,0.0402444819402739,0.2326990667719989,0.1708541687708742,0.0598525034458767,10_sp_aij_29,36656,0.1,10,4439,8,50,even
8,4.848484848484849,0.5455935495774162,0.2312841479356785,0.0440074765981437,0.3939423469292699,0.0135854180287174,0.2100156757228154,0.044606554665658,0.2059680704467593,0.2103318191518952,0.0520232965130611,10_sp_aij_29,36656,0.1,10,4439,8,50,even
9,5.454545454545455,0.4594104436261053,0.2908217441825528,0.0815637785827776,0.4514223079256397,0.0153037935748197,0.2600712378804294,0.0327011798746726,0.215440346524565,0.2159941125073929,0.0620014067414089,10_sp_aij_29,36656,0.1,10,4439,8,50,even
10,6.0606060606060606,0.5915751404633578,0.2989668007185404,0.1029600447343814,0.4558335383267367,0.0126501291078243,0.2095092303091734,0.0403717834813638,0.2120659875688951,0.1915757299039198,0.0731551139660379,10_sp_aij_29,36656,0.1,10,4439,8,50,even
11,6.666666666666667,0.6773596687176938,0.3249630656965481,0.1298446306197386,0.3879216672018934,0.0106976188930512,0.1959228057224409,0.0430144694501815,0.1803723598118394,0.1927806284131511,0.0724782877369911,10_sp_aij_29,36656,0.1,10,4439,8,50,even
12,7.272727272727273,0.5274995774225082,0.2732011398489758,0.2012397087960261,0.4508418942932143,0.0085726700892943,0.2234285467049857,0.0481788491597061,0.1590328255718554,0.15142052894692,0.0718844712122922,10_sp_aij_29,36656,0.1,10,4439,8,50,even
13,7.878787878787879,0.5018220973203157,0.3053416808630416,0.2645373892557631,0.3781739412234011,0.0103993665675559,0.2113594265047237,0.0505755316572537,0.1858798534905295,0.1331870632605634,0.1010357238912507,10_sp_aij_29,36656,0.1,10,4439,8,50,even
14,8.484848484848484,0.3928116378735722,0.2834432350917105,0.2113183928129083,0.3786753941251085,0.0111471365877921,0.2150847629946782,0.0566063405486445,0.2066374358239877,0.1130479304714366,0.1301056652968003,10_sp_aij_29,36656,0.1,10,4439,8,50,even
15,9.090909090909092,0.2883497187045617,0.2541114978209295,0.1939261342617972,0.320784948824831,0.0131961144352217,0.1804208558783858,0.0586741456176061,0.2419467913135623,0.0983857719527244,0.1397607877805963,10_sp_aij_29,36656,0.1,10,4439,8,50,even
16,9.696969696969695,0.2916919740766265,0.2131787545517566,0.177589287127144,0.3453574321502682,0.0175960387099544,0.1594138799201795,0.0779586143455079,0.2973977674494793,0.0852390713253087,0.1119140529181539,10_sp_aij_29,36656,0.1,10,4439,8,50,even
17,10.303030303030305,0.3238526816123829,0.2262410102307561,0.1513937350145858,0.281897165952864,0.0207365726490767,0.1452444412509326,0.09086873773944,0.2875859521516412,0.0665647152448259,0.1055930731360727,10_sp_aij_29,36656,0.1,10,4439,8,50,even
18,10.90909090909091,0.3476700916504225,0.2306374843869615,0.1415986933707335,0.2129998545752877,0.0239968014070841,0.1277483020269478,0.1005992103147159,0.2777447510957483,0.0636355295289659,0.1254507319590808,10_sp_aij_29,36656,0.1,10,4439,8,50,even
19,11.515151515151516,0.3274084745297544,0.1808214001439026,0.1697261550877653,0.2970396616066926,0.0326637672851185,0.183537776887414,0.1083640309744511,0.3048319058207109,0.0635973028287507,0.1484200830174458,10_sp_aij_29,36656,0.1,10,4439,8,50,even
20,12.12121212121212,0.3694527784861398,0.2105066623535947,0.1528728407511922,0.3193987030953898,0.0436456376218733,0.1901022531993479,0.1382219919641345,0.3060470243209715,0.0587405720937432,0.1775586253581756,10_sp_aij_29,36656,0.1,10,4439,8,50,even
21,12.727272727272728,0.3668692076115533,0.1609598942704121,0.175218095917208,0.3528744673186323,0.0513453821034243,0.1697969283445893,0.1375298424805403,0.3232306673801568,0.0704974602061256,0.1832954435838638,10_sp_aij_29,36656,0.1,10,4439,8,50,even
22,13.333333333333334,0.3676807384419823,0.1935377810819529,0.1913084370319221,0.3333585321446246,0.047489552208507,0.1886205108527314,0.1583060620133538,0.3778472274745789,0.0924463073701547,0.1902022089138954,10_sp_aij_29,36656,0.1,10,4439,8,50,even
23,13.93939393939394,0.4308487617825579,0.2153217833139621,0.1343327946785476,0.3078893265379043,0.0542151996161511,0.1810873428989179,0.2056923073984757,0.4470143649614417,0.0996484965820947,0.1696713736034382,10_sp_aij_29,36656,0.1,10,4439,8,50,even
24,14.545454545454549,0.4696025617762019,0.2221464311364023,0.1505587130086245,0.3119274297104642,0.0549411496025661,0.1666984319376007,0.2074982739328354,0.3257512652482109,0.1056247918915821,0.1622365739392409,10_sp_aij_29,36656,0.1,10,4439,8,50,even
25,15.151515151515152,0.5370710521915947,0.2319527679492693,0.1331978177045225,0.3089614878208498,0.0541794852860497,0.1649261039979078,0.1632101754494683,0.3076305735697312,0.1474480270227629,0.1696350564177105,10_sp_aij_29,36656,0.1,10,4439,8,50,even
26,15.757575757575758,0.4876196031727516,0.1822573311920559,0.1238580249092543,0.3357396957638654,0.0545732430750764,0.162313391654646,0.124379494186097,0.3093326498725927,0.1645461151418732,0.168435940663459,10_sp_aij_29,36656,0.1,10,4439,8,50,even
27,16.363636363636363,0.5973248206626813,0.1629353850490134,0.1497281014290845,0.3731512871747749,0.0558594926707389,0.1861420078225618,0.1056314772567522,0.365896755250201,0.1856071816336728,0.1938390839938668,10_sp_aij_29,36656,0.1,10,4439,8,50,even
28,16.96969696969697,0.6439083729638339,0.1873384222574836,0.1848660609904152,0.3631317003988142,0.0527227262178591,0.2155287065163509,0.111534146386469,0.2746189511315132,0.1737089263859004,0.1854435575413754,10_sp_aij_29,36656,0.1,10,4439,8,50,even
29,17.575757575757578,0.5627520157505541,0.3368940719762713,0.1730659152984911,0.3988913759594381,0.0460295727908889,0.2648978714351637,0.1390745760657576,0.3045765412309336,0.1999558285978036,0.195978937574287,10_sp_aij_29,36656,0.1,10,4439,8,50,even
30,18.181818181818183,0.482439416816815,0.2582853434239248,0.1702304981137058,0.4071477032292868,0.0513621091516366,0.2836487557196146,0.1228051300718046,0.3762502705456866,0.1628471642454894,0.1713201813201897,10_sp_aij_29,36656,0.1,10,4439,8,50,even
31,18.78787878787879,0.5594336845242922,0.2796018538926393,0.1965635031010628,0.3761218676286229,0.0471314493971891,0.2564619255679259,0.1433772037235801,0.3421243732809936,0.1504067364727001,0.1457527391917598,10_sp_aij_29,36656,0.1,10,4439,8,50,even
32,19.393939393939394,0.5533892997489565,0.2800037544693605,0.2046237442962461,0.3754899800813055,0.0537469317844676,0.2204385587611501,0.1342452650037784,0.3326686896595182,0.1546352419784202,0.1133552764443055,10_sp_aij_29,36656,0.1,10,4439,8,50,even
33,20.0,0.5122393777034661,0.2960599665203685,0.1790729055034114,0.3934868027669639,0.0422166406430796,0.2084678497636617,0.1579941096304944,0.3111361629289872,0.1389328610344515,0.1178715387947919,10_sp_aij_29,36656,0.1,10,4439,8,50,even
34,20.60606060606061,0.4587686568694005,0.3227522359645013,0.2125098707681749,0.3809033157670113,0.0541706959864681,0.2079793187161218,0.1716228149678553,0.3000298410818409,0.1381382543783661,0.1349615820919019,10_sp_aij_29,36656,0.1,10,4439,8,50,even
35,21.21212121212121,0.5680608913542547,0.2932879395512131,0.194564914282865,0.4024139855930224,0.0502708115065671,0.1892647741269855,0.1487188601898543,0.4009130328199466,0.1311987410935491,0.1232369304528908,10_sp_aij_29,36656,0.1,10,4439,8,50,even
36,21.81818181818182,0.5397039249492391,0.2085864343901154,0.2230997864491715,0.4018460059834319,0.0629094795938468,0.1926558845527683,0.1564308767980453,0.280079011512722,0.1628182282634666,0.1089661453477852,10_sp_aij_29,36656,0.1,10,4439,8,50,even
37,22.424242424242426,0.453441146365637,0.2721529547088623,0.2375549040764349,0.3847830027681529,0.0518183899692336,0.1824512128711744,0.1269821282864289,0.2874778126099135,0.1532011157510854,0.1267107176359164,10_sp_aij_29,36656,0.1,10,4439,8,50,even
38,23.03030303030303,0.3855668325386763,0.2862058477281461,0.2114785817757954,0.3698220091139433,0.0554000687411531,0.1774479789141554,0.1316064263739637,0.2594625334732942,0.125833518377632,0.17209917051513,10_sp_aij_29,36656,0.1,10,4439,8,50,even
39,23.63636363636364,0.5075373467352343,0.3749905101840057,0.2095460402774149,0.4345473177796679,0.0653704766806885,0.1417325319947214,0.1616227385023856,0.3555572806624717,0.1165460841926151,0.1859871928206138,10_sp_aij_29,36656,0.1,10,4439,8,50,even
40,24.24242424242424,0.5936987422469168,0.3192143192638415,0.1717290563776767,0.3699923263873829,0.0735766515460013,0.1593555825797687,0.1562279990681709,0.3318655874297045,0.1093074106891501,0.1468822245793723,10_sp_aij_29,36656,0.1,10,4439,8,50,even
41,24.848484848484848,0.5863757850433794,0.2577429398606144,0.205500346353196,0.3171616667339202,0.0905136681667713,0.178906467395202,0.1692870035367756,0.2501809330439137,0.1104954943443582,0.1299919033991622,10_sp_aij_29,36656,0.1,10,4439,8,50,even
42,25.454545454545457,0.5560304189346583,0.2629382675683091,0.2225106723235251,0.2891632261829533,0.0994448703972926,0.2194522814890124,0.1481778847866827,0.2728760095317057,0.1335221289016588,0.1767881007542192,10_sp_aij_29,36656,0.1,10,4439,8,50,even
43,26.060606060606062,0.5214062983921208,0.279086203516356,0.1621311156364583,0.3827419786974136,0.1161534874913364,0.2406339192091578,0.1395040460461067,0.3108035388972918,0.1809042088482619,0.2183079461725693,10_sp_aij_29,36656,0.1,10,4439,8,50,even
44,26.666666666666668,0.6082553856785354,0.2574031499909008,0.1567860886675883,0.348363945550998,0.1229532881139264,0.2766489184404446,0.1360378901083225,0.305288164081423,0.1539167027137578,0.1886936836696153,10_sp_aij_29,36656,0.1,10,4439,8,50,even
45,27.272727272727277,0.5645506573527578,0.2392723208542749,0.1803776471111989,0.3632856521400016,0.1012910165800455,0.3254193125604557,0.139772231562951,0.3031461980215989,0.1662345788708787,0.1429015820098983,10_sp_aij_29,36656,0.1,10,4439,8,50,even
46,27.87878787878788,0.4340940261675658,0.251171735344554,0.1941948323031785,0.4345282571514727,0.0882073107942146,0.334152488992482,0.1435651277918798,0.2898108794357957,0.1535005544290611,0.1517685152882595,10_sp_aij_29,36656,0.1,10,4439,8,50,even
47,28.484848484848484,0.4601899118656775,0.2827120660136542,0.1744555551617751,0.4931267629498013,0.0791012029324343,0.2279826966275895,0.1397923735697464,0.3549353345112849,0.1232251740152047,0.1717361318692711,10_sp_aij_29,36656,0.1,10,4439,8,50,even
48,29.090909090909093,0.5073365751186838,0.2686110417858913,0.1519838199920922,0.3622734194000917,0.0652869608268701,0.2046224169618019,0.1268146198513457,0.3838917145757695,0.0906196064347111,0.1967737361292209,10_sp_aij_29,36656,0.1,10,4439,8,50,even
49,30.0,0.4834381891095433,0.2683057559712938,0.1633523462579068,0.4465041000980616,0.0600869062956499,0.2196338585834942,0.1076145957582264,0.3242622916885626,0.0919463727756681,0.1547810811475827,10_sp_aij_29,36656,0.1,10,4439,8,50,even
50,0.0,0.06,0.09,0.02,0.06,0.03,0.03,0.04,0.03,0.02,0.03,10_sp_aij_29,416304,0.1,10,4439,8,50,even
51,0.6060606060606061,0.0883295957321474,0.086857101706319,0.0280498308681275,0.068922952415735,0.0318448894118334,0.0318560392268806,0.0507986863521604,0.0449917781394195,0.0285790249236145,0.0251292186830003,10_sp_aij_29,416304,0.1,10,4439,8,50,even
52,1.2121212121212122,0.1264813340933051,0.1052352396481794,0.0401681832382889,0.1304003727006806,0.0304189664279994,0.0447365427216119,0.0655443473221938,0.056308019721835,0.0445342856947892,0.0302674230274425,10_sp_aij_29,416304,0.1,10,4439,8,50,even
53,1.8181818181818183,0.2456889552309145,0.1114569153349361,0.0298735341215433,0.1920565578796372,0.0298910600315488,0.0502974708756147,0.0804609680343952,0.0946335237012332,0.0525872468362227,0.0433671488653011,10_sp_aij_29,416304,0.1,10,4439,8,50,even
54,2.4242424242424243,0.3281195970525261,0.1171722463722357,0.0346649736632711,0.2463505632187191,0.0430568373428932,0.0452676666598474,0.0980157279714537,0.0988351263713475,0.0790354037375426,0.0528654841490087,10_sp_aij_29,416304,0.1,10,4439,8,50,even
55,3.0303030303030303,0.4620133792688764,0.1440456058349545,0.0597161503522975,0.2767616372499825,0.0469461277664143,0.0820475122252613,0.1070620673177369,0.1426810873855962,0.1288264002346932,0.0659685228906736,10_sp_aij_29,416304,0.1,10,4439,8,50,even
56,3.6363636363636367,0.439317140325678,0.1433929818660872,0.0736230400133791,0.312701473414776,0.0456457914562035,0.1003728677364424,0.1099820116794433,0.1827798960286473,0.1570114067025352,0.0521488169388583,10_sp_aij_29,416304,0.1,10,4439,8,50,even
57,4.242424242424242,0.4263812781647703,0.1799051621939656,0.0741659299898163,0.332072443628989,0.0432293408375356,0.1122327926124749,0.1157721850915917,0.1828778327006343,0.1701084959615707,0.0670223950286743,10_sp_aij_29,416304,0.1,10,4439,8,50,even
58,4.848484848484849,0.6071978787834945,0.2246095771394279,0.0877443359120106,0.3842642390612075,0.0370641462411037,0.1308809412815109,0.1017285422197268,0.2646187494785635,0.192787279163048,0.0777890691975108,10_sp_aij_29,416304,0.1,10,4439,8,50,even
59,5.454545454545455,0.6145918201454215,0.2505358069113493,0.1329789291336353,0.4770444455047841,0.0373960727173374,0.1589586732649447,0.1181768681149301,0.2577381966242031,0.1709304156932332,0.0806292478537933,10_sp_aij_29,416304,0.1,10,4439,8,50,even
60,6.0606060606060606,0.494407252535455,0.2973756709289815,0.1368702326690168,0.3655159308744385,0.0353300674126673,0.1458223712803402,0.0966382014435656,0.217189400987382,0.1631666141010387,0.0847013692539723,10_sp_aij_29,416304,0.1,10,4439,8,50,even
61,6.666666666666667,0.4814928954590181,0.3164703909166773,0.1700864295013057,0.4006069405619032,0.0329144654624889,0.1724269655911206,0.1201485584249747,0.2934091868201085,0.1694403651145733,0.0868515050596469,10_sp_aij_29,416304,0.1,10,4439,8,50,even
62,7.272727272727273,0.5122803532231394,0.2359818531600227,0.1761696684483931,0.3885944004741917,0.0314742152825699,0.247496518216661,0.1033015396799585,0.2583587570008961,0.1411671606135338,0.078612529083338,10_sp_aij_29,416304,0.1,10,4439,8,50,even
63,7.878787878787879,0.4908655189293107,0.2283863232348396,0.1555565323976357,0.4433980450096225,0.0254589829328207,0.2411913046674638,0.1211628502240008,0.3816421689644068,0.1993843509997117,0.1087309137289284,10_sp_aij_29,416304,0.1,10,4439,8,50,even
64,8.484848484848484,0.4160450039238921,0.2829678086949369,0.1511877559182475,0.3730656572770557,0.0276962026159483,0.1837004942217363,0.1366640099264156,0.3437667626687301,0.1667484871016073,0.1243563756020838,10_sp_aij_29,416304,0.1,10,4439,8,50,even
65,9.090909090909092,0.5580158789243957,0.2791117591528546,0.1676085312415829,0.3961713018728249,0.0304717772616901,0.1524798650868568,0.1358894995947703,0.2787368092046006,0.1902959054732175,0.133823038637789,10_sp_aij_29,416304,0.1,10,4439,8,50,even
66,9.696969696969695,0.6082335210536326,0.3623698882889402,0.1714194674013922,0.3552609872639654,0.0301420092332227,0.158934493517184,0.1164821342928603,0.3032101138164234,0.1766755436195327,0.1241720272668159,10_sp_aij_29,416304,0.1,10,4439,8,50,even
67,10.303030303030305,0.5754473650140173,0.3311796432578953,0.1559887894939125,0.3552976976789175,0.0289106526407772,0.1815668147238947,0.117960413426159,0.2611991387090033,0.1698227539958471,0.106853254582258,10_sp_aij_29,416304,0.1,10,4439,8,50,even
68,10.90909090909091,0.5220669002813659,0.3101721895295238,0.14290458492979,0.3666096078846725,0.0276104826982033,0.1761531516613158,0.0850976901111671,0.2890982320784171,0.1348041900241622,0.1215528377930329,10_sp_aij_29,416304,0.1,10,4439,8,50,even
69,11.515151515151516,0.504733027267365,0.3141209848667351,0.1272164638053745,0.3776642721705378,0.0328033220231844,0.1665100414463486,0.0909940831766811,0.3100114614767715,0.1626408165866091,0.1133108682920872,10_sp_aij_29,416304,0.1,10,4439,8,50,even
70,12.12121212121212,0.5496362708739685,0.2917398607127924,0.1677980812808369,0.3211062039377578,0.0370483102022891,0.1775497367518776,0.0794805035446883,0.2192254181581397,0.1709423452621412,0.1041800489640728,10_sp_aij_29,416304,0.1,10,4439,8,50,even
71,12.727272727272728,0.46320117614224,0.244978200913635,0.1940048077579523,0.2921392188190709,0.038052586226731,0.1768560015529574,0.0967964873062799,0.2360729868836474,0.2168910000292017,0.1169406246062987,10_sp_aij_29,416304,0.1,10,4439,8,50,even
72,13.333333333333334,0.5414200664099177,0.2341510142932879,0.1935627115567953,0.3905629997035936,0.0440309427019685,0.2115757462165867,0.0942672175720803,0.2731909248480493,0.1996398352770119,0.1280149253830723,10_sp_aij_29,416304,0.1,10,4439,8,50,even
73,13.93939393939394,0.4655943479291307,0.2444170262490189,0.2205962172352883,0.3723141030496852,0.0413555279703289,0.1971242388383739,0.091519429596341,0.263554203237774,0.1867645599523215,0.1635185501356373,10_sp_aij_29,416304,0.1,10,4439,8,50,even
74,14.545454545454549,0.4284278652261421,0.3345262578915654,0.2276253207430907,0.4605652992480677,0.0440672361868259,0.1885813626306484,0.1272648856043236,0.2538914629181133,0.1470537707219084,0.1621685556559431,10_sp_aij_29,416304,0.1,10,4439,8,50,even
75,15.151515151515152,0.4068196604964066,0.2782648088230621,0.1842517806915465,0.3607353418145269,0.0458892094664529,0.1609263021190095,0.0891797186471718,0.2745782355144512,0.1492817902394538,0.1579525664821462,10_sp_aij_29,416304,0.1,10,4439,8,50,even
76,15.757575757575758,0.4685115265531289,0.3064255170556882,0.1988098289970282,0.367258685709977,0.0420896591510079,0.1769737089772971,0.07833059587036,0.2628576886974162,0.1327931513439249,0.1826763101124627,10_sp_aij_29,416304,0.1,10,4439,8,50,even
77,16.363636363636363,0.5835580022796684,0.2632127452130807,0.1634202372836161,0.3025323768823421,0.0580924696370019,0.1877076874218827,0.0731253191330321,0.2622613952589123,0.1403486792910825,0.1576038907021116,10_sp_aij_29,416304,0.1,10,4439,8,50,even
78,16.96969696969697,0.4795673046775646,0.2299616407771895,0.1862873117279231,0.3588732867225252,0.0618575058420485,0.2150460124391567,0.0708873151049867,0.3393159415173868,0.1368129518075392,0.1727762463127069,10_sp_aij_29,416304,0.1,10,4439,8,50,even
79,17.575757575757578,0.5754579683945757,0.2620836683762053,0.178302009386702,0.3747090640647724,0.0586617938723416,0.2162013144607474,0.0775596758545546,0.3105969508629324,0.1337161006392299,0.1608997731108156,10_sp_aij_29,416304,0.1,10,4439,8,50,even
80,18.181818181818183,0.596565739316817,0.3033634164866178,0.1586858564576262,0.370556449044546,0.0552563192992145,0.2505427432135566,0.1018001765591712,0.3232624129780255,0.1246559897779956,0.1439362464111107,10_sp_aij_29,416304,0.1,10,4439,8,50,even
81,18.78787878787879,0.6629676050361266,0.2944821040290338,0.155780060548473,0.3592710291585487,0.0608614413062106,0.2423296680046297,0.1264035999548538,0.2664559399549983,0.1356579629859969,0.0944337274370081,10_sp_aij_29,416304,0.1,10,4439,8,50,even
82,19.393939393939394,0.6040027105237624,0.3397523265560853,0.1823450178326761,0.3689935145371401,0.088456052972968,0.2019215546009377,0.0917557854215556,0.2726982648114515,0.1569833272203565,0.0839613866363012,10_sp_aij_29,416304,0.1,10,4439,8,50,even
83,20.0,0.6750135423089575,0.3870151044855773,0.1804395695814669,0.4294669215685105,0.0678465946459515,0.183152528582453,0.0779682181867011,0.3204884564904804,0.1337449682834492,0.0832423438794067,10_sp_aij_29,416304,0.1,10,4439,8,50,even
84,20.60606060606061,0.4818364412565961,0.4261104380966979,0.16558731953698,0.4471491648550126,0.0773565069151095,0.2075275996213753,0.0809243528722288,0.2948841709056502,0.1295395829686705,0.0804833023298802,10_sp_aij_29,416304,0.1,10,4439,8,50,even
85,21.21212121212121,0.4712236991742627,0.3145783529719902,0.1867926523567387,0.3174798402383444,0.0817471042550526,0.1959403612706681,0.0711865339571219,0.2936047515934762,0.1311447310896862,0.059736006492148,10_sp_aij_29,416304,0.1,10,4439,8,50,even
86,21.81818181818182,0.4576069490383665,0.3199365210670198,0.1997361476184544,0.2999447476884307,0.0757759173863346,0.2384977061431279,0.087564152463782,0.2821543345721746,0.1482216022366599,0.0770527166780358,10_sp_aij_29,416304,0.1,10,4439,8,50,even
87,22.424242424242426,0.5488307678657094,0.3281241024952346,0.1711856542057132,0.3159971165330774,0.0734640241477433,0.2277427005957791,0.1144748077121704,0.3517424940960216,0.1423648233291332,0.0741310583649567,10_sp_aij_29,416304,0.1,10,4439,8,50,even
88,23.03030303030303,0.558083141263653,0.3154937568719855,0.2042459801177061,0.3718112728329578,0.0704181807733098,0.2788935010346308,0.1284529551917703,0.2947274152486816,0.1451426747801102,0.0745125420237046,10_sp_aij_29,416304,0.1,10,4439,8,50,even
89,23.63636363636364,0.5502583754997754,0.3165180722449198,0.25885816500922,0.5026858657763982,0.0874648523597101,0.2227723925535016,0.0938812367259648,0.2767287745595554,0.130150359642379,0.0756422234856032,10_sp_aij_29,416304,0.1,10,4439,8,50,even
90,24.24242424242424,0.608995833154976,0.3410278947470102,0.2604292199280111,0.4708583693734436,0.0696482684032991,0.1956582923145876,0.1279753749277784,0.3120668823174647,0.1228830264499649,0.0790066671063631,10_sp_aij_29,416304,0.1,10,4439,8,50,even
91,24.848484848484848,0.6544928607556679,0.3181170283148423,0.2397433019232421,0.3880964009225044,0.0740929099927783,0.1963819431809941,0.1635760951488467,0.314269009559135,0.131806328952888,0.099238398980711,10_sp_aij_29,416304,0.1,10,4439,8,50,even
92,25.454545454545457,0.5105631473510329,0.3163561200616251,0.2244031329837049,0.4683832715417753,0.0880962643482711,0.1909796339530471,0.1830207519025663,0.3283508028832902,0.1383169529371823,0.1081395724974141,10_sp_aij_29,416304,0.1,10,4439,8,50,even
93,26.060606060606062,0.6515967553491869,0.3139203008900328,0.1933199045893738,0.458962167973928,0.0846120209763909,0.1502816767970979,0.1771165216616856,0.2897649722414196,0.1360935075522803,0.1173214969880671,10_sp_aij_29,416304,0.1,10,4439,8,50,even
94,26.666666666666668,0.6783891232524049,0.3154046283910888,0.2011157128069232,0.3978605172540971,0.0723639350512558,0.1637370671011682,0.1647463876690462,0.2545892123200557,0.1503916477347638,0.1338589488250697,10_sp_aij_29,416304,0.1,10,4439,8,50,even
95,27.272727272727277,0.5042353528588047,0.3023075531970166,0.2268243358756314,0.4574813147150888,0.0745793751137297,0.1856999822620147,0.1685243814656159,0.3405671471660569,0.1317532039545819,0.1351395777102172,10_sp_aij_29,416304,0.1,10,4439,8,50,even
96,27.87878787878788,0.4939978606936667,0.3354195906018893,0.2438753942465459,0.4566959568366328,0.0728257970095253,0.2267456508255649,0.1637973628059704,0.3673573598722671,0.1449017245109705,0.1127024195704435,10_sp_aij_29,416304,0.1,10,4439,8,50,even
97,28.484848484848484,0.5554366888646846,0.320846342060877,0.2460436673267405,0.4181007176596154,0.0659157621929964,0.1953464298257927,0.1425745898383528,0.2779381619751587,0.1569677215827067,0.1198260905344696,10_sp_aij_29,416304,0.1,10,4439,8,50,even
98,29.090909090909093,0.6489822847087299,0.3733885387609649,0.2422350165321896,0.4269221738915803,0.0758555672070414,0.216275038901431,0.136575843606114,0.3386478611507077,0.1488032940887945,0.1057695009457194,10_sp_aij_29,416304,0.1,10,4439,8,50,even
99,30.0,0.5333506727077194,0.3623150128489192,0.2824651632280456,0.3877473586541337,0.0876212602145554,0.1784329955550314,0.0999595593371567,0.3505168693260487,0.1383788307026044,0.1208310601944185,10_sp_aij_29,416304,0.1,10,4439,8,50,even
100,0.0,0.02,0.02,0.02,0.02,0.04,0.09,0.05,0.04,0.02,0.04,10_sp_aij_29,2369231,0.1,10,4439,8,50,even
101,0.6060606060606061,0.0351597190011262,0.0221979410949207,0.0231956864272521,0.0341718897742656,0.0510922775360549,0.0949336149732426,0.0657505134114043,0.0599870755617887,0.0286577421070927,0.0517175537311893,10_sp_aij_29,2369231,0.1,10,4439,8,50,even
102,1.2121212121212122,0.0637138224671844,0.0242852306276042,0.0195578931100866,0.0537500257138428,0.0551192934540841,0.0964157345218895,0.0794725096598464,0.097382689070371,0.0507540881231134,0.0568313735076093,10_sp_aij_29,2369231,0.1,10,4439,8,50,even
103,1.8181818181818183,0.0955505574228881,0.021715218425263,0.0176108195449543,0.0716983706424374,0.0470219840374649,0.1078485946304062,0.0969794180274914,0.1566187924506572,0.091627604882118,0.068287889626639,10_sp_aij_29,2369231,0.1,10,4439,8,50,even
104,2.4242424242424243,0.1947453079131713,0.0249497437273849,0.0201505606324541,0.1011709240485329,0.0537776995922981,0.144238857956358,0.1100610283694089,0.2510970982185169,0.1326970508660451,0.0806294453640614,10_sp_aij_29,2369231,0.1,10,4439,8,50,even
105,3.0303030303030303,0.3117121087444794,0.0310198933994814,0.0284152573999841,0.1032044178825567,0.0513250344973835,0.1582361917102447,0.1259297683582006,0.2883687328407219,0.1602278335094696,0.0809806043910777,10_sp_aij_29,2369231,0.1,10,4439,8,50,even
106,3.6363636363636367,0.4881627545449326,0.0372869547702824,0.0309337001268703,0.1740286835243009,0.0538808556515875,0.1905663723066973,0.1126745647490275,0.342969820343899,0.2262237839321184,0.1044611297103434,10_sp_aij_29,2369231,0.1,10,4439,8,50,even
107,4.242424242424242,0.5270536361491295,0.0587542003930058,0.0491342572156224,0.2634748664048961,0.0516508671678039,0.2170605678727722,0.0896491883468987,0.3760967800344503,0.2257974425999632,0.1044903298451107,10_sp_aij_29,2369231,0.1,10,4439,8,50,even
108,4.848484848484849,0.5155681994320105,0.095897863638791,0.0718471443311092,0.4034724726029227,0.0415727521301937,0.2372139510219342,0.1020845672678121,0.3587911936081684,0.2200601550519502,0.0820182976118358,10_sp_aij_29,2369231,0.1,10,4439,8,50,even
109,5.454545454545455,0.513562304913232,0.165183555609738,0.0872582823191036,0.4501455701100149,0.0403332969883987,0.2409190115131315,0.0865472840982653,0.2951492510614877,0.2201038017346759,0.0944165622256976,10_sp_aij_29,2369231,0.1,10,4439,8,50,even
110,6.0606060606060606,0.5354883225728622,0.2228839360118983,0.1395018198145034,0.3849061061535472,0.0404645878328504,0.1688431220288481,0.0741905287559459,0.214187997555857,0.1736892225467703,0.0798116773813449,10_sp_aij_29,2369231,0.1,10,4439,8,50,even
111,6.666666666666667,0.5758324247762805,0.2907890576598177,0.146599326876347,0.3982571537469807,0.0345021727945698,0.2118822782960306,0.0722349954903692,0.2884597364578209,0.1795064473360405,0.0828840161600133,10_sp_aij_29,2369231,0.1,10,4439,8,50,even
112,7.272727272727273,0.5630490039611604,0.3319659924197267,0.1641627866770162,0.3788065013159413,0.0398590849191551,0.1965748261093358,0.0677663903595791,0.3153084499426408,0.1676117335665016,0.0762298796236578,10_sp_aij_29,2369231,0.1,10,4439,8,50,even
113,7.878787878787879,0.5896122778824892,0.376379286924172,0.1769883861137148,0.3872148861014164,0.0473620206537014,0.2143347128010451,0.0643452978005303,0.301562737357318,0.1457765666601158,0.0625005763539363,10_sp_aij_29,2369231,0.1,10,4439,8,50,even
114,8.484848484848484,0.6974155471858152,0.3470110150775194,0.2072262034259697,0.4266760432138944,0.0542247377752038,0.2491745211141988,0.0762124861336045,0.3457576262013599,0.14129236453185,0.0696240495072448,10_sp_aij_29,2369231,0.1,10,4439,8,50,even
115,9.090909090909092,0.5956043638493884,0.3832302585889013,0.2130355849687285,0.4591784177746919,0.0559183884391168,0.2579357928783704,0.0945810649703274,0.3308534118574711,0.1349858841178406,0.0648343684086094,10_sp_aij_29,2369231,0.1,10,4439,8,50,even
116,9.696969696969695,0.5741173384286911,0.2973924254005767,0.1467959262225179,0.4074327826205732,0.0575149898476498,0.2639391833091216,0.120721612966476,0.2870992534136667,0.1220241989240082,0.0594456751489113,10_sp_aij_29,2369231,0.1,10,4439,8,50,even
117,10.303030303030305,0.4672857254267292,0.3063321610882762,0.1789366040174961,0.2794007290262597,0.0401526968260626,0.2292342924769347,0.0775624905371007,0.2948743947966074,0.1161988910483322,0.0648975903658405,10_sp_aij_29,2369231,0.1,10,4439,8,50,even
118,10.90909090909091,0.4161169795106726,0.256488323553468,0.1959311755277937,0.4331218977280053,0.0374487753212298,0.2239787784020513,0.1206967665735738,0.2821853511057721,0.1109518658822483,0.0809704190024947,10_sp_aij_29,2369231,0.1,10,4439,8,50,even
119,11.515151515151516,0.4627511102521712,0.3267251024495571,0.179148039150106,0.4832997593679825,0.0442709488430412,0.2034830610954836,0.1164732298553623,0.3040396122890115,0.1276713598638135,0.1295521853163228,10_sp_aij_29,2369231,0.1,10,4439,8,50,even
120,12.12121212121212,0.515811913456749,0.3153368197879392,0.1881065735276807,0.4290026730199811,0.0420280621587612,0.1908107587166712,0.1154477016579519,0.2402219632537512,0.1123721970386009,0.1239006908828143,10_sp_aij_29,2369231,0.1,10,4439,8,50,even
121,12.727272727272728,0.6214260699367037,0.291366832233939,0.1804412979035194,0.3018900219161697,0.0298926533591221,0.1724383613158734,0.0946727343746069,0.2754669161734872,0.1070886828064868,0.1185658665926603,10_sp_aij_29,2369231,0.1,10,4439,8,50,even
122,13.333333333333334,0.5175064295858728,0.271708390436322,0.1738707277444532,0.3571213312788622,0.0345822981514923,0.1964052881070638,0.1053205289771325,0.276540777579623,0.1502059858774055,0.142339785559614,10_sp_aij_29,2369231,0.1,10,4439,8,50,even
123,13.93939393939394,0.4882412358552637,0.3007355378531685,0.1783104414162763,0.3465169776596754,0.0363396301168651,0.2155950228528677,0.1205664199259788,0.2813093109181204,0.1413117631420171,0.1671376424413167,10_sp_aij_29,2369231,0.1,10,4439,8,50,even
124,14.545454545454549,0.4978910594630815,0.2858783709727308,0.2205817815305674,0.3826791940145527,0.041645466091978,0.2507391931509063,0.1189825520275353,0.3366808595181664,0.1309659752327025,0.1933477549267363,10_sp_aij_29,2369231,0.1,10,4439,8,50,even
125,15.151515151515152,0.6160264002465986,0.2117153048407251,0.215145853714467,0.4253878290159772,0.0409189216824781,0.2315701321951906,0.1411010057978755,0.3674979521311963,0.1244733982491804,0.1991520981061312,10_sp_aij_29,2369231,0.1,10,4439,8,50,even
126,15.757575757575758,0.5183758557601279,0.2420547709196506,0.2030515579908213,0.3828989145769289,0.0311843854874992,0.1947344974722158,0.1252828756153861,0.391220915294819,0.1316665677284047,0.178540546526338,10_sp_aij_29,2369231,0.1,10,4439,8,50,even
127,16.363636363636363,0.4342685362501998,0.266907936301874,0.1776575650259625,0.326044692989076,0.0319550092626418,0.2363467775378537,0.1175312453566127,0.4372036684200758,0.1224838525232292,0.1923882085223738,10_sp_aij_29,2369231,0.1,10,4439,8,50,even
128,16.96969696969697,0.3786753044723067,0.1910915843572268,0.1282401691938316,0.3713299111062334,0.0385135746129004,0.2513194191721283,0.1173122750829177,0.3418856200325736,0.0974086217942102,0.1860562454380801,10_sp_aij_29,2369231,0.1,10,4439,8,50,even
129,17.575757575757578,0.4328741528745025,0.1637230177473683,0.1204965434229299,0.3534612576603686,0.0483570692229561,0.200794006409735,0.1282888440369837,0.3204392275711803,0.1044931851931216,0.1741707707195443,10_sp_aij_29,2369231,0.1,10,4439,8,50,even
130,18.181818181818183,0.5210080873540395,0.2156841729275554,0.0941553588837677,0.3033487600005056,0.0425543185510448,0.1731219780518286,0.1197376101198506,0.3066999139431324,0.0826405634776778,0.1758862659276783,10_sp_aij_29,2369231,0.1,10,4439,8,50,even
131,18.78787878787879,0.5322667728051189,0.2739682845749683,0.132025255783763,0.3073453352278746,0.0372854614122402,0.2083107653264684,0.1273164745954182,0.2415160353218335,0.0797017533654488,0.1810046049286261,10_sp_aij_29,2369231,0.1,10,4439,8,50,even
132,19.393939393939394,0.608939385747001,0.3072871320378566,0.1509191591687685,0.3221475462896943,0.0487341639333563,0.2258085549026551,0.1169426399705815,0.2504304512045128,0.0964752534584734,0.1801721641723227,10_sp_aij_29,2369231,0.1,10,4439,8,50,even
133,20.0,0.6482953614845337,0.3046324500175461,0.1378123938141252,0.30589408845449,0.0550079246543452,0.2644479401861848,0.1061905664847369,0.2772589428819479,0.1183839793578127,0.1568083771986592,10_sp_aij_29,2369231,0.1,10,4439,8,50,even
134,20.60606060606061,0.637216097325231,0.3841399325028315,0.1552266073722304,0.313173823498121,0.0631426172602157,0.2870950815792952,0.1356730537108316,0.2847013973181376,0.1349674436138574,0.1403769779899193,10_sp_aij_29,2369231,0.1,10,4439,8,50,even
135,21.21212121212121,0.4209610124330752,0.3396668218297533,0.1890346282545805,0.3279031184028687,0.0484446648360216,0.2347739053193497,0.1191491725576307,0.3279306182354452,0.1357665121690688,0.1181013201060608,10_sp_aij_29,2369231,0.1,10,4439,8,50,even
136,21.81818181818182,0.4803484491555858,0.3311819434109284,0.2276990309434031,0.3836390584825868,0.048117841754496,0.2390286508674526,0.1269837511949577,0.3618255003236062,0.1116837799690778,0.1306797580393472,10_sp_aij_29,2369231,0.1,10,4439,8,50,even
137,22.424242424242426,0.4410735848157559,0.3117579230251542,0.2016524965020068,0.4922007103324473,0.0683500150630652,0.1633950906835946,0.1377217877796294,0.3463489954226901,0.1009133728821977,0.1239106742793912,10_sp_aij_29,2369231,0.1,10,4439,8,50,even
138,23.03030303030303,0.5017174464830092,0.3745617475725006,0.156044525349539,0.4685230717736922,0.0872512788635571,0.184777968677201,0.1386666674260572,0.3275333508682716,0.1186506305053782,0.1065277738189269,10_sp_aij_29,2369231,0.1,10,4439,8,50,even
139,23.63636363636364,0.6051473999157954,0.379793798211287,0.2058186013875827,0.4180451514793777,0.0926126997238331,0.1847158341341144,0.1353874300136569,0.285411803843785,0.1428795789919957,0.087813166841665,10_sp_aij_29,2369231,0.1,10,4439,8,50,even
140,24.24242424242424,0.6621244841390891,0.3558999401246959,0.1584927146230284,0.3171320757614994,0.0984860686250131,0.2194700087498549,0.140567878021446,0.3003569721179022,0.14497866679987,0.1005238871644032,10_sp_aij_29,2369231,0.1,10,4439,8,50,even
141,24.848484848484848,0.5462084681605383,0.3153276598303709,0.1415925357944661,0.3858738199553402,0.0968321374607935,0.2202873308010444,0.1317177960540789,0.3843618118986843,0.1596925491872901,0.1087818561997221,10_sp_aij_29,2369231,0.1,10,4439,8,50,even
142,25.454545454545457,0.5183952965294059,0.2992414874042241,0.1528652386581304,0.3023043886777489,0.0802716679638995,0.1743802314951908,0.1061484778980842,0.3204018409065352,0.132899913391796,0.1044023937832668,10_sp_aij_29,2369231,0.1,10,4439,8,50,even
143,26.060606060606062,0.4195195097162028,0.2677515156187209,0.1418166997493314,0.3202426121293384,0.0792944249565121,0.1824593677773191,0.116138375954534,0.3096853497854721,0.1484887289954701,0.0931483808977055,10_sp_aij_29,2369231,0.1,10,4439,8,50,even
144,26.666666666666668,0.6022513072277432,0.2433662930151078,0.176232372566417,0.2775464162321078,0.0732758001838584,0.179940460048074,0.1485029171971203,0.3110444285962488,0.1474399492166899,0.1288910384603094,10_sp_aij_29,2369231,0.1,10,4439,8,50,even
145,27.272727272727277,0.4750363610364236,0.2756465851204869,0.1558756641376356,0.3125433103917681,0.069544119237089,0.1894058648295432,0.1630091796730413,0.3022190210317599,0.1673231766079052,0.1413286394326502,10_sp_aij_29,2369231,0.1,10,4439,8,50,even
146,27.87878787878788,0.5348907457342541,0.2520524760246225,0.1719510180573099,0.3097648733112005,0.0686917506278778,0.1521557951136405,0.1552311140186969,0.2998699377515315,0.1212827825666263,0.1607615390156272,10_sp_aij_29,2369231,0.1,10,4439,8,50,even
147,28.484848484848484,0.608609130781904,0.2854773324411676,0.139625997785237,0.3452586960314678,0.082669568038183,0.1563728454640546,0.1493492350370138,0.3114474405775263,0.1311237262410396,0.113915533009943,10_sp_aij_29,2369231,0.1,10,4439,8,50,even
148,29.090909090909093,0.6063241020972167,0.3410752193476449,0.1737138735064091,0.3585241889476209,0.0870682707235453,0.1789108518042625,0.1236854169341116,0.2520683791962499,0.1189234653409356,0.1031375102257494,10_sp_aij_29,2369231,0.1,10,4439,8,50,even
149,30.0,0.6584338429768285,0.2226903065764201,0.1543121057081633,0.3737120667483967,0.0875550743654002,0.2165277409978727,0.1264563552417349,0.2707862299786606,0.1368059550634908,0.1342820917322499,10_sp_aij_29,2369231,0.1,10,4439,8,50,even
150,0.0,0.09,0.09,0.08,0.08,0.08,0.06,0.04,0.01,0.09,0.02,10_sp_aij_29,8982779,0.1,10,4439,8,50,even
151,0.6060606060606061,0.147902109897114,0.1016085060731464,0.0761468354289444,0.0942636065760641,0.0818738801669934,0.0841325661263736,0.0559379082121166,0.0183601596272755,0.0959996360847285,0.0192285785701724,10_sp_aij_29,8982779,0.1,10,4439,8,50,even
152,1.2121212121212122,0.2598892328763897,0.1311933232748489,0.0811315733223773,0.1166945977736154,0.081809101319679,0.0915082260014864,0.0754127434557705,0.0307467578946155,0.1243893793576351,0.0208061677757678,10_sp_aij_29,8982779,0.1,10,4439,8,50,even
153,1.8181818181818183,0.3029586375185786,0.1463345219209942,0.0900893660008485,0.1726292304711953,0.0975246801954469,0.1049131027296868,0.0767262509846391,0.0599631128447207,0.1782582879681218,0.0295863913527579,10_sp_aij_29,8982779,0.1,10,4439,8,50,even
154,2.4242424242424243,0.4353255426620112,0.1683613893427418,0.1033233814029851,0.1853795527497293,0.0831370978845822,0.1374494091174031,0.0862850542376345,0.1028334483723714,0.171875114850521,0.0378840680745756,10_sp_aij_29,8982779,0.1,10,4439,8,50,even
155,3.0303030303030303,0.441986626749812,0.2007017671564066,0.1355530784276808,0.2786885904528401,0.081969857075567,0.2096078601720313,0.0936200304720933,0.1331229412914976,0.1986337280214141,0.0524067062414515,10_sp_aij_29,8982779,0.1,10,4439,8,50,even
156,3.6363636363636367,0.3577459488650042,0.2619374068472809,0.1686969547505971,0.3015094851582228,0.0523034499216678,0.202562853708435,0.108683977424925,0.2206943662540892,0.1726878406374901,0.0722976310143575,10_sp_aij_29,8982779,0.1,10,4439,8,50,even
157,4.242424242424242,0.4541502945592231,0.2694376919995176,0.1751507183018777,0.3477329410147383,0.060125165505418,0.176420290137069,0.1520555162250624,0.2488271152743032,0.1652002205683689,0.0973738784488223,10_sp_aij_29,8982779,0.1,10,4439,8,50,even
158,4.848484848484849,0.6051616471601706,0.2873156890504962,0.1664289371431024,0.4164212521737058,0.0725583131616089,0.1921023032696325,0.1495047235602759,0.3260712349883936,0.1481729957178713,0.1086913302501837,10_sp_aij_29,8982779,0.1,10,4439,8,50,even
159,5.454545454545455,0.6233777007517268,0.3408186513473552,0.173830275375966,0.4713223380682325,0.0723815818160752,0.2140228673054015,0.1418727870770142,0.3074470083914607,0.1366651268045987,0.1255756684473744,10_sp_aij_29,8982779,0.1,10,4439,8,50,even
160,6.0606060606060606,0.604122192374986,0.3179967472613029,0.153189209707873,0.434600246428844,0.0928493514015433,0.2304122252691557,0.0998370990647594,0.3240683383748562,0.1061725602642673,0.1119068817665933,10_sp_aij_29,8982779,0.1,10,4439,8,50,even
161,6.666666666666667,0.6389851536630605,0.3421018326337535,0.1433890169420784,0.4476268334629147,0.0732341513001547,0.1978126482138967,0.1120235631290787,0.3300441271458198,0.1097430426703688,0.0843702646486014,10_sp_aij_29,8982779,0.1,10,4439,8,50,even
162,7.272727272727273,0.5469311003497327,0.296039718262041,0.1829407341442129,0.4164539638980097,0.0779189598322799,0.1970768257353199,0.1165721978401564,0.282250400977511,0.129685264642932,0.1083590624198938,10_sp_aij_29,8982779,0.1,10,4439,8,50,even
163,7.878787878787879,0.4911745637809546,0.3521242176404396,0.1673860770176061,0.4702390286159051,0.0871763617371734,0.1516615230573441,0.0952693806987447,0.2447634807776643,0.1407544021564632,0.1233504931309352,10_sp_aij_29,8982779,0.1,10,4439,8,50,even
164,8.484848484848484,0.523874968787372,0.3405486889400662,0.1667451764565321,0.3973804234652071,0.0831755114774106,0.1491989826200117,0.1064766360868956,0.3038439296429098,0.1353129042455023,0.1183121992462398,10_sp_aij_29,8982779,0.1,10,4439,8,50,even
165,9.090909090909092,0.4652792976319905,0.3419288332193513,0.1656770844237423,0.4126347728142797,0.0955230700834319,0.1994487900362712,0.0984775754166976,0.2933474391508765,0.1501924941996137,0.1088510393028927,10_sp_aij_29,8982779,0.1,10,4439,8,50,even
166,9.696969696969695,0.5181751685533579,0.2833753119402863,0.1707918884769432,0.2802273567225509,0.0844505362515199,0.2310057421376278,0.1042747642112909,0.3643649418391254,0.1370281801632822,0.1171100371077862,10_sp_aij_29,8982779,0.1,10,4439,8,50,even
167,10.303030303030305,0.500915802924825,0.2695123416948254,0.1964570383846293,0.3756797213630415,0.0914139896288115,0.2167706665338203,0.1222678029838434,0.3170540599147363,0.1111509042382841,0.1340755799723363,10_sp_aij_29,8982779,0.1,10,4439,8,50,even
168,10.90909090909091,0.629897732979155,0.3016594548887079,0.206908255373323,0.4206342341761721,0.1089798317179065,0.1878689369162324,0.1192925645962949,0.3586612258913633,0.1074743916755252,0.1290027243907764,10_sp_aij_29,8982779,0.1,10,4439,8,50,even
169,11.515151515151516,0.5115723781530165,0.4074619039838452,0.1800545752558556,0.437824610249939,0.1074751995656006,0.1842027794627548,0.1053970587370672,0.3609155284771146,0.1042423266044745,0.1225073905901244,10_sp_aij_29,8982779,0.1,10,4439,8,50,even
170,12.12121212121212,0.6083465220576809,0.3765695592769871,0.1703756270111641,0.4944248055738273,0.0975745038948495,0.1707919873005825,0.1558956644319366,0.279974631243013,0.1190490322118071,0.1058693472531223,10_sp_aij_29,8982779,0.1,10,4439,8,50,even
171,12.727272727272728,0.6218774881766967,0.3981051216895008,0.1920241406475304,0.4386758138449148,0.0896121070446773,0.1788060513267772,0.154587060657321,0.2162326626053558,0.1586822307711727,0.1117740454413962,10_sp_aij_29,8982779,0.1,10,4439,8,50,even
172,13.333333333333334,0.5634475196623105,0.3719356202890879,0.197720887515019,0.4986488922657606,0.087701052648721,0.1669489037030337,0.1538219135698679,0.3006289687771194,0.1494040828907256,0.1037746927440787,10_sp_aij_29,8982779,0.1,10,4439,8,50,even
173,13.93939393939394,0.597910165219527,0.3296606805665,0.17454784531327,0.5284184242377434,0.0756589834254147,0.1627680457514094,0.1481907385606308,0.325698779569177,0.1263334540494065,0.0850117259092005,10_sp_aij_29,8982779,0.1,10,4439,8,50,even
174,14.545454545454549,0.7118510079178926,0.3023769864056684,0.1880672304820915,0.4243653833344713,0.0840774095074596,0.2030994120339024,0.1279286834405779,0.2970113781066583,0.1444861425420846,0.0648573342078075,10_sp_aij_29,8982779,0.1,10,4439,8,50,even
175,15.151515151515152,0.5342279582142453,0.3413986106315119,0.1715796017130825,0.4615260075985803,0.0781488677575526,0.2255446211495733,0.1573831647577241,0.2846906209292111,0.14349339619545,0.0773156090069504,10_sp_aij_29,8982779,0.1,10,4439,8,50,even
176,15.757575757575758,0.5227957866641841,0.4217935718329108,0.1659459355412381,0.4134663324553658,0.0712450589325549,0.2022111383626673,0.1892399260536247,0.2570391689160608,0.140999529358191,0.066413961562327,10_sp_aij_29,8982779,0.1,10,4439,8,50,even
177,16.363636363636363,0.5742657762662979,0.4042247539179386,0.190279575567378,0.4003594159647381,0.0893273372588913,0.1730071649775601,0.220297378982088,0.2659829210754364,0.1444172733827957,0.0685131158386615,10_sp_aij_29,8982779,0.1,10,4439,8,50,even
178,16.96969696969697,0.5522913111170176,0.3478438976005463,0.2027354453429748,0.4475926256534852,0.08429839668306,0.2064038974711382,0.1801219659037715,0.3704387895554203,0.1229169608529296,0.0706214148667749,10_sp_aij_29,8982779,0.1,10,4439,8,50,even
179,17.575757575757578,0.5223613758501017,0.5064892868252373,0.211239329543165,0.3906103728127529,0.0686240782235587,0.1614500286781262,0.1581383119090939,0.3399825867322555,0.0993558296361335,0.0708241052610924,10_sp_aij_29,8982779,0.1,10,4439,8,50,even
180,18.181818181818183,0.5503438836894539,0.4162978292059038,0.1800844582128923,0.332575815164203,0.0768100928449685,0.1670105944968729,0.1659639343823995,0.265430824079061,0.0768675997192368,0.0889273324379318,10_sp_aij_29,8982779,0.1,10,4439,8,50,even
181,18.78787878787879,0.598003564692427,0.4024695844586606,0.1820471593079659,0.3682779364678838,0.0748418766604902,0.1506887087968177,0.1760132295400869,0.3002392879013882,0.0952110435689207,0.0898265074562697,10_sp_aij_29,8982779,0.1,10,4439,8,50,even
182,19.393939393939394,0.6593861511776055,0.3915401009306669,0.230908641872881,0.3975370667408119,0.0653811946878169,0.1609495002197478,0.1633711459731705,0.2676908407302875,0.1277390879622782,0.0995783182643051,10_sp_aij_29,8982779,0.1,10,4439,8,50,even
183,20.0,0.562668522738162,0.4063559531161567,0.203313348099159,0.3853021775905627,0.0749843296958281,0.1865902026744162,0.1368347825447165,0.3319064333403984,0.1306392779014418,0.0975589270590872,10_sp_aij_29,8982779,0.1,10,4439,8,50,even
184,20.60606060606061,0.5890503859022113,0.2951962192126185,0.2539816055141235,0.3391104835287538,0.0881652139034715,0.1779513930357961,0.1411239152784296,0.2734580268538804,0.1575900385564774,0.1101211406240321,10_sp_aij_29,8982779,0.1,10,4439,8,50,even
185,21.21212121212121,0.4580458658748781,0.3162832928070205,0.2296446129539129,0.2612360672554761,0.090924778987594,0.1889854608882476,0.1766480708269244,0.3525942872850922,0.135477504080969,0.1207971439911993,10_sp_aij_29,8982779,0.1,10,4439,8,50,even
186,21.81818181818182,0.4582537374933865,0.3233169010992642,0.1322790421437254,0.3484029556261451,0.0821167465403526,0.175826674825687,0.1939447174244367,0.2812333892601513,0.1439280531138075,0.1080418118560486,10_sp_aij_29,8982779,0.1,10,4439,8,50,even
187,22.424242424242426,0.5062146077443141,0.3149416274220877,0.1440680379229959,0.3039350090736725,0.0889128025160615,0.1652974807259945,0.1808055882896511,0.3138263055978747,0.1804692205329577,0.0861574945974181,10_sp_aij_29,8982779,0.1,10,4439,8,50,even
188,23.03030303030303,0.4710136796637912,0.2848502743003958,0.1402377815778123,0.4403502370265837,0.0778499702443421,0.1855321026746122,0.1679383518711662,0.2780796632625048,0.2097738192081338,0.0771680727115002,10_sp_aij_29,8982779,0.1,10,4439,8,50,even
189,23.63636363636364,0.5065364857266784,0.4217048876640021,0.1517648487702838,0.3994190368272777,0.0783621707223026,0.141895341769971,0.1716697290147702,0.2437000363659939,0.1685522962354197,0.0801433463119872,10_sp_aij_29,8982779,0.1,10,4439,8,50,even
190,24.24242424242424,0.5735940129232245,0.3336370671912037,0.1760254914227911,0.3215742181527974,0.0936607723158977,0.1487027917300693,0.135756549717212,0.2604670618735846,0.1491612118702981,0.0845876840971744,10_sp_aij_29,8982779,0.1,10,4439,8,50,even
191,24.848484848484848,0.538232629533836,0.3106002119311486,0.1867276254117179,0.355856135801872,0.0991558098706444,0.1803105408461381,0.1322816325814811,0.3137214934271361,0.1448088897867641,0.0906845861222328,10_sp_aij_29,8982779,0.1,10,4439,8,50,even
192,25.454545454545457,0.5311204207831547,0.2585511927161542,0.2164283188611964,0.3521099956964068,0.0978512999932517,0.1711239925706251,0.1341553685330132,0.365523787568597,0.1236026167021697,0.093551058620709,10_sp_aij_29,8982779,0.1,10,4439,8,50,even
193,26.060606060606062,0.5252800720826662,0.322020658248251,0.2044565419804628,0.4458401295250015,0.1128316089083172,0.207920397047486,0.1512402791793354,0.2639634200912034,0.1213595947657712,0.1063344807244544,10_sp_aij_29,8982779,0.1,10,4439,8,50,even
194,26.666666666666668,0.5790673910091427,0.2772251110012443,0.2099252722846243,0.3544320938368391,0.1060482190711714,0.1666298615517528,0.1499317396636949,0.3334719266804369,0.1279672438158827,0.0930106130580469,10_sp_aij_29,8982779,0.1,10,4439,8,50,even
195,27.272727272727277,0.51197774172018,0.2572513886087677,0.1785226853208696,0.3188860239598499,0.1050089647320882,0.20850784797976,0.1446739718679634,0.3644803861068765,0.1643752376952125,0.0960206566126701,10_sp_aij_29,8982779,0.1,10,4439,8,50,even
196,27.87878787878788,0.5057132234427066,0.2482244299941772,0.1482932124903399,0.3808734523156401,0.0904554230843781,0.2191031460452782,0.1521042921589065,0.3272379234471654,0.1864792044571084,0.0999660287393407,10_sp_aij_29,8982779,0.1,10,4439,8,50,even
197,28.484848484848484,0.5755476895325716,0.302025329187462,0.1719596614133355,0.3438838882519347,0.0788994600085462,0.2091700142630984,0.1781549157894393,0.3188631302053285,0.2046491202961076,0.1207710142479561,10_sp_aij_29,8982779,0.1,10,4439,8,50,even
198,29.090909090909093,0.6942512184089242,0.294410757011243,0.2381600069145975,0.3713057148884836,0.0898937445663449,0.2652124636039115,0.1983872256726117,0.37655546626646,0.1622791420915522,0.1463770352605093,10_sp_aij_29,8982779,0.1,10,4439,8,50,even
199,30.0,0.5445609357367236,0.3045230051991078,0.1880660958607926,0.4366269777372361,0.1034399529757134,0.1886041028047299,0.1664870641975934,0.3997111075596975,0.1151781732333431,0.1575202225283591,10_sp_aij_29,8982779,0.1,10,4439,8,50,even
200,0.0,0.06,0.08,0.04,0.05,0.07,0.09,0.05,0.09,0.04,0.05,10_sp_aij_29,9036584,0.1,10,4439,8,50,even
201,0.6060606060606061,0.1322985800137092,0.0716350969107877,0.0401442075901773,0.0731101549246051,0.0947163606661372,0.1257641173406649,0.0717981579206162,0.13964719574266,0.0482475197058929,0.0588348550227336,10_sp_aij_29,9036584,0.1,10,4439,8,50,even
202,1.2121212121212122,0.2172567795677378,0.1014425229517592,0.0405847185262757,0.113644849560816,0.108821277481032,0.1250802844909585,0.0789173796971066,0.2180067632617396,0.0512767480907193,0.0611090564119054,10_sp_aij_29,9036584,0.1,10,4439,8,50,even
203,1.8181818181818183,0.2657001256231268,0.1090574627661735,0.0484777321684965,0.1562671273892528,0.1196545352092165,0.1397237638369816,0.0937895505778714,0.2431606870328019,0.0683159295091137,0.0719382335211604,10_sp_aij_29,9036584,0.1,10,4439,8,50,even
204,2.4242424242424243,0.3251812681037355,0.1453045607811516,0.0500002869153942,0.1631173970760202,0.1227922062404312,0.156392680531873,0.1193347329191521,0.2694388403450801,0.0956496584121577,0.0846864263563643,10_sp_aij_29,9036584,0.1,10,4439,8,50,even
205,3.0303030303030303,0.4119589074354614,0.1639661272548561,0.0647025829890694,0.1812901345216293,0.1230181223408803,0.1846905726294553,0.1465726399572877,0.3307628326389876,0.1093531967898502,0.099893841597781,10_sp_aij_29,9036584,0.1,10,4439,8,50,even
206,3.6363636363636367,0.4948056134199726,0.1726462462797,0.0610339803533758,0.2089920369145584,0.1092910208453442,0.1901443250683645,0.1423376025714207,0.2526938728025582,0.1217545396845302,0.106739260008942,10_sp_aij_29,9036584,0.1,10,4439,8,50,even
207,4.242424242424242,0.5179535188289572,0.1827454569190955,0.0891627380341155,0.281784236428411,0.1465478887187074,0.2691158145027792,0.1631088211529549,0.2818862934978356,0.1709042805411162,0.0878807022666266,10_sp_aij_29,9036584,0.1,10,4439,8,50,even
208,4.848484848484849,0.4121780328019068,0.2167527964782204,0.0998610487704995,0.3136607360399359,0.1331030554304519,0.2196735283694874,0.1516454477232865,0.3329267968351508,0.273499644063825,0.0793834601389191,10_sp_aij_29,9036584,0.1,10,4439,8,50,even
209,5.454545454545455,0.5154064261133723,0.2324075817419457,0.1143255224927624,0.3211290211046116,0.0929585450233994,0.2186952558347086,0.1797696823019729,0.3284821855392762,0.2235566824424782,0.0699105943963904,10_sp_aij_29,9036584,0.1,10,4439,8,50,even
210,6.0606060606060606,0.5468620060018152,0.3034773269735485,0.1100221635280248,0.3355338704995552,0.0609138255670155,0.2726723804093384,0.1512483890614824,0.3405771502877355,0.2383039145015404,0.0750649507492686,10_sp_aij_29,9036584,0.1,10,4439,8,50,even
211,6.666666666666667,0.5065141236354656,0.3079040358714774,0.1678209814658153,0.3314443542826504,0.0671740278810364,0.2510310456009849,0.1164807274244641,0.2990833165847273,0.2772424825270877,0.0557670951704976,10_sp_aij_29,9036584,0.1,10,4439,8,50,even
212,7.272727272727273,0.4481880780134482,0.208230172190087,0.1630814970721697,0.3994845939162392,0.059756177808173,0.2237064942013143,0.1174380427140298,0.2977674446175875,0.2174476381533675,0.0634300500084861,10_sp_aij_29,9036584,0.1,10,4439,8,50,even
213,7.878787878787879,0.5176692982562222,0.235463256172158,0.1661146101348036,0.4029111805243744,0.0506744958014517,0.1785477783886048,0.1000443188489808,0.2842877260862394,0.2000285300479883,0.0617672507995103,10_sp_aij_29,9036584,0.1,10,4439,8,50,even
214,8.484848484848484,0.5319507409762055,0.2147094759751335,0.1789595441841335,0.4512090419758399,0.0547248759027127,0.1843773862989262,0.0998043796492482,0.2609093481471116,0.1445133426730711,0.0674573909431694,10_sp_aij_29,9036584,0.1,10,4439,8,50,even
215,9.090909090909092,0.4871419559126395,0.2465536189751093,0.1630012034097736,0.3992028258662592,0.0509713211937211,0.2005774568145572,0.1094989714500186,0.2455283889524264,0.1602428946967907,0.0620766327345968,10_sp_aij_29,9036584,0.1,10,4439,8,50,even
216,9.696969696969695,0.5126037451432751,0.2236434897595172,0.1845058823604674,0.377609287205853,0.057874941044598,0.2201179888178724,0.1213981377287346,0.2670699049860674,0.1342216739854926,0.0812545554250301,10_sp_aij_29,9036584,0.1,10,4439,8,50,even
217,10.303030303030305,0.5743075214081388,0.3053172657847271,0.1802641852814425,0.3677746096189863,0.0477546875072942,0.1969886543688853,0.0913384060756861,0.2301027438266156,0.141510607214863,0.0808166223715538,10_sp_aij_29,9036584,0.1,10,4439,8,50,even
218,10.90909090909091,0.5271293725511247,0.3788526123396035,0.1783196676562785,0.3767663095585897,0.0448526902114984,0.2364545424584231,0.0861686515627575,0.2047360261478477,0.1463168668446114,0.0793362061322227,10_sp_aij_29,9036584,0.1,10,4439,8,50,even
219,11.515151515151516,0.5066664894654522,0.3640647942063959,0.1611706512727891,0.3792819025985908,0.0546893598001256,0.2264546316245533,0.094221795851556,0.2715194210052942,0.144770438540565,0.0964921725513148,10_sp_aij_29,9036584,0.1,10,4439,8,50,even
220,12.12121212121212,0.4195012613676843,0.3858649791779043,0.180482998812604,0.3301594315994135,0.0515884460529506,0.2179061998828447,0.0869926114098375,0.2311647689531022,0.1265757822109996,0.0799784251863766,10_sp_aij_29,9036584,0.1,10,4439,8,50,even
221,12.727272727272728,0.5410580759401947,0.4076660847130167,0.2041926276161399,0.3550002279242506,0.0542668281093998,0.2149582709499495,0.0986300671005699,0.3015840022611413,0.1095950086129567,0.0885442596526929,10_sp_aij_29,9036584,0.1,10,4439,8,50,even
222,13.333333333333334,0.5278151241543374,0.3108083947453017,0.1944062441936576,0.4165939635843687,0.0455803746921812,0.2222443659322338,0.1102289428682708,0.3501400719937804,0.1043467601853997,0.0866316047877676,10_sp_aij_29,9036584,0.1,10,4439,8,50,even
223,13.93939393939394,0.5720119030411686,0.2791884290796664,0.1945094443086958,0.4683730377889424,0.0516604278450659,0.2306571197419396,0.092961544083827,0.2935451289398635,0.1115664768565583,0.1100456583035411,10_sp_aij_29,9036584,0.1,10,4439,8,50,even
224,14.545454545454549,0.5308907052349762,0.262093129410288,0.1738286883940603,0.3774604689043188,0.0531075204648272,0.2714867939043832,0.0967807631664531,0.3103592362742028,0.1428205506270826,0.1338409949446173,10_sp_aij_29,9036584,0.1,10,4439,8,50,even
225,15.151515151515152,0.4306484835513776,0.2583363607588106,0.1233830263841384,0.3315336953433155,0.0495048380140173,0.2337429808811948,0.0856756169932021,0.3220662378294309,0.1236862866361741,0.1639110122110765,10_sp_aij_29,9036584,0.1,10,4439,8,50,even
226,15.757575757575758,0.5437889892927134,0.2796878825632736,0.1390794125500042,0.2511125948040988,0.0503690082073224,0.2520264300790028,0.1007674787047106,0.3257373705230436,0.1209209203200329,0.1349468782426176,10_sp_aij_29,9036584,0.1,10,4439,8,50,even
227,16.363636363636363,0.5568090856025335,0.3440743727259167,0.1518413496351843,0.355315455860334,0.0612788057242471,0.2162014339369264,0.1417711537036722,0.3949063162931389,0.1261302084888851,0.1298210945994483,10_sp_aij_29,9036584,0.1,10,4439,8,50,even
228,16.96969696969697,0.6813962070386372,0.3020760379128672,0.1090017261476117,0.4606539429208466,0.0591072649738061,0.2169613439478289,0.1307053927593288,0.3262341781886391,0.1369377118882089,0.1127741792035628,10_sp_aij_29,9036584,0.1,10,4439,8,50,even
229,17.575757575757578,0.6754722444479835,0.3414781112107025,0.15272693716592,0.4977363196775269,0.0575342103356438,0.2460243669606448,0.103483702648729,0.3641190620610007,0.1471585409330076,0.1041736290807855,10_sp_aij_29,9036584,0.1,10,4439,8,50,even
230,18.181818181818183,0.6282124820862987,0.3051984478595522,0.1984221335147796,0.4596143787824925,0.0643342891400217,0.2209726742533911,0.0907840751664313,0.3673793598463119,0.1514034926276128,0.1065457943703771,10_sp_aij_29,9036584,0.1,10,4439,8,50,even
231,18.78787878787879,0.5809236404497699,0.2729740861977538,0.1917721232517022,0.3667537794097005,0.0475694836022226,0.2156510327824642,0.1005511280595113,0.4071800556308834,0.1275889885952567,0.1015999891605795,10_sp_aij_29,9036584,0.1,10,4439,8,50,even
232,19.393939393939394,0.6089672611519746,0.3118211125577092,0.1760982707412159,0.3981139670143297,0.0433250267154086,0.1956396327414168,0.0950456965612921,0.304333492892954,0.1232490919292619,0.1114363758753255,10_sp_aij_29,9036584,0.1,10,4439,8,50,even
233,20.0,0.5264990442256704,0.3235524127996202,0.2028340560713425,0.3980565393058205,0.045750194199759,0.2206487044589851,0.0791052893587791,0.2119931467988381,0.095558629562543,0.1018324891818364,10_sp_aij_29,9036584,0.1,10,4439,8,50,even
234,20.60606060606061,0.5715369412779562,0.3440485442432685,0.1476785903208638,0.329487395698427,0.0466109518254116,0.2417577904454203,0.0812421054883221,0.3249343292001937,0.1036794888644537,0.1040558184396304,10_sp_aij_29,9036584,0.1,10,4439,8,50,even
235,21.21212121212121,0.5665067019992086,0.3719298578299483,0.1360847779515928,0.3530638482086998,0.0551661941650901,0.2523597080809758,0.0777163579441073,0.3518303139095703,0.1154279410168838,0.1127879912926251,10_sp_aij_29,9036584,0.1,10,4439,8,50,even
236,21.81818181818182,0.5319563054388375,0.3628564139967974,0.1486284110432634,0.4038616472705918,0.0546011419511615,0.2634005336495643,0.0773437315387111,0.2795773713686389,0.1447722401055818,0.0942761268419079,10_sp_aij_29,9036584,0.1,10,4439,8,50,even
237,22.424242424242426,0.6138748724536127,0.2997360446571996,0.1755680392533098,0.4170326248633098,0.0530886429766071,0.2719593429078413,0.0882072614203369,0.2905446660309358,0.1362741387689575,0.0937826095224192,10_sp_aij_29,9036584,0.1,10,4439,8,50,even
238,23.03030303030303,0.5500373692477099,0.2854210525210073,0.1953882686738798,0.4033671799946393,0.0661000918205274,0.3048913120022242,0.0872798198484623,0.3345848029439406,0.1446438670313539,0.1133619579392511,10_sp_aij_29,9036584,0.1,10,4439,8,50,even
239,23.63636363636364,0.4709282670229243,0.2661349139859297,0.228120971679137,0.3678194773831449,0.0536956882582533,0.2487015613051786,0.0980181223333285,0.3633473340561855,0.1387785104224133,0.1007735841525217,10_sp_aij_29,9036584,0.1,10,4439,8,50,even
240,24.24242424242424,0.5060187592323696,0.2269169302614695,0.2164764976164773,0.4208746507644511,0.0564643765590539,0.2620649931859801,0.1048519569515981,0.4036960953921626,0.10803822133799,0.100872038809837,10_sp_aij_29,9036584,0.1,10,4439,8,50,even
241,24.848484848484848,0.6929455237487945,0.2433685165811384,0.1408236435594393,0.3462499163106992,0.0515960540675596,0.16356919212373,0.1130416028334889,0.2953815550695422,0.0982552033673681,0.0934123315428684,10_sp_aij_29,9036584,0.1,10,4439,8,50,even
242,25.454545454545457,0.6495961912548713,0.2898618700864423,0.2124921324997429,0.3044506663747814,0.0584255546203238,0.2298173347860997,0.1240637172354778,0.2549676537769527,0.1282973384324218,0.1086098494539916,10_sp_aij_29,9036584,0.1,10,4439,8,50,even
243,26.060606060606062,0.5605294861657648,0.4029807872062849,0.165068971092533,0.3463730287794715,0.0623483370770716,0.2947430761403168,0.1170907709807714,0.3191707984109302,0.1483973401733167,0.115780116084123,10_sp_aij_29,9036584,0.1,10,4439,8,50,even
244,26.666666666666668,0.4787262346425062,0.3086186978197353,0.2040055041587631,0.4353161589543929,0.0632205716890047,0.2606744977608022,0.1200017332853786,0.3350246455378363,0.1450125620009844,0.1288249182556408,10_sp_aij_29,9036584,0.1,10,4439,8,50,even
245,27.272727272727277,0.4444576496586037,0.2839315257876041,0.2328449869101976,0.3962612449803774,0.0714264770468849,0.2135746032646432,0.1393067171274004,0.2748757433838049,0.1275375586611214,0.1297781397880908,10_sp_aij_29,9036584,0.1,10,4439,8,50,even
246,27.87878787878788,0.3701840124168573,0.2702922221138938,0.2142843306919521,0.3622789202637895,0.0620981641187185,0.2508665763815945,0.1585176722817142,0.3555787230380228,0.1444328466216314,0.1571305629245233,10_sp_aij_29,9036584,0.1,10,4439,8,50,even
247,28.484848484848484,0.4255407585159718,0.2726448799893893,0.1717039402781741,0.3042997978224705,0.0743978357552443,0.2405349392190705,0.1204024945241901,0.3759223994684531,0.1022475224874587,0.139106697111883,10_sp_aij_29,9036584,0.1,10,4439,8,50,even
248,29.090909090909093,0.4866172476889655,0.3004930246086946,0.1769630531364814,0.3918238775354047,0.0667379012607068,0.230883872317875,0.1295082787900459,0.3674854921805247,0.1046898437974654,0.138609102460896,10_sp_aij_29,9036584,0.1,10,4439,8,50,even
249,30.0,0.4806563586949736,0.2438677385120032,0.1741976712573118,0.3857675127403929,0.0500064086027037,0.2070448706847301,0.1326335051292458,0.3663231917189489,0.0799385230363327,0.1389991750552554,10_sp_aij_29,9036584,0.1,10,4439,8,50,even
250,0.0,0.06,0.06,0.01,0.01,0.01,0.08,0.08,0.04,0.04,0.05,10_sp_aij_29,9845126,0.1,10,4439,8,50,even
251,0.6060606060606061,0.1140878067408371,0.0822450720576076,0.0110546459040852,0.0161443888230794,0.01246171352523,0.0843967793331689,0.0960890951769377,0.0782275162925994,0.0577543755453259,0.0608006485747293,10_sp_aij_29,9845126,0.1,10,4439,8,50,even
252,1.2121212121212122,0.1889510473465855,0.0757524578632251,0.0104767007514664,0.0257411792442128,0.0168327171157293,0.1087832435635773,0.0896461149572762,0.094563922198049,0.07758441543545,0.0619243547001397,10_sp_aij_29,9845126,0.1,10,4439,8,50,even
253,1.8181818181818183,0.2280656476357985,0.0765818920951421,0.0139205772924368,0.0460222677103522,0.0176629206160364,0.1287833290277175,0.1203560285192387,0.1477622764249364,0.1233180610158894,0.0716392858235398,10_sp_aij_29,9845126,0.1,10,4439,8,50,even
254,2.4242424242424243,0.3199770625141941,0.089425372597837,0.0138432785897877,0.0764896281005108,0.0226254286380128,0.1566399271915744,0.098352627116734,0.1911902123207072,0.1681043594663095,0.0723529614869077,10_sp_aij_29,9845126,0.1,10,4439,8,50,even
255,3.0303030303030303,0.35462621129025,0.1240220135877593,0.0233978222591946,0.1572194586603265,0.025123552541905,0.1854384470550293,0.1025047053243303,0.2302729241476429,0.27283677743408,0.0740808197604325,10_sp_aij_29,9845126,0.1,10,4439,8,50,even
256,3.6363636363636367,0.4726431071585049,0.1572544725623163,0.0288833867147729,0.2118591158328769,0.0257734779527603,0.2302592810113627,0.0870455560981071,0.1829495758638327,0.2529211107444477,0.0847772055528325,10_sp_aij_29,9845126,0.1,10,4439,8,50,even
257,4.242424242424242,0.4757838850801607,0.1221848170040206,0.0426282622715633,0.2283329090355605,0.0171112272382522,0.2379819736402985,0.1025578659681173,0.2325952477721508,0.2582891389722073,0.0699044652411959,10_sp_aij_29,9845126,0.1,10,4439,8,50,even
258,4.848484848484849,0.5306915335906651,0.15035399667545,0.0598869914707641,0.3239971064398205,0.0160672783076561,0.2336592601361844,0.1017654048750833,0.2195294764106113,0.2723180613693124,0.0764865620047018,10_sp_aij_29,9845126,0.1,10,4439,8,50,even
259,5.454545454545455,0.4545525441280746,0.1943483909644946,0.0852748140271607,0.390879129206204,0.013432118637909,0.2239256721848116,0.1026601788712326,0.1533717851472414,0.3158568419120156,0.0732814360573067,10_sp_aij_29,9845126,0.1,10,4439,8,50,even
260,6.0606060606060606,0.5154647927426512,0.2078676682975872,0.1094126484767363,0.3845793099178333,0.0113393458696987,0.2302488546316063,0.0892149246054301,0.1887096615387135,0.2545207495016484,0.0798309612833701,10_sp_aij_29,9845126,0.1,10,4439,8,50,even
261,6.666666666666667,0.5382893081587935,0.2458340158585132,0.1598311380906763,0.3796620628594673,0.0126762929033353,0.213041270202334,0.0817184828946516,0.2444000772018733,0.2104981831689062,0.076023946995293,10_sp_aij_29,9845126,0.1,10,4439,8,50,even
262,7.272727272727273,0.5212472358864947,0.2203776103858473,0.1618719676836672,0.3808614566342442,0.0101568836114351,0.1716365142485036,0.0837425924494538,0.2830161556507456,0.1718671889737373,0.0930545659402993,10_sp_aij_29,9845126,0.1,10,4439,8,50,even
263,7.878787878787879,0.5343288958087496,0.2314387077097294,0.1946500785626713,0.3652674408951303,0.0091127855705187,0.2399370305308826,0.0861083060697012,0.3117018041475032,0.1238205382487854,0.10892071554319,10_sp_aij_29,9845126,0.1,10,4439,8,50,even
264,8.484848484848484,0.5585135823093507,0.2204097922311103,0.2041421067757341,0.384865082553577,0.0092722083302061,0.2598542184474356,0.0999052833305327,0.3455577759536821,0.1240757014367569,0.1255213974434644,10_sp_aij_29,9845126,0.1,10,4439,8,50,even
265,9.090909090909092,0.5939312245083044,0.273732680802319,0.2207722056425573,0.497628072066121,0.0099484842460967,0.2819320810932446,0.0982427168705192,0.3708150921525201,0.1480682723113917,0.1508050751881809,10_sp_aij_29,9845126,0.1,10,4439,8,50,even
266,9.696969696969695,0.4458788000659122,0.3126422215998342,0.2279147672455351,0.4231262418983916,0.0107854662697329,0.2655591336683958,0.0909280982165201,0.3855376401573439,0.1253361592296471,0.168099272357226,10_sp_aij_29,9845126,0.1,10,4439,8,50,even
267,10.303030303030305,0.5248136704451837,0.2834544680767637,0.2163662788728817,0.4362029860388563,0.0121677893262423,0.2273721556503934,0.1036585110217722,0.3223476507193937,0.1191704041185233,0.1774357278116052,10_sp_aij_29,9845126,0.1,10,4439,8,50,even
268,10.90909090909091,0.4690992354873899,0.3767537247853089,0.2614378131729013,0.4393128168397268,0.0139705217490682,0.2234714845800186,0.114599606267259,0.3042267489114543,0.1120816823181141,0.2200368318074501,10_sp_aij_29,9845126,0.1,10,4439,8,50,even
269,11.515151515151516,0.542936074188132,0.3906768962719226,0.2704253313256233,0.3947351007356385,0.0146997135590417,0.2155595959964393,0.1233059605236372,0.3348638672720231,0.0801968323906808,0.172005477313571,10_sp_aij_29,9845126,0.1,10,4439,8,50,even
270,12.12121212121212,0.5133286919032446,0.4143815788878596,0.2526870741060376,0.2857271516576958,0.0177981602565937,0.2654774268909084,0.1249937325426601,0.3215258867292991,0.0681916325151854,0.1832774410855948,10_sp_aij_29,9845126,0.1,10,4439,8,50,even
271,12.727272727272728,0.5278101222226705,0.3159193930851109,0.1987861272848032,0.3541374825713238,0.0205316904515768,0.2727961888443764,0.1180801919954103,0.3884280419987054,0.0731847531840906,0.1641268539165549,10_sp_aij_29,9845126,0.1,10,4439,8,50,even
272,13.333333333333334,0.5332336639927362,0.3054191281302978,0.1909243724596365,0.3764122328285018,0.0241159626355003,0.2304863787463215,0.1171062608472526,0.34556805273352,0.0872870785982104,0.175177383691251,10_sp_aij_29,9845126,0.1,10,4439,8,50,even
273,13.93939393939394,0.4820625460273663,0.3315920301155756,0.1991708931062381,0.3471872258513649,0.0259255731245993,0.2205215094967115,0.1319037458292795,0.3633435014779628,0.0927906886327435,0.1771431324997489,10_sp_aij_29,9845126,0.1,10,4439,8,50,even
274,14.545454545454549,0.6003276065778602,0.2812533679845874,0.1892266245452981,0.3900602626617532,0.0385919356513586,0.1758655316415569,0.1272467959949114,0.3462087376946505,0.070763628710243,0.1626307022189774,10_sp_aij_29,9845126,0.1,10,4439,8,50,even
275,15.151515151515152,0.5898568027017815,0.3539746188110396,0.1729555143959961,0.368153143359604,0.0403487824572122,0.1727941747003399,0.1273817972224587,0.2844063571552811,0.0854293269309786,0.109957232763708,10_sp_aij_29,9845126,0.1,10,4439,8,50,even
276,15.757575757575758,0.65046640130565,0.2455772033741476,0.1676126584248615,0.414867370514269,0.0508931969890063,0.1937695220229224,0.1417032228047159,0.3345234222615434,0.0882253222990957,0.103902983725652,10_sp_aij_29,9845126,0.1,10,4439,8,50,even
277,16.363636363636363,0.5471659198998379,0.2826022530160786,0.1817970772222015,0.3797435318604628,0.0579907186318476,0.1998086222734851,0.1581626862488729,0.2788486366915574,0.1153401667614187,0.1179619958302615,10_sp_aij_29,9845126,0.1,10,4439,8,50,even
278,16.96969696969697,0.5860229069161685,0.2748647588195134,0.215406285836225,0.2945527370749456,0.0485735991606881,0.2096628972141453,0.1735002969524151,0.2665971703474868,0.1236595559246428,0.144934970176721,10_sp_aij_29,9845126,0.1,10,4439,8,50,even
279,17.575757575757578,0.4918265185789836,0.2441109444972966,0.2003625128842353,0.3511639057143507,0.0648102316575961,0.2488028171522085,0.1445078342805072,0.3161376947747235,0.1254936924909306,0.1834479084121491,10_sp_aij_29,9845126,0.1,10,4439,8,50,even
280,18.181818181818183,0.5098860127439335,0.271206882539184,0.2469651761296555,0.3683661875066762,0.0678430824371183,0.2422569401278362,0.143208909782576,0.3006679474411417,0.1127517405124407,0.1682394112951223,10_sp_aij_29,9845126,0.1,10,4439,8,50,even
281,18.78787878787879,0.5249696548870407,0.3112369156379665,0.2190133065289064,0.3601198277233073,0.0766205372407499,0.2390946606118743,0.1519237359240564,0.2825767291980675,0.1078601221421358,0.1747388084538584,10_sp_aij_29,9845126,0.1,10,4439,8,50,even
282,19.393939393939394,0.5119358048551461,0.2536255733454851,0.1959708820311516,0.3379909272574972,0.0835455210795382,0.2497904592875494,0.1516656487824318,0.3299390942980518,0.112466084135326,0.2038425974465489,10_sp_aij_29,9845126,0.1,10,4439,8,50,even
283,20.0,0.4633995386617323,0.2896091511100493,0.1763520247309235,0.2542362754427583,0.0860816471495079,0.2473199747799994,0.1329006012603386,0.3596580907044998,0.1076044243499249,0.1948347783727613,10_sp_aij_29,9845126,0.1,10,4439,8,50,even
284,20.60606060606061,0.5254398526775157,0.2944971375548971,0.1175146359520482,0.3469521478962364,0.1006247738936285,0.2644735805042239,0.1472511354268426,0.4066937418241806,0.0805043296684623,0.2227896931385583,10_sp_aij_29,9845126,0.1,10,4439,8,50,even
285,21.21212121212121,0.504148441401433,0.3242718753989113,0.0967416308739211,0.3970380174361861,0.1094596043515292,0.2468187450096705,0.1461303694094347,0.373256238066882,0.0838120397463009,0.1445561517371804,10_sp_aij_29,9845126,0.1,10,4439,8,50,even
286,21.81818181818182,0.5996628443100741,0.3644619441088544,0.1138443589362894,0.3881393524102056,0.1110827106757941,0.2384223407031074,0.1454964580018691,0.3488838388531506,0.0908313102147234,0.1219715946880296,10_sp_aij_29,9845126,0.1,10,4439,8,50,even
287,22.424242424242426,0.629392492042669,0.3355352718522117,0.1330657639246579,0.2791786634097887,0.0747463952890365,0.2299022099162964,0.1213866314242437,0.2955719440373552,0.0875219660777937,0.1185823971268023,10_sp_aij_29,9845126,0.1,10,4439,8,50,even
288,23.03030303030303,0.5701581263168644,0.3338983771251959,0.1437712943472164,0.308124319179976,0.0582680195566607,0.223235497285942,0.1013759914507896,0.2285275928432613,0.1216614490896494,0.1115625016263356,10_sp_aij_29,9845126,0.1,10,4439,8,50,even
289,23.63636363636364,0.6685237321886625,0.395688662824095,0.1601206479338802,0.3437049981270482,0.0594766579452145,0.2379255263198608,0.1200083484769782,0.2573913783798007,0.1077366031280632,0.1166046451067843,10_sp_aij_29,9845126,0.1,10,4439,8,50,even
290,24.24242424242424,0.6496386570794461,0.4657540161769946,0.2161606263547316,0.3452008599872752,0.0577215986920165,0.2123261515924467,0.1114004626773842,0.2682435638280133,0.1308199436568379,0.1063792149941183,10_sp_aij_29,9845126,0.1,10,4439,8,50,even
291,24.848484848484848,0.5119830978775194,0.4546110109535407,0.220327201554999,0.3257911125431789,0.0696866898942716,0.2501761072233277,0.1027736359725262,0.2799761957921279,0.1259280194377312,0.1119478401884907,10_sp_aij_29,9845126,0.1,10,4439,8,50,even
292,25.454545454545457,0.5344071787039637,0.3656819106094068,0.2070207218697866,0.2664444196761668,0.078976933651707,0.2201303347585484,0.1099417645809608,0.2950149498205285,0.1039383008004023,0.1024233753031104,10_sp_aij_29,9845126,0.1,10,4439,8,50,even
293,26.060606060606062,0.4958220352736564,0.306085059785862,0.1398158058676858,0.4036563287288929,0.0611177097216324,0.2398844017866775,0.0929153051267548,0.283036537506288,0.1155089503044548,0.1106469908554809,10_sp_aij_29,9845126,0.1,10,4439,8,50,even
294,26.666666666666668,0.5208796128799421,0.249197351577783,0.1215197033813099,0.3975106535929324,0.0634522797006116,0.25429722669488,0.1092386428787065,0.3003677051307465,0.1299162432992473,0.118415035037993,10_sp_aij_29,9845126,0.1,10,4439,8,50,even
295,27.272727272727277,0.4941715815658951,0.2431109585845102,0.1960722111023502,0.412953249605932,0.0384601022368369,0.2564097050142442,0.1059091541049873,0.3046428237079058,0.1417634077316854,0.1288377765731966,10_sp_aij_29,9845126,0.1,10,4439,8,50,even
296,27.87878787878788,0.4980065099042421,0.2169225477293763,0.2282565907130258,0.3785397648196161,0.0410220947561841,0.2555765769652149,0.0989607751931971,0.3361379725928438,0.1219112097306458,0.1419651091626924,10_sp_aij_29,9845126,0.1,10,4439,8,50,even
297,28.484848484848484,0.4881986371952233,0.2514249143754275,0.2067802758334875,0.345712420319878,0.040250678688645,0.2706974031045444,0.122457842236518,0.2893336737519523,0.0909839534620851,0.1415310910873192,10_sp_aij_29,9845126,0.1,10,4439,8,50,even
298,29.090909090909093,0.3978955548171954,0.2459214686210016,0.1839087254828287,0.3481791047810675,0.0526936752031945,0.2435850519008867,0.1408329224172818,0.3870682729326362,0.1004923908032182,0.1611154230895101,10_sp_aij_29,9845126,0.1,10,4439,8,50,even
299,30.0,0.5596799204308032,0.2389922611605345,0.1704189199933232,0.351733451130464,0.0571689055422486,0.219180670177525,0.1024044030576498,0.3671473806837067,0.0787895155462668,0.1203115580019992,10_sp_aij_29,9845126,0.1,10,4439,8,50,even
300,0.0,0.03,0.04,0.07,0.08,0.06,0.09,0.06,0.05,0.01,0.03,10_sp_aij_29,10488077,0.1,10,4439,8,50,even
301,0.6060606060606061,0.0430507835252942,0.0619697272907206,0.069403847575232,0.1149627341197927,0.0566670036149808,0.0837400549211649,0.0703539489335058,0.0975657243657526,0.0122440455767938,0.0600225427063605,10_sp_aij_29,10488077,0.1,10,4439,8,50,even
302,1.2121212121212122,0.0766074037460274,0.0742989013130007,0.0545048193944605,0.1477777362982575,0.0682371399628355,0.080964566203529,0.0823070088765686,0.1584289900366357,0.015732305522959,0.0610931400281227,10_sp_aij_29,10488077,0.1,10,4439,8,50,even
303,1.8181818181818183,0.1410601741357563,0.1137445147765512,0.0528651604809508,0.1654712335219837,0.0643080160280095,0.0995418889444671,0.1351876135251392,0.2266848200661901,0.020249774179412,0.0929604736981769,10_sp_aij_29,10488077,0.1,10,4439,8,50,even
304,2.4242424242424243,0.2411708045324399,0.1101450491591493,0.0463540710873769,0.164883652789788,0.0627108327389934,0.1116310864118549,0.1375684073389732,0.28116895647901,0.0285010360342734,0.089068229470074,10_sp_aij_29,10488077,0.1,10,4439,8,50,even
305,3.0303030303030303,0.3225842096187519,0.1904071585051862,0.0449834920859235,0.2223560081517956,0.0716842774454992,0.1356177908679539,0.1757700345263129,0.2969334922339053,0.0430694156624189,0.1112652661805998,10_sp_aij_29,10488077,0.1,10,4439,8,50,even
306,3.6363636363636367,0.5097698997824658,0.229483623412152,0.0547247820513061,0.3077911102015733,0.0731870692113798,0.1600863572037693,0.1853584420182641,0.2695491054196572,0.0510646830303462,0.1106442370433801,10_sp_aij_29,10488077,0.1,10,4439,8,50,even
307,4.242424242424242,0.5622832250173324,0.2836557264380409,0.0752025034222468,0.3599798131198186,0.0741522853585716,0.1555671645322378,0.1835744450242018,0.3108435012884401,0.0790516209002409,0.0986264016723179,10_sp_aij_29,10488077,0.1,10,4439,8,50,even
308,4.848484848484849,0.6428012383467365,0.3032866564724299,0.0945315901254699,0.3444277934913872,0.073818497238773,0.1969449608140359,0.1819378368932404,0.3479503928114688,0.107278172597151,0.096159634545129,10_sp_aij_29,10488077,0.1,10,4439,8,50,even
309,5.454545454545455,0.6504836729764008,0.3027148794914376,0.0974596772375914,0.414935246517953,0.0826899699831398,0.2209527627380941,0.1692252618013524,0.3270592181134668,0.1464283672372378,0.0872001597243056,10_sp_aij_29,10488077,0.1,10,4439,8,50,even
310,6.0606060606060606,0.6119135580438718,0.2784090142549393,0.1482173162450281,0.3072126665749294,0.0649932110693545,0.2672087324777544,0.1642131331387944,0.3325449234338952,0.1275937975985839,0.0737643586944407,10_sp_aij_29,10488077,0.1,10,4439,8,50,even
311,6.666666666666667,0.5672276075323655,0.2654412000941858,0.1277329039209464,0.3041756475639723,0.051415943108023,0.2785326473938899,0.1207397975951515,0.4051290252065714,0.1170113771643133,0.0846590686556404,10_sp_aij_29,10488077,0.1,10,4439,8,50,even
312,7.272727272727273,0.4598599592375886,0.3028894913104665,0.1302916792437472,0.2610640579202717,0.0531568095322151,0.2189339296249319,0.1417491767761347,0.3369070725768242,0.1223925020160017,0.0913802401451684,10_sp_aij_29,10488077,0.1,10,4439,8,50,even
313,7.878787878787879,0.4546782510920822,0.2542890588447233,0.1248146890235815,0.2694543959969009,0.0391542090670273,0.2376080994732907,0.1461125424763977,0.3279706502371152,0.1567180006389089,0.0919127685819975,10_sp_aij_29,10488077,0.1,10,4439,8,50,even
314,8.484848484848484,0.5005504409783895,0.2322774800141128,0.1190164647082639,0.3134826367178724,0.0365030681613243,0.2125012837835724,0.1487768304489466,0.3507152193415413,0.1768743124853493,0.1136126422304432,10_sp_aij_29,10488077,0.1,10,4439,8,50,even
315,9.090909090909092,0.5563692440095086,0.2887260121172932,0.133649564394609,0.3929993898711466,0.0334211472215475,0.2422324403622608,0.1177572307715383,0.316140267476432,0.1520889514319804,0.1131635307513594,10_sp_aij_29,10488077,0.1,10,4439,8,50,even
316,9.696969696969695,0.6593431627085762,0.3708123347873622,0.1311737806344305,0.4146754125545986,0.0388635269274405,0.2622332097825226,0.0873398694752609,0.3713857982006645,0.1462875693350864,0.1064371284128399,10_sp_aij_29,10488077,0.1,10,4439,8,50,even
317,10.303030303030305,0.5298240055564923,0.3486171935569649,0.2039911857635184,0.4047104240789841,0.0361887388539536,0.1975064205587844,0.0896548426726966,0.3083912849041907,0.1455157962560334,0.0814962606279041,10_sp_aij_29,10488077,0.1,10,4439,8,50,even
318,10.90909090909091,0.6674578894078635,0.3776188032520935,0.1783521652469222,0.4391020522479479,0.0351117869366766,0.2087479394355072,0.0891848362003374,0.2890990233886715,0.1217446928499701,0.0822445453283492,10_sp_aij_29,10488077,0.1,10,4439,8,50,even
319,11.515151515151516,0.5367265995457896,0.3661725689122359,0.1792569602352605,0.4967697972431376,0.0392856157704531,0.2368442769792005,0.0991956583216113,0.299028374396672,0.08673154347537,0.1013179272516766,10_sp_aij_29,10488077,0.1,10,4439,8,50,even
320,12.12121212121212,0.5136312789255351,0.4248505271233336,0.1818169419515179,0.4140128140246759,0.0412994876441518,0.2332752830948761,0.1032118110580311,0.259576661271823,0.092485359655378,0.1035784634416303,10_sp_aij_29,10488077,0.1,10,4439,8,50,even
321,12.727272727272728,0.4378597056365576,0.3763071654067956,0.1734816288338019,0.4147145476307826,0.0455047183384648,0.2380037162847063,0.1215553052933146,0.394322379780793,0.0999038115537647,0.0922528993483162,10_sp_aij_29,10488077,0.1,10,4439,8,50,even
322,13.333333333333334,0.4922090263760522,0.3205008555372235,0.1965230622327717,0.3933539147357742,0.0638365927890035,0.1810848522822518,0.1095991088282112,0.3403420728039246,0.0943395175305584,0.087513084456578,10_sp_aij_29,10488077,0.1,10,4439,8,50,even
323,13.93939393939394,0.4645226291725451,0.3050310075031556,0.1902240949339804,0.4083530431719562,0.0890491988499071,0.2113543970657914,0.1340107999902049,0.3596900252092268,0.1253618446005568,0.0993300575590334,10_sp_aij_29,10488077,0.1,10,4439,8,50,even
324,14.545454545454549,0.5860594178601187,0.229272824458399,0.2024911487386909,0.4605692815889515,0.0808535010257655,0.1821969754666609,0.1289823942293205,0.3568787911989439,0.1376990355186297,0.0973990611812584,10_sp_aij_29,10488077,0.1,10,4439,8,50,even
325,15.151515151515152,0.555970251301042,0.387206147722709,0.2091882076124614,0.4523418609227198,0.0807896417513752,0.1845034668154151,0.1115406419296005,0.29115814286582,0.1435648185645681,0.1159448899550166,10_sp_aij_29,10488077,0.1,10,4439,8,50,even
326,15.757575757575758,0.6232963638088347,0.4537378370328029,0.2503899600621737,0.3871149930082804,0.1030831333710168,0.172973657762992,0.1179162969494304,0.2942767648819953,0.1064468991967604,0.1112960578561655,10_sp_aij_29,10488077,0.1,10,4439,8,50,even
327,16.363636363636363,0.6048016709848225,0.4490126597462343,0.2630614395300936,0.3878105914485167,0.0911956443988103,0.2288828596669567,0.1540911630877706,0.291413291652376,0.1463858123807333,0.1312455815053491,10_sp_aij_29,10488077,0.1,10,4439,8,50,even
328,16.96969696969697,0.5055049241864211,0.4756462161845456,0.2370453219626895,0.4276447814111737,0.0876274770189979,0.2282978751782906,0.1357307776751448,0.3199696158633706,0.0980114831139934,0.1252900261757769,10_sp_aij_29,10488077,0.1,10,4439,8,50,even
329,17.575757575757578,0.5927458890036034,0.290011066042059,0.1763315480858032,0.4325147423005126,0.1001205580259269,0.1626263611600561,0.1493913075498624,0.3290794834464908,0.1024877586096591,0.1174129108926851,10_sp_aij_29,10488077,0.1,10,4439,8,50,even
330,18.181818181818183,0.6906958227652683,0.3223256244236482,0.1597678684527796,0.339029191510044,0.0903640613868257,0.1368319660839099,0.1481072558972791,0.40157832909141,0.1215367816572541,0.1114888922878884,10_sp_aij_29,10488077,0.1,10,4439,8,50,even
331,18.78787878787879,0.6785208025152393,0.2994890137527496,0.1578560066244622,0.40841691797809,0.0952303344773626,0.1810526002169037,0.142757430659096,0.3523932050680128,0.1359251504298945,0.0934809746139969,10_sp_aij_29,10488077,0.1,10,4439,8,50,even
332,19.393939393939394,0.5126666366256277,0.3363332649643855,0.1496133905326572,0.3601922137400407,0.0955002836121042,0.1628904257857606,0.1549361042308927,0.2044073522367256,0.168729667606791,0.0813114909934287,10_sp_aij_29,10488077,0.1,10,4439,8,50,even
333,20.0,0.5797411637621982,0.2940335908489031,0.1262427522813635,0.3990427356108289,0.0900252091217803,0.1552070472796668,0.1583808762304924,0.2660712966012593,0.1558973742327001,0.0619128008502744,10_sp_aij_29,10488077,0.1,10,4439,8,50,even
334,20.60606060606061,0.4808834333026072,0.3087367016041333,0.1501010357634938,0.3502160537382756,0.085489393240698,0.1740649637516653,0.1770123493016761,0.2514943404104828,0.1800181696630774,0.0571764019497929,10_sp_aij_29,10488077,0.1,10,4439,8,50,even
335,21.21212121212121,0.6713227840138412,0.2926896999796091,0.1252722075289691,0.3505229281696853,0.0700542483805452,0.1882301901710601,0.1422069187215783,0.2341076382512198,0.1985271879386061,0.0695839146551356,10_sp_aij_29,10488077,0.1,10,4439,8,50,even
336,21.81818181818182,0.6060273996233402,0.3328316539979897,0.1421908768379945,0.434284991311694,0.0692728591578964,0.2296288970350663,0.1537467833418795,0.2830161300544473,0.2212305626037079,0.060981391211757,10_sp_aij_29,10488077,0.1,10,4439,8,50,even
337,22.424242424242426,0.7631204856499917,0.3607293638045449,0.2021728957687573,0.3899024011511443,0.0417317910507712,0.2286888154161174,0.1477217736013526,0.3407319916386633,0.2714243260582827,0.0715789294739533,10_sp_aij_29,10488077,0.1,10,4439,8,50,even
338,23.03030303030303,0.5662006800553184,0.3355056516525225,0.1778019531177362,0.4502888553761655,0.0446879795521677,0.2406727727528165,0.1045403989363063,0.3456084658512006,0.2256690253445624,0.0640732302592001,10_sp_aij_29,10488077,0.1,10,4439,8,50,even
339,23.63636363636364,0.6122526486268245,0.3518740929272809,0.1700602899064401,0.4232069208956427,0.0371864669569379,0.2727185355171572,0.1082648930687532,0.3155841110044911,0.2283346606932427,0.0745376372214999,10_sp_aij_29,10488077,0.1,10,4439,8,50,even
340,24.24242424242424,0.5470017114225161,0.302313304261942,0.2033654540824503,0.4995314903971435,0.0300738114596268,0.2787585963400019,0.1120891951164917,0.2634346826508721,0.1852771871972047,0.0750492319758249,10_sp_aij_29,10488077,0.1,10,4439,8,50,even
341,24.848484848484848,0.5594434433778007,0.2900382155592165,0.2244377177556331,0.4332111892419987,0.0320033130353147,0.195142837967566,0.1182443708070812,0.2214278973438115,0.1774117435892647,0.0874394615321359,10_sp_aij_29,10488077,0.1,10,4439,8,50,even
342,25.454545454545457,0.466542469664683,0.2989398428219697,0.2249496599973257,0.38192197313505,0.0336662603658979,0.1563980802395145,0.1026950995557395,0.2803638174130759,0.1490242199211854,0.1388807913341169,10_sp_aij_29,10488077,0.1,10,4439,8,50,even
343,26.060606060606062,0.5174598065133164,0.2845502518600827,0.2060361388084595,0.4354928027841429,0.0335717810686307,0.1860490832645095,0.1262895874093003,0.2942572020545901,0.1374743783865188,0.1359258152095941,10_sp_aij_29,10488077,0.1,10,4439,8,50,even
344,26.666666666666668,0.4431909397804024,0.2395745965458693,0.1860322493204616,0.4130182306712628,0.0458893893044224,0.1835714471976542,0.1157380854644449,0.2907709873730067,0.1271010152057953,0.1374820484955088,10_sp_aij_29,10488077,0.1,10,4439,8,50,even
345,27.272727272727277,0.5313280633196169,0.2479602918446776,0.1926202645691233,0.3927602252304499,0.049646106775619,0.176805727203526,0.1221458754359612,0.363717476788298,0.1035018193004059,0.1300683582019513,10_sp_aij_29,10488077,0.1,10,4439,8,50,even
346,27.87878787878788,0.4989663215098599,0.2476815111186311,0.1719701967174943,0.4001599078750047,0.0576534476531434,0.1728671584454462,0.11788027516142,0.3359775088719945,0.1093750980609206,0.1230925089923078,10_sp_aij_29,10488077,0.1,10,4439,8,50,even
347,28.484848484848484,0.5610967444886187,0.2346780114249046,0.1626337322603309,0.3607841004086052,0.0564687282437186,0.1605307632533318,0.1184810119923844,0.2765266749078606,0.1186679072774866,0.1649510980434095,10_sp_aij_29,10488077,0.1,10,4439,8,50,even
348,29.090909090909093,0.567764363637197,0.2672256489474054,0.1770866776627803,0.3654884046414144,0.0582337979769067,0.1614888548163008,0.1083043052034277,0.3808297131175732,0.157951757034343,0.1372578375345685,10_sp_aij_29,10488077,0.1,10,4439,8,50,even
349,30.0,0.5628272269881522,0.2671193053928529,0.1495885679122956,0.3667517362574715,0.0700674561266052,0.2317199967096436,0.1233893900240016,0.3689222573461184,0.12520681891309,0.14041069510595,10_sp_aij_29,10488077,0.1,10,4439,8,50,even
350,0.0,0.09,0.09,0.01,0.03,0.06,0.06,0.03,0.08,0.07,0.05,10_sp_aij_29,12733201,0.1,10,4439,8,50,even
351,0.6060606060606061,0.1132528962385283,0.084334205907154,0.0092668362482698,0.0561782310806125,0.076671088419061,0.0719162777456784,0.0343703202683215,0.1387724681560698,0.0855061608679913,0.048753231458397,10_sp_aij_29,12733201,0.1,10,4439,8,50,even
352,1.2121212121212122,0.1773506162742621,0.1016016265699307,0.0106242408424841,0.0900108671320614,0.0930013345883498,0.1069471408255781,0.0563540389873387,0.1872003561013806,0.1053996903660646,0.0583581726237166,10_sp_aij_29,12733201,0.1,10,4439,8,50,even
353,1.8181818181818183,0.3782329742821672,0.1198500042713808,0.0134692755844838,0.1854708144925691,0.0801451021257537,0.1110033189099921,0.0720676319583671,0.2867352968458464,0.1308346206025116,0.0567037581958878,10_sp_aij_29,12733201,0.1,10,4439,8,50,even
354,2.4242424242424243,0.4618830739755913,0.1390400811644499,0.0158703396029383,0.2820812571170154,0.0890276113798098,0.1524510600484415,0.0808425939869043,0.3265022684877728,0.1873807807206815,0.0691197218550058,10_sp_aij_29,12733201,0.1,10,4439,8,50,even
355,3.0303030303030303,0.6016906644377011,0.1590465955655539,0.0185035355923056,0.3081135717056213,0.0704054962107812,0.202192264639085,0.0920244043888088,0.3394063286651689,0.1832991473467986,0.0693934415479392,10_sp_aij_29,12733201,0.1,10,4439,8,50,even
356,3.6363636363636367,0.5527342257358394,0.2043768414041361,0.0272152715476638,0.3246359268915528,0.0585285527654866,0.2037983693871144,0.0951482545736668,0.2913190722948858,0.2280092128784351,0.060380551499048,10_sp_aij_29,12733201,0.1,10,4439,8,50,even
357,4.242424242424242,0.6942353188180499,0.2182909120461275,0.0414799065128241,0.3612157870680783,0.0537884078872012,0.244764119166839,0.1215492481052079,0.2680044493253913,0.2254116616792468,0.0580782256461504,10_sp_aij_29,12733201,0.1,10,4439,8,50,even
358,4.848484848484849,0.6643972861044107,0.2203314576529108,0.0465281116239862,0.418850667291257,0.0583894402466266,0.1997988616455732,0.0982856615608418,0.2649574240072284,0.2396320582045586,0.0503853728910527,10_sp_aij_29,12733201,0.1,10,4439,8,50,even
359,5.454545454545455,0.5569166779391143,0.3014221628369292,0.0702458448614006,0.3488747825591629,0.046162291235291,0.2234032561802018,0.1037402237599131,0.2619118681235323,0.2224130834554521,0.0533779683874492,10_sp_aij_29,12733201,0.1,10,4439,8,50,even
360,6.0606060606060606,0.5891736285803356,0.2803592515354924,0.1289658280040403,0.3671277375488747,0.0488649389375333,0.2542474613562775,0.0958156464283657,0.3197593906621523,0.2257894929084017,0.0529211533855999,10_sp_aij_29,12733201,0.1,10,4439,8,50,even
361,6.666666666666667,0.6278598063045336,0.380074925680481,0.1508088114640035,0.4315945382074051,0.047963072365199,0.2700142831615907,0.0998969363882716,0.3495347632654392,0.2094993232390503,0.0473733050179051,10_sp_aij_29,12733201,0.1,10,4439,8,50,even
362,7.272727272727273,0.5980768740869675,0.4072485201533111,0.1568992801905289,0.4013022396275004,0.0490844382023447,0.2554669374879911,0.1173881770088238,0.3097137207217547,0.1965965879128954,0.0412087626796284,10_sp_aij_29,12733201,0.1,10,4439,8,50,even
363,7.878787878787879,0.5839777517334398,0.3900944010081655,0.1727938322475876,0.3334764176170549,0.046372421181037,0.221117098498869,0.1148440142973305,0.2719620332990287,0.2430743158959324,0.0406249448132281,10_sp_aij_29,12733201,0.1,10,4439,8,50,even
364,8.484848484848484,0.5840650840920647,0.3022204462402775,0.1686709930562033,0.4300380591109537,0.0394899138719799,0.2352157515358817,0.1084141850266943,0.3496614278585304,0.1836333776706445,0.0457329517765783,10_sp_aij_29,12733201,0.1,10,4439,8,50,even
365,9.090909090909092,0.5080554409055016,0.3116861044496489,0.2024401174429909,0.4943741382929764,0.0454614163684912,0.2069673724633995,0.1137875320038432,0.317905356328465,0.1578991654186768,0.0565692249532234,10_sp_aij_29,12733201,0.1,10,4439,8,50,even
366,9.696969696969695,0.4202559382183174,0.3407558184568242,0.2027295268484264,0.4022730873739986,0.0443266408767493,0.1691807067576536,0.102051852387887,0.3387167449352216,0.1070669131149129,0.089254215910907,10_sp_aij_29,12733201,0.1,10,4439,8,50,even
367,10.303030303030305,0.4539370001307941,0.2797972646694733,0.1866511240734627,0.3286608127752256,0.0501963734316698,0.1698092650045135,0.1067027779248932,0.3224844090880064,0.0996226602467229,0.0906164180051162,10_sp_aij_29,12733201,0.1,10,4439,8,50,even
368,10.90909090909091,0.4886768815679865,0.2677981745871215,0.178150141188253,0.3735320718953649,0.0602170366620241,0.1765150338923207,0.1319700616155571,0.3958597657964009,0.1109709170784921,0.0867755055855946,10_sp_aij_29,12733201,0.1,10,4439,8,50,even
369,11.515151515151516,0.5355203218555136,0.2669552897009087,0.1708226112915567,0.4333700865756197,0.0732219624781992,0.1897225068995203,0.1336357546842194,0.3594330925429306,0.1055775560344365,0.0979218053659996,10_sp_aij_29,12733201,0.1,10,4439,8,50,even
370,12.12121212121212,0.4708350885101435,0.3030408711942304,0.2168886020265341,0.3707341644489579,0.0766293500537012,0.1818756285587348,0.1079215157767616,0.3593714238370602,0.1100975816296533,0.1038833164916098,10_sp_aij_29,12733201,0.1,10,4439,8,50,even
371,12.727272727272728,0.4480727855610972,0.2844090054121004,0.1667480796749305,0.3844468091678188,0.0734198134396817,0.2258260636904344,0.0976243341976608,0.3219198995057559,0.0951377150751729,0.1088275663565304,10_sp_aij_29,12733201,0.1,10,4439,8,50,even
372,13.333333333333334,0.561816750340902,0.2297341130386582,0.1690508103810741,0.3214290736279565,0.0774339596010029,0.1983237150406369,0.0997356726312566,0.3351738714622064,0.0957030236895947,0.1322509817063777,10_sp_aij_29,12733201,0.1,10,4439,8,50,even
373,13.93939393939394,0.6501012821631323,0.3210374449454296,0.1206371069620303,0.3321584497710294,0.083535350479031,0.2358293221489053,0.1220345045833974,0.3189270081906165,0.0812968669403581,0.1170864718326404,10_sp_aij_29,12733201,0.1,10,4439,8,50,even
374,14.545454545454549,0.6063803990906006,0.2854923007215887,0.111116916729295,0.340071846044906,0.0794039688555844,0.2693993537522821,0.1331204899741001,0.245454451223842,0.0983553394780453,0.1249814601066033,10_sp_aij_29,12733201,0.1,10,4439,8,50,even
375,15.151515151515152,0.6428234064880195,0.3199273120265422,0.124109191981733,0.2767632762260799,0.0845157546910696,0.2597770296734655,0.1470818543520442,0.252804560197661,0.1282664773454017,0.0857857452529638,10_sp_aij_29,12733201,0.1,10,4439,8,50,even
376,15.757575757575758,0.5288765296476069,0.3635389062328889,0.1355407532371671,0.3530124463824166,0.0674828195686733,0.2227310544681608,0.1488767142864723,0.3418104916690079,0.1462811522635948,0.0880570138320142,10_sp_aij_29,12733201,0.1,10,4439,8,50,even
377,16.363636363636363,0.5613211234775751,0.3410953416380515,0.1150610554852367,0.4010171570268026,0.0578750777199898,0.2018508600790163,0.1865344486384419,0.2489937219162386,0.1373961804916846,0.077044513500335,10_sp_aij_29,12733201,0.1,10,4439,8,50,even
378,16.96969696969697,0.5463001476976798,0.3617298585882993,0.13100850659837,0.2979802751043793,0.0438537323135305,0.1800841168249993,0.1392114858560547,0.2713219922619169,0.1741808014149803,0.0722864710216026,10_sp_aij_29,12733201,0.1,10,4439,8,50,even
379,17.575757575757578,0.6502794544780577,0.2970244659463508,0.1668731380627413,0.3430441028795601,0.0411144048964555,0.1570699965893017,0.1297645609597857,0.2937838333196952,0.2138919924499835,0.0873013770272895,10_sp_aij_29,12733201,0.1,10,4439,8,50,even
380,18.181818181818183,0.4802529106990127,0.2683335033956655,0.1806713468341399,0.4435735980428934,0.0428151544623094,0.188259845974012,0.134041360864946,0.2945328211209341,0.2314218825233775,0.0806616843391846,10_sp_aij_29,12733201,0.1,10,4439,8,50,even
381,18.78787878787879,0.4714881832024986,0.3114685059007717,0.1649892728086033,0.4140802717469464,0.0384453748563501,0.1811687290689739,0.1263628129427866,0.2469585294588316,0.1719223272212539,0.1048393521947984,10_sp_aij_29,12733201,0.1,10,4439,8,50,even
382,19.393939393939394,0.5168255454093719,0.2902559658399273,0.202413259835908,0.3411693757143026,0.0381363982959313,0.1544812855917104,0.1175242078515325,0.1949441343860877,0.1800470286767541,0.1056935796478006,10_sp_aij_29,12733201,0.1,10,4439,8,50,even
383,20.0,0.5090974328857661,0.2811344874934174,0.1849045574992743,0.354684039933992,0.0503899576273071,0.1520292941060536,0.131867001985952,0.2914812206978828,0.1381354705853131,0.0987664257840564,10_sp_aij_29,12733201,0.1,10,4439,8,50,even
384,20.60606060606061,0.4831400485984688,0.2787788110393897,0.1963270956128408,0.4436979978698762,0.0556349234780882,0.1425110385914418,0.146705185512606,0.2916838436295288,0.1190883307810866,0.080962605464696,10_sp_aij_29,12733201,0.1,10,4439,8,50,even
385,21.21212121212121,0.3996806832182416,0.273699361413723,0.1929847066740407,0.3097516090076608,0.0737433638073335,0.1678745973278479,0.13731978137372,0.3488477525570675,0.1047060551152974,0.1014689682502812,10_sp_aij_29,12733201,0.1,10,4439,8,50,even
386,21.81818181818182,0.4004777938609271,0.2111364330673008,0.2096690431861177,0.3172049393150687,0.0746122863228337,0.1829007849189247,0.1322761345099102,0.3478926408254827,0.1231128739338148,0.1160037634652831,10_sp_aij_29,12733201,0.1,10,4439,8,50,even
387,22.424242424242426,0.5777726725302116,0.2430897984938217,0.1994803609419445,0.3139758468290244,0.0894818407982915,0.2119994922105904,0.1839293800012136,0.40374146399317,0.1243317184044809,0.1203011688902799,10_sp_aij_29,12733201,0.1,10,4439,8,50,even
388,23.03030303030303,0.4942866016245371,0.2609034020290132,0.1988407261460801,0.334197626046313,0.0825699505579138,0.228176352036325,0.1783838878013091,0.3535372726673188,0.1211309725387647,0.1462799629943154,10_sp_aij_29,12733201,0.1,10,4439,8,50,even
389,23.63636363636364,0.5155614729002203,0.2348311412724908,0.1739616710797348,0.3551564405999137,0.0866673894576511,0.1931254491375691,0.221299217767132,0.3569106791840639,0.1094193091396327,0.1671179048956507,10_sp_aij_29,12733201,0.1,10,4439,8,50,even
390,24.24242424242424,0.5311017937034542,0.3133142190467038,0.2098072820243873,0.3160269961718924,0.0976935778378608,0.1688560332612839,0.2184060499681116,0.3808640290837498,0.1255335832595808,0.1495241017430139,10_sp_aij_29,12733201,0.1,10,4439,8,50,even
391,24.848484848484848,0.5449443253892541,0.3047544785019023,0.1655218129881744,0.3099858406795173,0.1022399411848123,0.1628557565001933,0.2197287351245418,0.4161080387482205,0.1349010549186503,0.1424247211204842,10_sp_aij_29,12733201,0.1,10,4439,8,50,even
392,25.454545454545457,0.5122463238368626,0.3442762054143459,0.1624741475220411,0.3046040417125872,0.1006482949358846,0.2209378815663545,0.1779570015328282,0.3651397075674659,0.1726618201544486,0.1451453598824734,10_sp_aij_29,12733201,0.1,10,4439,8,50,even
393,26.060606060606062,0.5990800906855072,0.3397398631628375,0.1267317330315828,0.3626202480780229,0.1007321491787619,0.2113741466806886,0.1341445593420761,0.3571351296677088,0.1681584022389095,0.1280121787094716,10_sp_aij_29,12733201,0.1,10,4439,8,50,even
394,26.666666666666668,0.6481278356350723,0.34454945942677,0.1510378981515899,0.2940750425801014,0.0943088730900446,0.2387858387065688,0.1333426580929318,0.3017008833996076,0.1425573837674431,0.127073920035578,10_sp_aij_29,12733201,0.1,10,4439,8,50,even
395,27.272727272727277,0.5400106404932828,0.3226940219806948,0.1633097486958106,0.4139938850669082,0.0678221416084461,0.2481942735487375,0.1360012134571901,0.2978708304972795,0.164166207369806,0.1226051096494229,10_sp_aij_29,12733201,0.1,10,4439,8,50,even
396,27.87878787878788,0.5125675864057434,0.3306572237826,0.1547890812227853,0.4418723101460983,0.0657969885516516,0.2375504436993127,0.12616929573215,0.3198368409421551,0.1347743155428182,0.1079126643363064,10_sp_aij_29,12733201,0.1,10,4439,8,50,even
397,28.484848484848484,0.6769575494538812,0.366008993581742,0.1639394599215269,0.442102620141249,0.0533973302729829,0.1679833911922405,0.1174791849526812,0.3561028795867896,0.1266674425030997,0.1104142888875848,10_sp_aij_29,12733201,0.1,10,4439,8,50,even
398,29.090909090909093,0.7104801907606184,0.3253229140610122,0.1643307017748568,0.406584127392686,0.0539903728284833,0.1664262152467234,0.1154442619384693,0.2376311954741975,0.1470611360412496,0.100392113720597,10_sp_aij_29,12733201,0.1,10,4439,8,50,even
399,30.0,0.5804460330683644,0.2998986299050079,0.2526598484434335,0.3940250379176951,0.0529699545612703,0.2090241255601913,0.1121478705495897,0.2672386592089709,0.1970020511608534,0.1221544274696556,10_sp_aij_29,12733201,0.1,10,4439,8,50,even
